261.7296876054994	12.476310450860481	0.6195100123686634971188	47.7783224442423	20.280547502233	34492.54335899047
269.4055962745393	12.455913434054397	0.6507618956617639058125	44.1323025762397	19.036854078048	27223.989314423237
276.72287937272495	12.44007874865073	0.6805989995015078852438	41.0500470093851	17.950843810322	21899.566727302976
283.69870404461176	12.427987651584534	0.7091506940972858324001	38.4108770169105	16.993323631309	17905.564111345273
290.3264756886116	12.418360693052165	0.736543164562457681772	36.1250132234151	16.141618036339	14846.31036459905
296.5716568394774	12.410726545412736	0.7629023461389193831358	34.1242568425179	15.377776244827	12459.034412926363
302.37346995694344	12.404654016039892	0.7883466450687651679434	32.3564948035799	14.687604890297	10565.313778147105
307.6977800217818	12.399843232704152	0.8130106410978204399133	30.779914734439	14.059187495777	9039.813974048062
312.5548311003268	12.39615482447798	0.8370204730357275201976	29.3618414932923	13.482938668871	7794.026852066304
316.9984994001083	12.39344334982102	0.8604646830288430949494	28.0779067068658	12.951693893513	6765.336959167821
321.11246882335183	12.391696516404716	0.883430913848124608706	26.9080387100154	12.45936844358	5907.146459864642
324.97287906137774	12.390812861244735	0.9059474642285656660333	25.8382012586911	12.00189535823	5186.031477831171
328.64772908651815	12.390742078310605	0.9280661395161786545169	24.8553126327209	11.575229738108	4575.325984067828
332.18020221677125	12.39136459053991	0.9497922323695475360641	23.9500699526008	11.176649108906	4055.30245261584
335.5982255806876	12.392631612945376	0.9711342609571425581257	23.1142025124056	10.803648596599	3610.114137625941
338.9166332901087	12.394419530297366	0.9921003482231921507292	22.3404931780513	10.453988020992	3227.0417439587527
342.14054098195624	12.396693070022314	1.012699614283518217223	21.6225912108906	10.125646267936	2895.7991413511554
345.26897586087966	12.399379416474384	1.032945846722366794853	20.9547851780996	9.816746176287	2607.9768126892795
348.2934906048384	12.402488661903785	1.052830190029149977296	20.3327687427796	9.525935422591	2356.998757984521
351.210670664623	12.405827085245761	1.072386552459643710951	19.75147400154715	9.25140110485	2136.9602437554295
354.0134116692692	12.409397404360273	1.091621565753500726374	19.20724066496302	8.991895413129	1943.3185556649014
356.69639673979367	12.413197458644966	1.110539993630584356976	18.69687475594167	8.746317764755	1772.3133607525344
359.2598072956073	12.417234625330256	1.129166791652320379179	18.21702498379195	8.513424708566	1620.6431848058899
361.7032782267105	12.421436989533623	1.147503409477610105842	17.76529776070022	8.292378274274	1485.732168715757
364.03298968856814	12.425789155928026	1.165582094505294297425	17.33882893111762	8.082060862354	1365.201312487186
366.2544771961141	12.430299485153249	1.183416447225082003575	16.93549320379772	7.881672199933	1257.174959830727
368.3723492162662	12.43494525582798	1.201002298787309731313	16.55375826324407	7.690672451697	1160.1543894941155
370.3945062881371	12.439717263762933	1.218354268370367613309	16.19183713405306	7.508365647565	1072.7531592265777
372.32977450712104	12.44464330623019	1.235493584830081795475	15.84798672133279	7.334048363983	993.7582681187446
374.18470846904665	12.449606845059698	1.252421478298154559656	15.52101448492666	7.16727262734	922.2163519277531
375.9661085932601	12.45472601776126	1.269142361502158559517	15.20976785713051	7.007590629328	857.2853123559404
377.6807841326737	12.459885038339838	1.28566356884411930817	14.91313780690922	6.854560333958	798.221968037704
379.3353523431716	12.46513019191231	1.301994546204449828481	14.63007282885947	6.707752951603	744.3728196671432
380.936078147139	12.470476391218702	1.318145785653932795248	14.35959293062681	6.566762109789	695.1655866105716
382.48624769484627	12.475873999156216	1.334101676967817936448	14.10121556315438	6.431429679352	650.1717833961261
383.99094137104214	12.481309939198571	1.349868260322483331026	13.85414517458811	6.301424514564	608.9504902528388
385.4574652488782	12.4867983064545	1.365479898831382976593	13.61722562692216	6.17621383471	571.0478138985287
386.88526062837286	12.492305045349655	1.38089118024130395005	13.39056409304743	6.055923860382	536.2480430968147
388.28205340026153	12.497878389409573	1.396148339686351930423	13.17293861732104	5.939969657241	504.15648723024555
388.28205340026153	12.497878389409573	1.396148339686351930423	13.17293861732104	5.939969657241	504.15648723024555
388.62560388992966	12.49926652351318	1.399925810981168645764	13.12006523654777	5.911730195955	496.55242538852303
388.9691543795978	12.500712509569563	1.403712301816010600373	13.06745897989106	5.8836069175568	489.06088602703653
389.3092460178832	12.502106914911751	1.407469101933907282496	13.01565022757345	5.8558845208629	481.7548634233712
389.64811616552146	12.503464593676698	1.411220755266592702713	12.96429124162992	5.8283779195898	474.5824325722982
389.98693508958297	12.504866459711188	1.414979410539606802242	12.91321235626451	5.8009965178341	467.5180924619467
390.3213971290051	12.506307011989227	1.41869698896113808612	12.86305806483202	5.7740867873236	460.64827597139964
390.6558591684272	12.507726684707823	1.422421554988920560925	12.81317117705942	5.7472970829285	453.88031208733383
390.9893132638223	12.50913742922711	1.42614107665198073615	12.76370946183975	5.7207127424879	447.2339882188276
391.3196370570143	12.510493516244468	1.429831830842694989787	12.71498016770805	5.694499530149	440.7480672743442
391.64996085020636	12.511965240959636	1.433528239372959861851	12.66652211341122	5.6684100557793	434.35902228516824
391.9785969112701	12.513360541684774	1.437210674292886445349	12.61858776297903	5.642581235206	428.0984066869584
392.30504983083335	12.514765177359077	1.44087367051239329013	12.5712406040292	5.617047674225	421.9721953942123
392.63150275039663	12.516183882072646	1.444541040471477622503	12.52416757310352	5.5916410993489	415.93806783315057
392.9558273330506	12.517587172691103	1.448188240133124572759	12.47767816002331	5.5665294829314	410.03395175104794
393.27867419404487	12.518991593266472	1.451822718696899567111	12.43167010703271	5.5416580553413	404.24472823705486
393.6015210550392	12.52040677246867	1.455460346297983835536	12.38593802707988	5.5169165435573	398.54303199865836
393.92200192986	12.521813777655584	1.459073950284190506147	12.34081805314454	5.4924870873205	392.9689996833012
394.24150496681034	12.52322015747497	1.462679313605448288583	12.2961059549239	5.4682599170152	387.4954728960398
394.5610080037607	12.52463037610391	1.466286658118472731542	12.25167101912201	5.44416503855	382.1051323133196
394.8780758260635	12.526025621755956	1.469868084584410551816	12.20785143396895	5.4203859505409	376.8372891864784
395.1944947110226	12.527439415428207	1.473443883612211033066	12.16439217702737	5.3967850228099	371.6595207533103
395.5109135959817	12.528843261256938	1.477020552830653020009	12.12121109917173	5.3733178995307	366.560806875188
395.82496375616637	12.530243707532783	1.48057099518388574148	12.07862920692133	5.3501601841663	361.57753097233797
396.13855565388286	12.5316506992322	1.484116915400301478917	12.03638032514779	5.3271671311857	356.67686032883205
396.4521475515993	12.533056063446528	1.487662650736797075874	11.99440945520782	5.3043094889569	351.8513221122722
396.76354217341384	12.534447758597222	1.491183079497313095606	11.95300860228935	5.2817466600971	347.1330175760524
397.0745618298326	12.535856600632197	1.494698926995069474092	11.91192809993353	5.2593431790785	342.4920002147766
397.38558148625134	12.537262712060924	1.498213588640720779431	11.87112515498354	5.2370761545139	337.9223922528887
397.69465154487773	12.538648427097863	1.501704758159171413971	11.83085364339605	5.2150845493188	333.45128088467646
398.00335140539033	12.54003778216243	1.505190445790854595974	11.79090035408193	5.1932523377582	329.0536118553773
398.3120512659028	12.541456544691204	1.508673998384474315443	11.75122361299448	5.1715573918096	324.7238285945852
398.6190988018067	12.542818635802059	1.512136457240451565223	11.71203481758969	5.1501154529592	320.4837480394465
398.9257291558621	12.544207936056305	1.51559199154047230405	11.67316829239402	5.1288365083946	316.3142053542096
399.23235950991756	12.54561697099633	1.519044490335259283607	11.63457702351675	5.1076952764633	312.20920865596054
399.537659918174	12.546979146701398	1.52247859507501538454	11.59642862068943	5.0867835761847	308.18544390557395
399.84246906705374	12.548421548902667	1.525904063689431270203	11.55860946362305	5.0660400896289	304.2298235278306
400.14727821593345	12.549797107839145	1.529325641678367006063	11.52106409341803	5.0454343781771	300.3355802119053
400.45108259421517	12.551179318720235	1.53273157277284159979	11.48391751529975	5.0250354933731	296.5146966479227
400.75431703896186	12.55255892001408	1.536127132221754928074	11.44710755099832	5.004809821123	292.75972164842324
401.0575514837086	12.553915573431421	1.539517988148795848786	11.41056938902287	4.9847220315807	289.0631489808864
401.36008902527215	12.555290063049728	1.542895767789929520947	11.37438971740084	4.9648200156866	285.4328442634314
401.6619936719374	12.556681761189862	1.546261633285574285924	11.33855168432259	4.945095084624	281.86615475381933
401.96389831860273	12.558056736711421	1.549622020439527823867	11.30298355337097	4.9255077257776	278.3550566814174
402.2653787394322	12.55943857606028	1.552971531946533449253	11.26773874910296	4.9060882140056	274.90404476228935
402.56619711896985	12.560811238313196	1.556307966584033030342	11.23283679673804	4.8868471782289	271.5141000970252
402.86701549850744	12.56217921601362	1.559638182323136490202	11.19820237126115	4.8677435474389	268.17709863047634
403.1676314901748	12.563548253998311	1.562959190024530280846	11.1638632818897	4.848793213492	264.89498791721184
403.4676059901169	12.564917889069482	1.566266495761410238565	11.12986265599672	4.830019786729	261.67103269139614
403.76758049005906	12.566268922324047	1.56956687225858790899	11.09612709503261	4.8113834770857	258.4975243003587
404.06751019220155	12.567634663651035	1.572859042163733620543	11.06266698481315	4.7928899453191	255.3747248972792
404.3668822989419	12.568990147103609	1.576137551031535006324	11.02953402771536	4.774568439839	252.30672810421862
404.6662544056822	12.570341114598852	1.579408446664728111479	10.99666398046137	4.7563833928699	249.2868329808533
404.96562651242255	12.571683267088748	1.582670951453088115986	10.96406158984066	4.7383379686829	246.31483744909934
405.2646744418319	12.573028710232435	1.585921433256277936081	10.93176009461724	4.7204506447625	243.3930728458466
405.5636849897193	12.57438470166559	1.58916322459891219327	10.89972321053661	4.7027015846376	240.5175818790291
405.86269553760667	12.575724177456152	1.592395977510366787036	10.86795146109541	4.685091375844	237.68778234030333
406.16162020117747	12.57706658487285	1.595618419289388532486	10.83645428841451	4.6676256314648	234.90389496093061
406.4605096266355	12.57840188956775	1.598831493767695607063	10.8052196813718	4.6502976962938	232.1642218039734
406.7593990520935	12.579731237552807	1.60203490154038945256	10.77424752575011	4.6331079701628	229.4681678673401
407.0583497671181	12.581048338821171	1.605228767807646334709	10.74353391258663	4.616054325621	226.81479244505275
407.3573583660068	12.58238396253079	1.608413517113852771221	10.71307182741046	4.5991333444799	224.20293968382657
407.65636696489554	12.583701201155057	1.611587986844962567039	10.68286988803541	4.5823496602972	221.63275851377665
407.9554887731327	12.585014592607097	1.614752726327626788316	10.65291980919722	4.5656992864189	219.1030131839093
408.2548569590178	12.586325975018907	1.617909539865868837942	10.62320218177615	4.5491713132729	216.6115226319963
408.55422514490283	12.58763662006036	1.621055472824396298327	10.59374203581932	4.5327801190802	214.15987900634826
408.8536613404413	12.588942709017713	1.624190537564616116828	10.56453659873842	4.5165241801507	211.74730536141647
409.153629901657	12.59026025594291	1.627319796687592608818	10.53553621604187	4.5003762035395	209.36923055207072
409.4535984628727	12.591550479938892	1.630437582417400869022	10.50679112670075	4.4843642045339	207.02928711419344
409.75356702408845	12.592848192230964	1.633543203846959052351	10.47830470668106	4.4684905164072	204.72725271694296
410.054303480135	12.594142373238231	1.63664451823194974044	10.45000275518667	4.45271377507	202.45667110931223
410.3551138335126	12.595431669522469	1.639734529111528045677	10.42194694203632	4.4370685275038	200.22205989671096
410.65592418689016	12.59671397966413	1.642811806097452268045	10.39414738618418	4.4215608070018	198.02374929667732
410.95750881385584	12.597996240442013	1.645883937812687733093	10.36653353210033	4.406151044408	195.85571015428883
411.5612976920426	12.600544882234866	1.651995808542968301808	10.31200591768015	4.3757067378222	191.6200707336564
411.86388489072436	12.601815483139275	1.655038296731150471147	10.28506303737204	4.3606561921655	189.54936506662682
412.16710682630526	12.603080060250806	1.65807377901556511154	10.25831395793759	4.3457090704273	187.5080097807025
412.47032876188615	12.604339354233044	1.661095393848121986971	10.23181690439866	4.3308979624777	185.50003705987035
412.7740815886505	12.605595512798779	1.664107848928047507059	10.20552823936704	4.3161985430262	183.52172301291296
413.078875779157	12.606848382413842	1.66711651638982703767	10.17939917547028	4.3015838769485	181.56907318740807
413.3836699696634	12.608095696975232	1.670110747077866992194	10.15352014496247	4.2871046797068	179.64848281147215
413.6887626758225	12.609336689265502	1.673092864352972162984	10.12786861588908	4.2727483728502	177.7578620747874
413.99537544533837	12.610577495668464	1.676074967123343461355	10.10233880468597	4.2584559830199	175.88911285336795
414.30198821485425	12.611811587773083	1.679042059046828848008	10.07705729184827	4.2442985305415	174.05118270284774
414.60860878065887	12.613038787802198	1.681993630886781853741	10.05202584657032	4.230276994245	172.24378040954926
414.9172882218722	12.614266842416741	1.684949375310688803846	10.02707579332935	4.2162972086842	170.45445451294796
415.22596766308544	12.61548708457556	1.687889528182140813851	10.00237256326786	4.2024518485324	168.69478483659083
415.5346471042987	12.616699863215864	1.69081352823702379385	9.97791816408454	4.1887422447665	166.96452295034794
415.84531647974893	12.617912737835907	1.693739997877940859861	9.95355523942623	4.1750803172412	165.2522576023759
416.156312639188	12.619120921922434	1.696653360708708984169	9.92941206518485	4.1615381090687	163.56674957355702
416.4673087986271	12.620318861731976	1.699550005818806421173	9.90551615739693	4.1481311196909	161.90955508539952
416.78018541683986	12.621517518821262	1.702447103027290633209	9.88172416352739	4.1347790735008	160.27045915880575
417.09375045952225	12.622713625239085	1.705333769042449827555	9.85812414763242	4.1215315101071	158.65529441720363
417.4073155022046	12.623896730142175	1.708203144364348846589	9.8347699924828	4.1084187173043	157.06741557624255
417.7226458364169	12.625078795357258	1.711070966663965315509	9.81153176035402	4.0953679780222	155.49772156518688
418.03903418686394	12.626258823831565	1.713930968215106751976	9.78845902906097	4.0824072183012	153.94934380205737
418.355422537311	12.627427751436665	1.716773097433651108773	9.76563084691931	4.0695809151032	152.42728596163357
418.673476831574	12.628600265257377	1.719611866785628435814	9.74292894130886	4.0568225848353	150.923387141347
418.992945287955	12.6297827673332	1.722445170387336563695	9.72036883471048	4.0441412741933	149.4384863799974
419.3124137443361	12.630941157317208	1.725260011165054677077	9.69805233402878	4.0315940163926	147.9789956112587
419.6334883523061	12.63206223454704	1.728070075578983570968	9.67586878436475	4.0191190971673	146.53743174087944
419.95629617027754	12.633240520249727	1.730876576878243453858	9.65380778546684	4.0067104212442	145.11292559817295
420.279103988249	12.634361962411727	1.733664016380535787895	9.63198929421181	3.9944356878848	143.71296915819843
420.60352362813217	12.635524090790117	1.736445849634440827729	9.61030607571381	3.9822347530495	142.33043827592826
420.92993257073823	12.63661734863257	1.739225368614657139451	9.58873163745544	3.9700925410075	140.96345074488016
421.25634151334435	12.637747741013115	1.741985219685445009646	9.56739884396564	3.9580841394132	139.620211583237
421.58446141497694	12.638886702141287	1.74473941702711835782	9.54619764690724	3.9461475564801	138.2935380549196
421.9147357647832	12.63997914957362	1.747491694377110026566	9.52509821538522	3.9342662539226	136.98140727932415
422.24501011458943	12.641111349177553	1.750223691536200871667	9.50423985004397	3.9225185247978	135.69225864308314
422.5772180306001	12.642188958883496	1.752950963697096495552	9.48350194500326	3.9108366615511	134.41840591098398
422.911624560049	12.643270753515122	1.75567565640349500916	9.46286740477223	3.8992109378448	133.15864858447816
423.2460310894979	12.644367759401394	1.758379452850110798733	9.44247308645965	3.8877188575807	131.92114265603803
423.58274913825096	12.645471491576437	1.761080616722384657085	9.42217986104286	3.8762817648323	130.6972195604084
423.9215570340637	12.646589157457356	1.763777295544889491187	9.40200060649875	3.8649072246963	129.48752874261868
424.2603649298766	12.647640820688489	1.766452461083825282664	9.38206121742597	3.853666064679	128.29938945376313
424.6020512335116	12.648712714389028	1.769128426123343860971	9.36219387897586	3.8424638473199	127.12262531235714
424.9455319708275	12.649737743746902	1.771796573044151366521	9.34246164952129	3.831336317503	125.96084210810331
425.2890127081434	12.65079830392452	1.774442593032623077227	9.32296864152078	3.8203421458424	124.81995528434211
425.6361627845859	12.651835201560084	1.777101001445344381876	9.30345972173924	3.8093374177254	123.68488808055922
425.9845899464356	12.65290894587028	1.779752501202831629033	9.28407618389618	3.7984019618717	122.56379512841796
426.33301710828533	12.653930145820278	1.782353836611916757972	9.26513139061498	3.787712631288	121.474487567832
426.697999415102	12.655019021555166	1.785007466430346899483	9.24587876478916	3.7768482021312	120.3739585407491
427.06473930215526	12.656042074542194	1.78761353511342151211	9.22704238708976	3.7662174065236	119.3035238163432
427.4356255454094	12.65703473855517	1.79018816552180635162	9.20850209933457	3.7557524003473	118.25598100775161
427.8227115984201	12.658078730531223	1.792810490369785880284	9.189688065703	3.7451317379217	117.19911689635677
428.20979765143073	12.659046322343809	1.795367212122778535594	9.17141190496504	3.7348136513902	116.17837410672136
428.61147495941555	12.660073497548035	1.797951515987393037435	9.15300562623722	3.7244208859026	115.15623092583886
429.02129732834294	12.661057861930733	1.800516654752953858594	9.13480189670572	3.7141414133717	114.15110951370356
429.43670842449006	12.66205049789209	1.803043612245392833732	9.11693294316639	3.70404997177	113.17004643227298
429.87210471292667	12.66298583070051	1.805613799233969851658	9.0988227016627	3.6938213048649	112.18134984764121
430.3075010013633	12.663995841298105	1.808104512245723834008	9.08133385995372	3.6839427580024	111.2319418809914
430.76998240150436	12.664930241026331	1.810663916585177208968	9.06342512521383	3.6738261560498	110.26517043463139
431.2343567890119	12.665918194336497	1.813145241859538772768	9.04612261365095	3.6640511626996	109.33634304263308
431.72491237500225	12.666881627061244	1.81567098404349354992	9.02857036931925	3.6541342303114	108.39932550639818
432.2223972072668	12.667812178351511	1.818133212000705268047	9.01151705081528	3.6444985752214	107.4939711839453
432.7499479686474	12.668743893958197	1.820636193572493253176	8.99423917568337	3.6347353419723	106.58173170911198
433.2856273783464	12.66965100385702	1.823065115722795534546	8.97752753677063	3.6252914324464	105.70420039111522
433.8624909390173	12.670554776046611	1.825555196158893288429	8.96045073016066	3.6156405036656	104.81236602090875
434.45340882484555	12.671441254961605	1.827972386839207482759	8.94392687848076	3.6063016196062	103.95409474695983
435.08626353123896	12.672392585951613	1.830412931245397831838	8.92729572937812	3.5969016543896	103.09489342945591
435.75847855078143	12.673234510945225	1.832839352245628625857	8.91081223939494	3.5875846835995	102.2478929137899
436.46880021128686	12.674122080109923	1.835219889510219335733	8.89468945551179	3.5784711926398	101.42383148533744
437.24189954032903	12.675008195150815	1.837599359148297810015	8.87862144124771	3.5693883864916	100.6068913312215
438.10081540718625	12.675853156330788	1.839988025123972838878	8.86253814605611	3.5602966397666	99.79347967008671
439.0616357645297	12.676683725144613	1.842346820907290384	8.84670071194104	3.5513437590062	98.99670918121936
440.17500123040395	12.677517728442568	1.844673085484687518936	8.83112386498725	3.5425380266689	98.21710919794266
441.58018547703927	12.678306015345408	1.846996929563975601513	8.81560302462829	3.5337639589651	97.44430871755368
443.7780432945536	12.679091048012237	1.849294694459467811498	8.8002922767918	3.5251089064612	96.68587858871716
449.26868359753314	12.679858550484742	1.851465119754608599175	8.78585204192098	3.5169465656753	95.97413178234919
451.18534069797846	12.68056376616963	1.853629156403254703051	8.77146629593437	3.5088161446845	95.2685109770227
452.5812201544678	12.681272985323332	1.855775941710871330762	8.75721133794179	3.5007605177365	94.57268145127556
453.7290658550724	12.68188496000743	1.857892608482854316346	8.74317416867033	3.4928287214113	93.89075007779302
454.73365516006027	12.682550803831468	1.85999986830085648397	8.72921824776937	3.4849436077355	93.21598216040975
455.6380138713632	12.683150212191181	1.862096506385224286172	8.71535252425668	3.4771099854958	92.54872787056094
456.4695275330112	12.683786704762673	1.864188321148811914631	8.70153912464215	3.4693066120236	91.88712132954832
457.23031253834904	12.684388291736193	1.866237711431038504969	8.68802644808351	3.4616736139481	91.24292398317365
457.94384444986287	12.684980625613276	1.868275738468441193637	8.67460943431868	3.4540951585659	90.60622313423579
458.6251945990706	12.685520106265324	1.87032509984430075342	8.66113913520147	3.4464871329786	89.96992799972595
459.2689357574333	12.686066475995641	1.872352753870481881104	8.64783300301942	3.4389723620972	89.34427203107472
459.8790708407257	12.686571135497038	1.874355483043723749738	8.6347119058819	3.4315624794886	88.7301098023165
460.4752025862836	12.687122795384573	1.87638735438249978079	8.62142206915779	3.4240576781779	88.1108741892134
461.0331115901979	12.687551908533019	1.878355378348457416041	8.60857125447512	3.4168014200999	87.51479344723357
461.5830494007467	12.688105576299249	1.880357411185077500852	8.59552059897048	3.4094325637459	86.91215168855194
462.1060890919164	12.68860322469684	1.882318087820197021393	8.58276134611565	3.4022287237612	86.3255983513859
462.620089458807	12.689060137799526	1.884298016666031632937	8.56989908088287	3.3949670602495	85.73693290821222
463.11236210931963	12.689496175250104	1.886243081891489451632	8.55728535166837	3.3878460165587	85.16219536171207
463.5981777187689	12.68996458410895	1.888208987593895363268	8.54455877155338	3.3806617433231	84.58488087469378
464.0631018886975	12.690379827200678	1.890133011890532430857	8.5321253844257	3.3736432437547	84.02333814236515
464.52667650035903	12.69081259905682	1.89209257355740087019	8.51948488015704	3.3665082344294	83.45494764228529
464.96713097713337	12.691227441612849	1.893992058125080062929	8.507253845912	3.3596046803037	82.90736684400704
465.4075854539078	12.691619494841152	1.89592787015753821423	8.49481126987173	3.3525820675363	82.35272875268511
465.83151039560846	12.69202975331454	1.897832661525221354064	8.48259036252822	3.3456848197074	81.81033594804927
466.2499421485442	12.692373905184088	1.899746708450378449049	8.47033241315875	3.3387670200119	81.2686462648869
466.6683739014798	12.692780620968621	1.901649518519479758501	8.45816868243088	3.3319028616537	80.73344995274552
467.0868056544154	12.693092585256226	1.903538763338705229844	8.4461139373514	3.3251003824353	80.20531546552408
467.5052374073509	12.693504093200591	1.905420973702279609754	8.43412607828331	3.3183360125603	79.68236103580362
467.9236691602864	12.693858548111724	1.907296199596700969995	8.42220468061282	3.311609408706	79.16451412481591
468.34210091322194	12.694191779262564	1.909164489418798481175	8.41034919631556	3.3049203235313	78.65171380347961
468.76053266615753	12.694524463255975	1.911025889604101703478	8.39855912711439	3.2982684839615	78.14389911676342
469.17896441909306	12.694835438464697	1.912880444779421748744	8.38683405024823	3.2916535600651	77.64100771241111
469.5973961720287	12.69515056710886	1.914728198243221193709	8.37517339573295	3.2850753423089	77.14298090314219
470.01582792496424	12.69546845283676	1.916569191882953608937	8.36357674369412	3.2785335161354	76.64975919845597
470.4342596778998	12.695763217584165	1.918403466314408129236	8.35204354000737	3.2720278660926	76.16128244069918
470.8526914308353	12.696061644459613	1.920231061244108527444	8.34057338766445	3.265558069731	75.67749474306424
471.27112318377084	12.696343115369926	1.922052015237435799705	8.32916583129405	3.2591238573434	75.198337865778
471.6895549367064	12.696622187587028	1.923866366070091704821	8.31782037649387	3.252724986719	74.72375659511758
472.1079866896419	12.696889303170483	1.925674150604893465135	8.30653651877981	3.2463612291672	74.25369516154531
472.5264184425774	12.697125200902507	1.927475404900679364633	8.2953138285473	3.2400323060674	73.78809808235526
472.94485019551297	12.697386811721016	1.929270164551417730369	8.28415190337568	3.2337379315561	73.32691461809225
473.3632819484485	12.697649648778661	1.931058464214647541994	8.27305028725127	3.2274778520053	72.87009057195367
473.7817137013841	12.698054728571643	1.93284033846995482991	8.26200842712104	3.2212518996094	72.41758040363656
474.2001454543196	12.698125332803992	1.93461581926919770367	8.25102599268504	3.215059736899	71.96930966029745
474.61857720725516	12.69835399578041	1.936384941218813647304	8.24010254300321	3.2089011310685	71.52525140801116
475.03700896019075	12.698571934548871	1.93814773621955281018	8.22923751260635	3.2027759248356	71.08534742996753
475.8738724660618	12.698990552897682	1.941654472836186236078	8.20768146513808	3.1906244104485	70.21780634764404
476.2923042189974	12.699190071590158	1.943398477018449929461	8.1969894668995	3.1845977173504	69.79007255470128
476.71073597193293	12.699385881054146	1.945136279461356070737	8.18635433588008	3.1786033672062	69.36630008026265
477.12916772486847	12.699573709657797	1.946867910399124826114	8.17577555373828	3.1726411928791	68.94644205777664
477.54759947780406	12.69974651311955	1.948593399676530358153	8.1652528069899	3.1667108946826	68.5304521842072
494.2848695952256	12.70239743280869	2.012885240819121578296	7.78592734394483	2.9532312378343	54.605022307439285
511.02213971264734	12.697897044506867	2.068948407993191009076	7.47402335327347	2.7783149919254	44.64791657033882
527.7594098300691	12.687954157821174	2.118017303822711948443	7.21371594104395	2.6329815511778	37.306689481916216
544.4966799474909	12.673762272494965	2.161098162862800349137	6.99360099148692	2.5107110211322	31.749399750145965
561.2339500649126	12.656267828552387	2.199025941618442628671	6.80531185253639	2.4066929019943	27.44559450444616
577.9712201823344	12.63607835409857	2.232498964832953725097	6.64259921330865	2.3173200191003	24.045948717262288
594.7084902997561	12.61376886574882	2.26210449859053472953	6.50071587602327	2.239845757404	21.313709160598233
611.4457604171779	12.589857501200994	2.288338784771215527082	6.37599934032567	2.1721487867778	19.08425932714686
628.1830305345995	12.564639530444648	2.311623058715907957584	6.26558373797471	2.1125690929392	17.240497250285582
644.9203006520213	12.538380832534521	2.332316466693470593801	6.16719766087872	2.0597918480631	15.69740692099902
661.6575707694429	12.511406602260994	2.350726533188693864452	6.07901943311572	2.0127641853477	14.39212742220963
678.3948408868644	12.483871355049024	2.36711767524604354558	5.99957271458167	1.9706342152937	13.277402724544093
695.132111004286	12.455930455003585	2.381718158555722862284	5.92764901054878	1.9327063558503	12.317174990443844
711.8693811217079	12.427735942254161	2.394725800630364152985	5.86225029552938	1.8984076736369	11.483554941604481
728.6066512391295	12.399394289702268	2.40631266616976242568	5.80254564409204	1.8672624465012	10.75470223867335
745.3439213565513	12.370988219390286	2.416628949262320993795	5.7478379373302	1.8388727715684	10.113319002284966
762.0811914739728	12.34259783887085	2.425806196351332987061	5.69753814487002	1.8129035824094	9.545561953802205
778.8184615913943	12.314300389952331	2.433959992831670293772	5.65114545562624	1.789070860633	9.040246051771124
795.5557317088162	12.28611644292652	2.441192211373434575733	5.60823136538379	1.7671324861131	8.588253303501409
812.293001826238	12.258099967719067	2.447592902245950360254	5.56842734445552	1.7468808300634	8.182090524766958
829.0302719436595	12.230298174236845	2.453241887243675798018	5.53141462492893	1.728136989333	7.815552547813652
845.7675420610813	12.202733859258196	2.45821010953516124786	5.49691620486574	1.7107460255254	7.483464255086133
862.504812178503	12.175432595869692	2.462560781231769700122	5.46469025236398	1.6945731482588	7.181481300785354
879.2420822959247	12.148407903757713	2.466350361898524972496	5.43452482747478	1.6795005433574	6.90593407181571
895.9793524133463	12.121681314899234	2.469629396255784729349	5.40623320752591	1.6654249223469	6.653705157924164
912.716622530768	12.095253651942373	2.472443233125850166475	5.37965056388241	1.6522552490487	6.422131668160913
929.4538926481896	12.069152546868226	2.474832645308031220403	5.35463059714368	1.63991111313838	6.208927785566298
946.1911627656112	12.043358636641875	2.476834364240418909361	5.3310431911059	1.62832116947657	6.012121354679545
962.928432883033	12.017889578103638	2.478481544539793483733	5.30877215748439	1.61742195042244	5.830003833260225
979.6657030004546	11.992755832786447	2.479804166751445895517	5.28771353509613	1.60715677740714	5.661088405879953
996.4029731178764	11.967950166984037	2.480829388531432158331	5.26777387896032	1.59747495297543	5.504075885093878
1013.140243235298	11.943480118615224	2.481581851845269449486	5.24886908162875	1.58833094795825	5.357827011677552
1029.87751335272	11.919342573336166	2.482083951590781655054	5.23092317381169	1.57968380522433	5.221338872794268
1046.6147834701412	11.895534269477501	2.482356071754501193339	5.21386751564433	1.57149651275553	5.093725668895512
1063.3520535875625	11.872073968653622	2.48241679339288114975	5.19763973246207	1.5637356395753	4.974202740249618