28.382674912641598	0.08186168569606778	35.01889990375193	0.11158180078281144	0.21926186974739212	29.42314902622758	0.2294761402266479
27.641770240697547	0.08321373215704085	56.00181385488425	0.22316360156562287	0.16964892259207845	45.838738242152175	0.36638318336958964
26.83433892584748	0.08412053650494968	72.04827648580353	0.33474540234843436	0.14312977282693629	59.51381247828058	0.4708744562489539
26.655930269292238	0.08653140692622104	81.10687321179608	0.44632720313124574	0.11056400213515243	70.98732377518685	0.5297225169962301
25.816045958412317	0.08964351049144294	90.14122176324858	0.5579090039140573	0.09426161745451377	78.92916323992486	0.5884123560085507
25.510632233044056	0.09351022418067965	97.0036548044586	0.6694908046968687	0.07703501150416726	86.10946335922631	0.6325701430208444
24.865723215220463	0.09808744128249584	101.25525164665608	0.7810726054796802	0.06441478610460978	94.30146334271618	0.6592591071306456
24.363387806718706	0.10347096747597125	105.50684848885356	0.8926544062624915	0.05173119779557157	98.66426263710478	0.6859480712404469
23.71699265879324	0.10924524599950719	109.75844533105104	1.004236207045303	0.045385242815485956	102.71746229944176	0.7126370353502481
12.790508200417223	0.5526437528422838	245.1184020096942	11.158180078281145	108.24941371527719	242.56514105840452	1.5639839105109101
12.741844988683567	0.5871555111555989	253.65404261951434	12.273998086109259	117.50875010195774	251.0689532292167	1.6161407903683724
12.703093518621078	0.6199291074439531	261.7296876054994	13.389816093937375	125.85018533037763	259.1086625237894	1.6652807548923627
12.673870060804246	0.6511410717392117	269.4055962745393	14.505634101765487	131.68568792249943	266.74817204637486	1.7117993338468043
12.649050694321803	0.6809410051343897	276.72287937272495	15.621452109593601	137.20306003060705	274.0332163034561	1.7559712092779407
12.638971559768402	0.7094612567635955	283.69870404461176	16.73727011742172	142.17221895081167	280.9830511068824	1.7979216311163295
12.623873044969306	0.7368252430033018	290.3264756886116	17.853088125249833	147.07696947749466	287.610185794187	1.8376317821389079
12.600631528880603	0.7631549914313146	296.5716568394774	18.968906133077947	151.9751716651829	293.89426702747585	1.8749153030271155
12.589731016760224	0.7885774509434988	302.37346995694344	20.084724140906058	156.3914754908005	299.77770726560766	1.9094300248894451
12.576964650428856	0.813221882641108	307.6977800217818	21.200542148734172	160.71336166173728	305.21883451969086	1.9409954673559573
12.570265083236668	0.8372084305606754	312.5548311003268	22.316360156562286	164.7687886265924	310.20209391619466	1.9696941581087066
12.572861913941608	0.8606367865296405	316.9984994001083	23.4321781643904	168.49198743998335	314.7563998666357	1.995863315072614
12.555355391952354	0.8835802784123964	321.11246882335183	24.547996172218518	172.6671342459176	318.9610736518758	2.020012427524096
12.552586668515302	0.9060872279487413	324.97287906137774	25.663814180046632	176.39579567776644	322.8812256958583	2.0425998459960533
12.549303360794479	0.9281868800742319	328.64772908651815	26.779632187874743	180.08381759946494	326.58826436462635	2.06403412644212
12.547029355665046	0.9498960174825601	332.18020221677125	27.89545019570286	183.69401065141875	330.1367309646492	2.0845736169209217
12.549846986522324	0.9712245392010899	335.5982255806876	29.011268203530975	187.1171428062381	333.55972908762607	2.1043861706555105
12.541879842619874	0.9921794552440616	338.9166332901087	30.12708621135909	190.79417534865402	336.883362415041	2.123562600602054
12.541851623953152	1.0127675080659044	342.14054098195624	31.242904219187203	194.20553382854922	340.11169575241763	2.1421370079781914
12.540451557683788	1.0329967019400024	345.26897586087966	32.35872222701532	197.59985520610675	343.24823309017006	2.160108333654557
12.54794642716364	1.052876953245705	348.2934906048384	33.47454023484344	200.68296994274357	346.2879625227379	2.1774307504241994
12.550264790066533	1.0724201724174003	351.210670664623	34.590358242671556	203.86132557500414	349.22830420978073	2.194090618878463
12.545960590642697	1.0916398850196187	354.0134116692692	35.70617625049967	207.1846714453883	352.06484395029605	2.210051092885248
12.546458091755477	1.1105506904133053	356.69639673979367	36.82199425832778	210.32396229378122	354.78794887674593	2.2252858323402576
12.5468537442063	1.1291675848027425	359.2598072956073	37.937812266155895	213.42545230099563	357.39553768487303	2.2398008335536086
12.549732008290807	1.1475053415867196	361.7032782267105	39.053630273984005	216.41523699265278	359.88639815880884	2.253597754807214
12.551405279787563	1.1655780499041453	364.03298968856814	40.169448281812116	219.4062795923648	362.26468099343913	2.2667164136772837
12.558740718264321	1.1833988499448942	366.2544771961141	41.28526628964023	222.1916947877873	364.53312101731103	2.27919180247867
12.560058823171868	1.200979584575236	368.3723492162662	42.401084297468344	225.13025443811827	366.6968121538377	2.291052772256226
12.563009157007457	1.2183309544401535	370.3945062881371	43.51690230529646	227.99060166113577	368.76357774085784	2.30234711811895
12.566130400776824	1.2354623165346452	372.32977450712104	44.63272031312458	230.81955176279334	370.74062040449684	2.3131276296906176
12.56964265528042	1.2523818949893888	374.18470846904665	45.7485383209527	233.61137006091303	372.63384834342173	2.3234333070653297
12.57595388247614	1.2690968389724635	375.9661085932601	46.86435632878081	236.29105617781642	374.44910518437734	2.333304347113423
12.576834708017715	1.2856133438276007	377.6807841326737	47.980174336608926	239.12075181763444	376.19507180021907	2.342780804752391
12.583391473116663	1.30193676925473	379.3353523431716	49.095992344437036	241.74709169037502	377.8756664603081	2.3519014682303516
12.584308680430219	1.3180717656828473	380.936078147139	50.211810352265154	244.53465522373617	379.5000138255667	2.3607029707657965
12.586965572167815	1.3340223704641796	382.48624769484627	51.327628360093264	247.24045621033315	381.07241836383594	2.369204206513878
12.593317032956925	1.34979203171475	383.99094137104214	52.44344636792138	249.80042066518504	382.5974580320199	2.377434627335955
12.597410093219263	1.3653838373065095	385.4574652488782	53.559264375749486	252.41089292460313	384.0769883583978	2.385437058826325
12.604747967283995	1.3808004828862888	386.88526062837286	54.6750823835776	254.88930609122013	385.5193815227823	2.393207279747515
12.604988094095834	1.3960442962561939	388.28205340026153	55.79090039140572	257.5833133428908	386.9267196260726	2.400790724825697
12.604988094095834	1.3960442962561939	388.28205340026153	55.79090039140572	257.5833133428908	386.9267196260726	2.400790724825697
12.606341871655834	1.3998285140503122	388.62560388992966	56.06985489336274	258.2094142960993	387.27441297411394	2.402652426041103
12.606879975490108	1.4036020893810666	388.9691543795978	56.348809395319776	258.86186079950977	387.6180178147347	2.404514127256509
12.608997209186537	1.4073650398382642	389.3092460178832	56.6277638972768	259.45970749745436	387.9612809916932	2.4063548026499553
12.609273845875853	1.4111174390715293	389.64811616552146	56.90671839923384	260.1186828720764	388.3025449393451	2.4081880527909028
12.611075076403301	1.414859270301122	389.98693508958297	57.185672901190856	260.72417277794744	388.64099404152404	2.4100209900440475
12.611987170329952	1.4185905794910074	390.3213971290051	57.464627403147894	261.35834162387465	388.9796338824216	2.4118273142383533
12.613220682762336	1.4223114129678267	390.6558591684272	57.74358190510491	261.9804252581172	389.3146717251294	2.413633638432659
12.61660595432875	1.42602175272206	390.9893132638223	58.02253640706195	262.5280684966391	389.64816516290205	2.4154337715539547
12.615525926961634	1.4297216639803014	391.3196370570143	58.301490909018966	263.22612969201106	389.98261814606815	2.417214677487069
12.615991196489993	1.4334111652602954	391.64996085020636	58.580445410976004	263.87004501494346	390.31239809123514	2.4189955834201835
12.622647894431944	1.4370902503809329	391.9785969112701	58.859399912933036	264.3007145147694	390.6408470717193	2.4207660562565834
12.62077806111132	1.4407589859813332	392.30504983083335	59.13835441489007	265.0223512483002	390.9703470082013	2.4225230335115264
12.620113010956864	1.4444173759793721	392.63150275039663	59.41730891684709	265.70108926622567	391.2962764374479	2.4242800107664686
12.620802492371373	1.448065424676069	392.9558273330506	59.69626341880411	266.3318197287311	391.6219165111046	2.4260237333001684
12.620604075808604	1.4517031939548681	393.27867419404487	59.975217920761146	266.9920421774262	391.94644081699823	2.4277582529728985
12.623543876113223	1.4553306798427181	393.6015210550392	60.25417242271817	267.5429803860239	392.26778624482836	2.4294927726456286
12.624320922179209	1.458947898053895	393.92200192986	60.53312692467521	268.1667442487907	392.58958625361083	2.431212429756095
12.6255914736316	1.4625548995118354	394.24150496681034	60.812081426632226	268.7718326705094	392.90966803134694	2.432925944321691
12.626548376453806	1.466151679411102	394.5610080037607	61.091035928589264	269.3866693246198	393.227870792118	2.4346394588872866
12.627730589414782	1.46973825518566	394.8780758260635	61.36999043054628	269.99258076893625	393.54602392516756	2.436337520266725
12.629178041707517	1.4733146755331676	395.1944947110226	61.64894493250332	270.58727282410223	393.8623765076701	2.4380314636725844
12.629773210582275	1.4768809326060268	395.5109135959817	61.927899434460336	271.21021395072546	394.17735153960484	2.439725407078444
12.631806506889257	1.4804370506257325	395.82496375616637	62.206853936417374	271.7819521861422	394.49201952090584	2.441404138089287
12.63248813983187	1.4839830675386425	396.13855565388286	62.4858084383744	272.39953949451495	394.8052463526811	2.443079926052562
12.635650869327264	1.4875189801544133	396.4521475515993	62.76476294033144	272.9281551940778	395.11662881533556	2.4447557140158374
12.635403461305268	1.4910448080831868	396.76354217341384	63.043717442288454	273.57493682847	395.4287294583532	2.446417187304375
12.636149731489732	1.4945605909238697	397.0745618298326	63.32267194424548	274.18581459488223	395.73902405599836	2.448076217791955
12.637305869904845	1.498066326161599	397.38558148625134	63.60162644620251	274.7805596955467	396.04803452543075	2.449735248279535
12.63853092156323	1.5015620308119308	397.69465154487773	63.88058094815954	275.37111987371014	396.3570260776864	2.451381355984308
12.639240022277264	1.5050477418185944	398.00335140539033	64.15953545011656	275.97864080772945	396.66474449292247	2.45302500985484
12.640383671145457	1.5085234594843009	398.3120512659028	64.4384899520736	276.5697365256492	396.9712110080147	2.4546686637253714
12.641351757074165	1.5119891967439012	398.6190988018067	64.71744445403063	277.1645735109719	397.2777098302939	2.456301130142157
12.643971189270678	1.5154449897507178	398.9257291558621	64.99639895598766	277.69997399887177	397.582744227958	2.457930771930774
12.64380293437276	1.5188908402431058	399.23235950991756	65.27535345794469	278.33243006148433	397.8871900785791	2.4595604137193923
12.645216839315207	1.522326763832673	399.537659918174	65.5543079599017	278.90713095228296	398.1912943601099	2.4611808083062106
12.646100986168209	1.525752789756676	399.84246906705374	65.83326246185874	279.49873348610896	398.49469494828105	2.4627977871338333
12.647349226387297	1.5291689239364736	400.14727821593345	66.11221696381577	280.07623165502906	398.79678673276385	2.464414765961456
12.648528777010016	1.5325751755825083	400.45108259421517	66.3911714657728	280.654583755046	399.09888714053994	2.4660245165868653
12.651794346818777	1.5359715768247209	400.75431703896186	66.67012596772985	281.15659993189234	399.40002685027997	2.467630167177055
12.648591890536869	1.5393581347184186	401.0575514837086	66.94908046968686	281.8865933345465	399.7012607059814	2.469235817767245
12.652419929682406	1.5427348559899488	401.36008902527215	67.2280349716439	282.36616971027087	400.0009818669249	2.470836224123156
12.653294258404262	1.5461017723754158	401.6619936719374	67.50698947360091	282.9476238729903	400.30110797085985	2.4724318679106063
12.654253462028079	1.5494588854091607	401.96389831860273	67.78594397555796	283.524720924144	400.5998823866342	2.474027511698057
12.660546981258445	1.5528062190397927	402.2653787394322	68.06489847751497	283.91070410179793	400.89749919502003	2.4756197588143616
12.656510486711333	1.5561437815909838	402.56619711896985	68.34385297947202	284.66156753677154	401.1973436638936	2.477206705130095
12.658139774561295	1.5594715928125473	402.86701549850744	68.62280748142904	285.2091671474336	401.4946654740066	2.4787936514458275
12.657911106667687	1.5627896590317767	403.1676314901748	68.90176198338607	285.8213519853585	401.7923658011329	2.4803788232578206
12.659998509474574	1.5660980020239579	403.4676059901169	69.1807164853431	286.3487068924782	402.08955657195014	2.481958370575303
12.661575418301126	1.5693966342333319	403.76758049005906	69.45967098730013	286.8921954427084	402.38599156054255	2.483537917892785
12.662699217241059	1.572685564798125	404.06751019220155	69.73862548925715	287.4504050485483	402.6823081364004	2.485117010825606
12.663865061357665	1.5759648117115557	404.3668822989419	70.01757999121418	288.00423711768536	402.9786091881551	2.486690448061038
12.668816635751398	1.579234389856282	404.6662544056822	70.29653449317121	288.42162822010977	403.2735704838421	2.4882638852964702
12.666367604521506	1.5824943092550163	404.96562651242255	70.57548899512823	289.10044412960497	403.5698195662348	2.4898373225319017
12.66547091862972	1.585744583313632	405.2646744418319	70.85444349708526	289.7210330859057	403.8657238846696	2.491406429688128
12.668204440807461	1.5889852272137306	405.5636849897193	71.13339799904229	290.21047693480386	404.16058737290916	2.492975037534452
12.667752252132688	1.5922162537240718	405.86269553760667	71.41235250099933	290.8114037098448	404.45578898975447	2.494543645380776
12.670538458359246	1.5954376738008849	406.16162020117747	71.69130700295635	291.29424661068197	404.75026404908914	2.4961097320841503
12.671654860743041	1.5986495025574334	406.4605096266355	71.97026150491338	291.8342874952492	405.0450442559862	2.4976747843691007
12.672966384300118	1.6018517521923357	406.7593990520935	72.2492160068704	292.36564349013946	405.33947504675024	2.4992398366540507
12.67386906265043	1.605044432845516	407.0583497671181	72.52817050882744	292.9076067521583	405.63399032384297	2.5008037126439984
12.674871122147993	1.6082275587364112	407.3573583660068	72.80712501078446	293.44436342021805	405.92847284775695	2.5023664777026093
12.67850566299331	1.6114011441461817	407.65636696489554	73.08607951274149	293.8855379310962	406.2222480874527	2.5039292427612203
12.675893227744194	1.614565199270891	407.9554887731327	73.36503401469851	294.54389789817884	406.51741443343525	2.5054916857441523
12.67807512560037	1.6177197334716966	408.2548569590178	73.64398851665555	295.03126045086833	406.8114899100197	2.5070534277933767
12.679824146936072	1.6208647619513683	408.55422514490283	73.92294301861257	295.53034097356533	407.10573388217415	2.5086151698426016
12.680418508769575	1.6240002971437826	408.8536613404413	74.20189752056959	296.0670951875104	407.4002685043868	2.510176938903682
12.681915985774253	1.6271263478216202	409.153629901657	74.48085202252663	296.57039933279503	407.69458824035337	2.511738919408055
12.682404217422347	1.6302429250385349	409.4535984628727	74.75980652448366	297.1040651401862	407.98928946883984	2.5133008999124273
12.683719467221145	1.6333500438838218	409.75356702408845	75.0387610264407	297.6070448226322	408.283989191955	2.5148628804168
12.685145137350325	1.6364477139143323	410.054303480135	75.31771552839771	298.1029285870706	408.5786541942817	2.5164262278860843
12.690105466313971	1.6395359429473673	410.3551138335126	75.59667003035476	298.47306185881683	408.87259399271414	2.5179897069034074
12.686896739205036	1.6426147457147173	410.65592418689016	75.87562453231178	299.1238423044154	409.1689101416153	2.51955318592073
12.688021409394779	1.6456841369256145	410.95750881385584	76.1545790342688	299.6194969701938	409.46420867952725	2.521118635093287
12.688553881742566	1.6517946979778855	411.5612976920426	76.71248803818287	300.66232378331756	410.0559528144302	2.5242511100851948
12.695923371917102	1.6548359027285362	411.86388489072436	76.99144254013989	300.93575351547344	410.35057361754855	2.525819445238945
12.694732118635992	1.6578677242833684	412.16710682630526	77.27039704209692	301.4986106430629	410.64720819870047	2.527389702359316
12.6935073488919	1.6608901836318695	412.47032876188615	77.54935154405395	302.05784814770556	410.944572112682	2.5289599594796868
12.694683429655644	1.6639032940141782	412.7740815886505	77.82830604601098	302.53367408395064	411.24169536413547	2.530532000526789
12.694652311521226	1.6669070512442605	413.078875779157	78.10726054796801	303.0448607848207	411.5390977760712	2.5321075408156823
12.697214951283918	1.6699014737668152	413.3836699696634	78.38621504992503	303.4665621669912	411.83643797296145	2.5336830811045754
12.697932828202916	1.6728865760469767	413.6887626758225	78.66516955188207	303.94614058740035	412.13494681127844	2.535259696604415
12.70446969597868	1.6758623582696814	413.99537544533837	78.94412405383909	304.2291889971643	412.43202629294	2.5368417871563844
12.699808861735786	1.678828827383849	414.30198821485425	79.22307855579612	304.88062153996947	412.7321392377418	2.5384238777083534
12.701160295018342	1.6817860044534587	414.60860878065887	79.50203305775315	305.32791794388	413.0320077383984	2.5400059977678766
12.701018618645511	1.68473388995988	414.9172882218722	79.7809875597102	305.82284165694574	413.33223333071993	2.541595910301347
12.703281732807854	1.6876724885768466	415.22596766308544	80.05994206166721	306.23246447370093	413.6318531670622	2.5431858228348165
12.70456365133268	1.6906018196022827	415.5346471042987	80.33889656362425	306.6737134950745	413.93345340064474	2.5447757353682863
12.706760085052295	1.6935218881731333	415.84531647974893	80.61785106558126	307.0787877675403	414.23485161820327	2.546373463707253
12.706498052406232	1.696432691818763	416.156312639188	80.89680556753831	307.5629083097255	414.53685392446926	2.5479724755459707
12.707527984308893	1.6993342496629678	416.4673087986271	81.17576006949533	307.9988334689353	414.84007793260776	2.5495714873846884
12.70732431679085	1.702226574111174	416.78018541683986	81.45471457145234	308.47299191980505	415.14408047355926	2.5511780998062523
12.709762533344293	1.7051096519753373	417.09375045952225	81.73366907340937	308.8572265339914	415.44739569007004	2.5527874947547655
12.716913640594305	1.7079835075729846	417.4073155022046	82.0126235753664	309.09019071567496	415.75077270331707	2.5543968897032787
12.711699526720473	1.710848153107861	417.7226458364169	82.29157807732344	309.7110854882897	416.058315281467	2.5560135839898614
12.712708052721476	1.7137035736801607	418.03903418686394	82.57053257928045	310.13267837782587	416.36423523122687	2.5576346530882232
12.71326840471656	1.7165497933897562	418.355422537311	82.84948708123748	310.5625536799842	416.6712465884062	2.5592557221865855
12.714679114051146	1.719386816920722	418.673476831574	83.12844158319453	310.9648091852517	416.97956146297014	2.560883808044221
12.715835800808012	1.7222146401317238	418.992945287955	83.40739608515156	311.3691135881779	417.28792862504895	2.5625178501862518
12.716144448812821	1.7250332755599018	419.3124137443361	83.68635058710858	311.79902422716737	417.5971512128287	2.564151892328283
12.716436440761225	1.7278427432382861	419.6334883523061	83.96530508906562	312.22314661685266	417.90849905532446	2.5657928029258814
12.71871079675271	1.730643021814944	419.95629617027754	84.24425959102264	312.5860708016806	418.21929913610967	2.5674411253244362
12.719206200054524	1.7334341292042827	420.279103988249	84.52321409297967	312.9972382234832	418.53085302525466	2.569089447722991
12.720720012590618	1.736216085872088	420.60352362813217	84.80216859493669	313.3768705157711	418.8448548742123	2.5707447507487764
12.72157770498049	1.7389888683990657	420.92993257073823	85.08112309689372	313.77114706687144	419.1590191803893	2.5724086692305614
12.722487650410732	1.741752494023505	421.25634151334435	85.36007759885075	314.1624255413194	419.47315351402347	2.574072587712346
12.72256668928575	1.7445069834329223	421.58446141497694	85.63903210080777	314.57434788509727	419.79073536584366	2.575743995833082
12.723241028645715	1.7472523112337253	421.9147357647832	85.9179866027648	314.9661312379836	420.108188242586	2.577424834944689
12.725452301442377	1.7499884952795313	422.24501011458943	86.19694110472183	315.3089791533653	420.42519387124776	2.579105674056296
12.727774149714602	1.7527155547818025	422.5772180306001	86.47589560667886	315.64513516897466	420.74532688015717	2.5807950546455274
12.727594972696602	1.7554334621397607	422.911624560049	86.75485010863589	316.05450585655245	421.06651286183524	2.582494147551536
12.726029529221787	1.758142236871802	423.2460310894979	87.03380461059292	316.4990864903681	421.388079411331	2.584193240457545
12.734227575288376	1.7608418951165772	423.58274913825096	87.31275911254995	316.6556045108409	421.7100121824637	2.5859026244387757
12.730266241093881	1.763532410437956	423.9215570340637	87.59171361450699	317.1657696537745	422.0360498583717	2.5876213125920517
12.731931026475197	1.7662138011221473	424.2603649298766	87.870668116464	317.5089681437213	422.3604337202527	2.5893400007453278
12.732136462817927	1.7688860818024363	424.6020512335116	88.14962261842105	317.8917100102783	422.68853527361455	2.591071590375121
12.731807406956921	1.7715492221994054	424.9455319708275	88.42857712037807	318.286904579086	423.0175310121287	2.592811222938863
12.73229428841621	1.7742032460252632	425.2890127081434	88.70753162233508	318.6567744963011	423.3462667331032	2.594550855502606
12.734362463513046	1.7768481619112177	425.6361627845859	88.98648612429211	318.97705215623216	423.67806081542676	2.596307030897512
12.734498048574808	1.7794839382136205	425.9845899464356	89.26544062624914	319.3525824062872	424.01118913602255	2.598068963898228
12.747480248655611	1.782110608410928	426.33301710828533	89.54439512820618	319.35634235911203	424.34038113709	2.599830896898944
12.736354326344	1.7847280713757412	426.697999415102	89.8233496301632	320.04782315310104	424.68084632229755	2.6016739739034747
12.73829596099421	1.7873361817581659	427.06473930215526	90.10230413212022	320.3639857328036	425.0179169650037	2.603525665577204
12.737894620344008	1.7899349604423542	427.4356255454094	90.38125863407727	320.7432224771952	425.35567820959363	2.605397712923936
12.739797921770968	1.7925242086359403	427.8227115984201	90.6602131360343	321.0566922917101	425.6972009498354	2.607349289865842
12.746387288293903	1.7951038566847648	428.20979765143073	90.93916763799132	321.2341190523685	426.03748971772615	2.6093008668077484
12.741687542493887	1.7976738613152672	428.61147495941555	91.21812213994835	321.72841590410854	426.38209407969083	2.611324184055077
12.74255919574167	1.8002339794323825	429.02129732834294	91.49707664190538	322.0640149989008	426.7420452998983	2.6133875478344395
12.743461956989949	1.8027842130868514	429.43670842449006	91.77603114386241	322.39524927088365	427.101921976558	2.6154784281285806
12.744273806463314	1.8053243201932765	429.87210471292667	92.05498564581943	322.72854507380447	427.4675677698046	2.6176677070056864
12.745104574119676	1.8078542080294537	430.3075010013633	92.33394014777646	323.05778307427977	427.8472613544076	2.619856985882793
12.746048934394505	1.8103737124430617	430.76998240150436	92.61289464973349	323.3822004063014	428.22682051842213	2.6221797951733534
12.746632523489977	1.8128826120278485	431.2343567890119	92.89184915169052	323.7156206842418	428.62155413523385	2.624511936948433
12.747730894117902	1.8153807802020432	431.72491237500225	93.17080365364754	324.0307181664739	429.0231285947864	2.6269733101352686
12.748172367040027	1.8178679112780491	432.2223972072668	93.44975815560458	324.3634294747015	429.4300169272709	2.629468886350624
12.749548897344718	1.8203438514093515	432.7499479686474	93.7287126575616	324.66777654002664	429.8562563499011	2.6321130366104275
12.749953381213093	1.8228082456126726	433.2856273783464	94.00766715951863	324.99635523008453	430.2827298302646	2.634797355466116
12.75085682979451	1.8252608330373228	433.8624909390173	94.28662166147566	325.31036272548596	430.73363909019935	2.637685401834368
12.752207431333904	1.8277012554150671	434.45340882484555	94.56557616343271	325.60857387954826	431.1876875539127	2.640643021745459
12.752362116150376	1.8301290285390717	435.08626353123896	94.84453066538973	325.938042007115	431.66415209692894	2.6438082900233004
12.752129226354246	1.8325437655750836	435.75847855078143	95.12348516734676	326.27699717227006	432.1507831888618	2.6471686181501197
12.753216657246124	1.8349448045553216	436.46880021128686	95.40243966930377	326.5755777377671	432.6601038661683	2.6507178488648133
12.75545520181909	1.8373313909523827	437.24189954032903	95.68139417126082	326.8412009265154	433.18202274982957	2.654578433495628
12.755996686520827	1.8397026379402108	438.10081540718625	95.96034867321784	327.15166925261695	433.7357502435828	2.658864934194599
12.754637777235024	1.8420572828261614	439.0616357645297	96.23930317517487	327.5102837165925	434.3018265398121	2.6636574775786617
12.756609657348779	1.8443935142602492	440.17500123040395	96.51825767713188	327.7758052075139	434.9140947837339	2.6692079069532384
12.7571656695572	1.8467084209678484	441.58018547703927	96.79721217908893	328.0768817343015	435.5481417093004	2.676208992554526
12.759362955094117	1.8489955890803875	443.7780432945536	97.07616668104595	328.32825852911947	436.2191496422076	2.6871528567132157
12.758342796385945	1.850601270785304	636.8341627823031	97.35512118300298	328.57540100591274	436.76096736212037	3.6478035327745677
12.758473947513396	1.850785688541503	830.0580264777315	97.63407568496	328.59698138483833	436.9204060150274	4.6090318734496485
12.758262529467682	1.8506827575536327	832.4517437943964	97.91303018691704	328.5886861887359	437.0485349333924	4.620936553073616
12.756810500555906	1.8505329695837134	833.9827179243963	98.19198468887407	328.60804934445116	437.2097743090757	4.6285484426960055
12.755781863052368	1.8503581109379619	835.2199484716378	98.47093919083109	328.6123499096593	437.40876347341765	4.634698256471338
12.75613159881076	1.8501655342705525	836.2736164032577	98.74989369278813	328.5763610120414	437.6500165283379	4.639934141349055
12.755825249894404	1.8499590158382293	837.204937361729	99.02884819474517	328.5564782873497	437.9181576274878	4.644560683684198
12.75176090862171	1.849740935885934	838.0506443220416	99.30780269670218	328.6382423969086	438.2141929566381	4.648760689307445
12.754139649684234	1.8495129612794994	838.8341160726065	99.58675719865921	328.5416461357247	438.55453578910993	4.652650538094765
12.753163510467038	1.849276347150918	839.5709414560391	99.86571170061625	328.53602449358357	438.93907749921135	4.656307861245302
12.752182162067273	1.8490320827104902	840.2683277109325	100.14466620257328	328.5294926721487	439.3490631100167	4.659768548940548
12.751145119639832	1.8487809774952237	840.9156566574799	100.4236207045303	328.5235482858169	439.8495006266609	4.6629795564086844
12.75055247330912	1.8485237085252537	841.542511134375	100.70257520648732	328.50454081977887	440.38138950283997	4.66608840139608
12.748722971382076	1.8482608507381602	842.1402707814262	100.98152970844436	328.5187534565011	441.03996161778366	4.669052058950908
12.746917733018112	1.8479929031767368	842.7109262176665	101.26048421040139	328.5316008323766	441.8220453899082	4.67188039688284
12.748197957924136	1.8477203122441996	843.2688352215812	101.5394387123584	328.45898268422565	442.82282210475523	4.6746450973811795
12.746196972478907	1.8474434566598557	843.7963510614023	101.81839321431544	328.475974592396	444.44252226020717	4.677257979326507
12.743472280040894	1.8471626844745817	844.3193907525723	102.09734771627247	328.51233300146464	575.1207806792863	4.679848502217369
12.741676493357428	1.8468783089353937	844.8134627071761	102.3763022182295	328.52265394890657	799.7008688706887	4.682294247174847
12.741065680662135	1.8465906130232204	845.3057353576891	102.65525672018653	328.499917081786	831.5390071236578	4.684730999385266
12.741142397023372	1.8462998610340673	845.7736786109926	102.93421122214357	328.4578305822806	833.2864427168132	4.687046084866092
12.739584781184647	1.846006269858535	846.2386027809214	103.21316572410059	328.4603099423569	834.5818274450558	4.689346072480027
12.738471081853692	1.845710072449174	846.6860144280998	103.49212022605762	328.4502075784855	835.6789765103658	4.69155842955054
12.737793708443792	1.8454114656254783	847.1264689048745	103.77107472801464	328.4277516751414	836.6438378072047	4.693735973782729
12.735539970803753	1.8451106359033036	847.5576844625638	104.05002922997168	328.4483812501738	837.5206035192317	4.6958672577915435
12.734226086953608	1.8448077505972988	847.9761162154996	104.3289837319287	328.4428449208017	838.3280317246146	4.697934531967819
12.732485807211024	1.8445029766602192	848.3945479684355	104.60793823388573	328.44878622713287	839.0659096019685	4.700001804865409
12.731101823537903	1.844196465618138	848.812979721371	104.88689273584275	328.44466648517334	839.7620735106647	4.7020676154847445
12.730185506261677	1.8438883609300658	849.2314114743066	105.16584723779978	328.4274285727517	840.4280706674334	4.704133426104081
12.728728212824468	1.8435787867056148	849.6498432272421	105.4448017397568	328.4248864416713	841.0527209130365	4.706198388606921
12.727510410706957	1.84326786726735	850.0682749801775	105.72375624171383	328.4155459546684	841.651839366672	4.708262738256936
12.72522054230596	1.8429557160630414	850.4867067331132	106.00271074367086	328.4355931133246	842.2335828289737	4.710326856831072
12.725075725891495	1.8426424379918471	850.9051384860488	106.2816652456279	328.39630652250247	842.7798583892811	4.712389748092074
12.722449468180777	1.8423281330856445	851.3235702389843	106.56061974758492	328.4253285096162	843.3235653873244	4.714452639353073
12.721095132134327	1.8420128957563258	851.7420019919198	106.83957424954195	328.41911856711465	843.832569675949	4.716514461079414
12.719364492657915	1.841696810901686	852.1604337448553	107.11852875149897	328.42317023543103	844.3411333328756	4.718575896524421
12.716241543405111	1.8413799673485751	852.5788654977908	107.39748325345602	328.4655689355504	844.8222760844344	4.720636882669487
12.715045503232757	1.8410624412647383	852.9972972507263	107.67643775541303	328.4546481043351	845.3002774752771	4.722696864864269
12.71437720013057	1.8407443082761268	853.4157290036619	107.95539225737006	328.42904193832754	845.7543819815502	4.724756847059052
12.711608716637878	1.8404256412278006	853.8341607565974	108.2343467593271	328.4614006096289	846.2079349681478	4.726815549796614
12.711279211572153	1.8401065060114707	854.252592509533	108.51330126128413	328.4262525235822	846.6431718354122	4.72887408129971
12.709496491782117	1.839786967870676	854.6710242624684	108.79225576324114	328.43121900620605	847.0716505447926	4.730931956726265
12.707668094331513	1.8394670876718209	855.089456015404	109.07121026519818	328.43739508789884	847.4942892737615	4.732989040089015
12.705768674619696	1.8391469273421985	855.5078877683395	109.3501647671552	328.4454916894881	847.9014860827301	4.735046091038938
12.704291834231185	1.83882654053514	855.9263195212751	109.62911926911224	328.4418491638419	848.3081748242445	4.737101728805508
12.708400891612573	1.8385059785398339	856.3447512742107	109.90807377106927	328.2834481600123	848.7081969363768	4.739157366572078
12.700771124885142	1.8381852961631846	856.7631830271463	110.1870282730263	328.4501708857932	849.1222149144729	4.741212152808752
12.699039837111703	1.8378645416946267	857.1816147800818	110.46598277498333	328.4534945066623	849.529196304411	4.743266347516167
12.696985263930424	1.8375437603569653	857.6000465330173	110.74493727694036	328.46577029593044	849.9365585876703	4.745320317439415
12.695182651894466	1.8372229990210198	858.0184782859528	111.02389177889738	328.4710555208029	850.3435245710511	4.747373071617581
12.693710055746052	1.8369023005428469	858.4369100388884	111.30284628085441	328.46718195162856	850.7501804901711	4.749425825795749
12.691833500366046	1.8365817033496452	858.8553417918241	111.58180078281144	328.4745222397713	851.157317421625	4.751477544191097
12.61088656892483	1.8241688850780429	875.5926119092459	122.73998086109259	328.98307179956277	867.4474071780542	4.8330763269124715
12.52143836639909	1.8131946864475619	892.3298820266677	133.89816093937375	329.92302215234525	883.7443923811815	4.9137681677847
12.427670968435807	1.8039810017864757	909.0671521440895	145.0563410176549	331.2355638636238	900.0449351886788	4.9935871549962885
12.333240673744362	1.7965007700134967	925.8044222615109	156.21452109593602	332.82400233865735	916.3451126452713	5.072565527041559
12.242524545582407	1.7906037371255743	942.5416923789329	167.37270117421716	334.54859701054954	932.638662656639	5.150733801771413
12.145372453992984	1.7860995155286952	959.2789624963543	178.53088125249832	336.69806226532233	948.9423627500942	5.2281196980364015
12.057930605606735	1.782793138613085	976.0162326137761	189.68906133077948	338.760872857338	965.2297927068854	5.3047507802417915
11.971246857821406	1.7805008272951393	992.7535027311978	200.84724140906062	340.9871805109353	981.5156434256684	5.380651365559013
11.888078735719574	1.7790565241823018	1009.4907728486198	212.00542148734172	343.26524590154673	997.794861513749	5.455845697162771
11.807477544625542	1.7783138590974528	1026.2280429660416	223.16360156562288	345.6014647664769	1014.068758599421	5.5303563505269295
11.731151192796151	1.7781458647517445	1042.965313083463	234.32178164390402	347.9162826046443	1030.3338362992188	5.604204241534423
11.656878940329406	1.7784436009888793	1059.7025832008849	245.47996172218518	350.2557567646242	1046.594123846984	5.6774096887067405
11.589857151809	1.7791143294368348	1076.4398533183066	256.63814180046626	352.428300346896	1062.837406794314	5.749992433432583
11.51843560209153	1.7800795766969721	1093.1771234357284	267.79632187874745	354.79940605592293	1079.0901936924863	5.8219694262081365
11.453497424554369	1.7812732600626586	1109.9143935531504	278.9545019570286	356.989617764883	1095.326761838938	5.893359032616295
11.390941339200149	1.7826399503620483	1126.6516636705721	290.1126820353098	359.12387169375535	1111.5563053508815	5.964177436417463
11.335835324239975	1.7841333347552424	1143.3889337879934	301.2708621135909	361.0250326383645	1127.7646495421432	6.034440171096277
11.273595518185648	1.7857148475325386	1160.1262039054147	312.429042191872	363.15672773681297	1143.9910935957696	6.104162157526648
11.21822939976446	1.7873524912614842	1176.8634740228367	323.58722227015323	365.06134472699335	1160.1970950822085	6.173357735170869
11.166352985439252	1.7890198268746476	1193.6007441402583	334.74540234843437	366.8454659599431	1176.3910796413873	6.242040691345971
11.113629451166721	1.7906951008576235	1210.3380142576798	345.9035824267155	368.6435565246035	1192.5859022032464	6.310224288697721
11.064530950123405	1.7923605106095999	1227.0752843751015	357.06176250499664	370.31406388193557	1208.7675258685756	6.377920205806549
11.016777526770257	1.794001577701833	1243.8125544925235	368.21994258327777	371.9288805505293	1224.9427273788142	6.445141479850883
10.970887001834464	1.7956066164886468	1260.5498246099455	379.37812266155896	373.47152423316027	1241.1095090532483	6.511898494903756
10.926539429023538	1.7971662888917206	1277.2870947273673	390.5363027398401	374.9511082895615	1257.2686446780797	6.578203079961223
10.882960982647132	1.7986732221355874	1294.0243648447893	401.69448281812123	376.3963103993454	1273.422737120271	6.644065617068358
10.842026941131785	1.8001216918069058	1310.761634962211	412.85266289640236	377.74752805403887	1289.5645224440475	6.7094961422730055
10.800916277295256	1.8015073533842259	1327.4989050796328	424.01084297468344	379.09436627872606	1305.7045095025542	6.774504360539872
10.765311161032997	1.8028270104790667	1344.2361751970543	435.16902305296463	380.265477650422	1321.8196514687568	6.839099659881397
10.725489220415154	1.8040784289872007	1360.9734453144763	446.32720313124577	381.55344192057083	1337.949273105972	6.90329112475364
10.688792450623941	1.805260169774264	1377.710715431898	457.48538320952696	382.74019396291874	1354.0631593402143	6.967087548762099
10.65537546215751	1.8063714543794673	1394.4479855493191	468.64356328780804	383.8217240970023	1370.1596170701264	7.030497446719218
10.618843318153234	1.8074120524201722	1411.1852556667407	479.8017433660893	384.98860247058633	1386.267153897731	7.093528375513106
10.58532288105497	1.808382179292482	1427.9225257841622	490.95992344437036	386.061715942997	1402.3580335533882	7.15618862555865
10.552660490675402	1.8092824184306657	1444.659795901584	502.1181035226515	387.1046248029097	1418.4417858616307	7.21848548676726
10.520829097956746	1.8101136515994931	1461.3970660190057	513.2762836009326	388.1186079375295	1434.5183835362564	7.280426480043145
10.489036634273383	1.8108769986277051	1478.1343361364275	524.4344636792138	389.1268771654577	1450.5917644947417	7.342018102655831
10.4613474638635	1.811573770155447	1494.8716062538488	535.5926437574949	390.0106909009648	1466.6404802387995	7.403267682996149
10.429246219886048	1.8122054263147245	1511.6088763712703	546.7508238357761	391.0226998327628	1482.709451189609	7.464181667691537
10.402470617307923	1.8127735439497483	1528.3461464886918	557.9090039140572	391.87426854458886	1498.7461647380808	7.524766326589232
10.37409624322553	1.8132797824212386	1545.0834166061136	569.0671839923383	392.7718932635266	1514.788291240626	7.58502774685153
10.346620411856847	1.813725861128323	1561.8206867235351	580.2253640706195	393.6408869225239	1530.8219597043014	7.644971899892905
10.31985163283471	1.81411354585253	1578.5579568409566	591.3835441489007	394.4875943768245	1546.848085574504	7.704604525273094
10.296000300695326	1.8144446218480383	1595.2952269583786	602.5417242271818	395.24396789818275	1562.8527907327853	7.763931258058893
10.268414367966262	1.814720885807677	1612.0324970758004	613.699904305463	396.1159951916292	1578.8771699622332	7.822957573167301
10.242608495295455	1.8149441320993243	1628.7697671932215	624.858084383744	396.933676629147	1594.887184622552	7.881688802601445
10.218926166862945	1.8151161448212032	1645.507037310644	636.0162644620251	397.6855786284323	1610.8798639025686	7.940130140290272
10.19537251068386	1.8152386868921029	1662.2443074280654	647.1744445403064	398.4341812970541	1626.867961830682	7.998285933276761
10.171573701362364	1.8153134988112452	1678.9815775454872	658.3326246185874	399.19106647798424	1642.8541633578961	8.056161667663325
10.149054166767094	1.8153422859232304	1695.718847662909	669.4908046968686	399.9079519672263	1658.8278213143622	8.113761700998674
10.135411800400394	1.8153267232224473	1712.4561177803303	680.6489847751498	400.3358809015037	1674.733105911832	8.171090655530113
10.10516910899256	1.8152684468191778	1729.1933878977525	691.8071648534309	401.309121042005	1690.7558122191751	8.2281528416573
10.084214193161522	1.8151690509204383	1745.9306580151738	702.965344931712	401.9790817233942	1706.706730229142	8.284952919390461
10.061729265916773	1.8150300896444949	1762.6679281325949	714.1235250099932	402.7024328578837	1722.665772225627	8.341494349463687
10.040959151612514	1.814853072947163	1779.4051982500164	725.2817050882744	403.37067202825637	1738.6079276488138	8.397781784871672
10.019908797704728	1.8146394679322952	1796.142468367438	736.4398851665554	404.0511239936878	1754.5487089878138	8.45381911825325
10.000694935199144	1.8143906962794247	1812.879738484859	747.5980652448367	404.6701765371854	1770.470744278471	8.509610137233532
9.987029592731368	1.8141081370965786	1829.6170086022812	758.7562453231178	405.09610404822627	1786.3415908942811	8.565158484186632
9.964503877066091	1.8137931234307092	1846.3542787197025	769.914425401399	405.83561257524804	1802.2835698613492	8.620467786059022
9.943192606096463	1.813446945243038	1863.0915488371245	781.07260547968	406.53683672365247	1818.2121920668121	8.675541736145107
9.926085466800727	1.8130708495990155	1879.828818954546	792.2307855579612	407.08971845507773	1834.0998887949786	8.730383798619322
9.906035401484708	1.812666042247059	1896.5660890719673	803.3889656362423	407.7527676437723	1850.0104209449914	8.784997362244052
9.88677876881851	1.812233685472015	1913.3033591893893	814.5471457145234	408.39098016625536	1865.9103428886792	8.83938551595726
9.870316750873819	1.8117749009793298	1930.0406293068106	825.7053257928047	408.92777747223994	1881.7801236503497	8.893551656068889
9.852329826188468	1.8112907716536035	1946.7778994242324	836.8635058710857	409.5251417838242	1897.6605554531434	8.94749896394119
9.83610897092281	1.810782341818358	1963.5151695416541	848.0216859493669	410.0580733203562	1913.5197786593128	9.001230554324033
9.82730963723814	1.810250617370178	1980.2524396590757	859.1798660276481	410.3040755997138	1929.2993751479935	9.054749384995617
9.802332167833455	1.8096965674275367	1996.9897097764974	870.3380461059293	411.18458108340957	1945.2396274372352	9.108058009451744
9.787450316471046	1.8091211269322611	2013.7269798939194	881.4962261842104	411.67250400843693	1961.0727427738268	9.161159811072967
9.769752610528537	1.8085251967562317	2030.4642500113407	892.6544062624915	412.2774167534212	1976.9316934162398	9.21405731725217
9.754889066501745	1.807909642063295	2047.2015201287622	903.8125863407726	412.7704743553916	1992.756406171986	9.266753193480948
9.740803648425494	1.8072752980758802	2063.9387902461845	914.9707664190539	413.2346213211712	2008.5681916747653	9.319250349019411
9.726161444347895	1.806622967974768	2080.6760603636058	926.128946497335	413.72336964174	2024.3818059057533	9.371551062354962
9.713353987456253	1.8059534254699772	2097.413330481027	937.2871265756161	414.13813681797006	2040.1700523717252	9.42365813796694
9.693440844288354	1.8052674153737165	2114.1506005984484	948.4453066538972	414.8585561955362	2056.0369392852376	9.475574039184822
9.681394637440851	1.8045656548593114	2130.887870715871	959.6034867321786	415.24599460079827	2071.807928271736	9.527300920714145
9.664005170767942	1.8038488332631955	2147.625140833293	970.7616668104596	415.8694506482566	2087.638882251205	9.578841566440763
9.64997293434033	1.8031176138757048	2164.3624109507145	981.9198468887407	416.349865394035	2103.425602979313	9.63019817627395
9.635490978696385	1.802372636760278	2181.0996810681354	993.0780269670219	416.85444659699067	2119.213950945134	9.681372711613333
9.621123428952934	1.8016145160628765	2197.8369511855576	1004.236207045303	417.357415226344	2134.997074506067	9.732367762191958
9.607995439102005	1.800843843641317	2214.5742213029794	1015.3943871235842	417.80789456586183	2150.7603521677897	9.783185476601393
9.600753623519582	1.800061189459585	2231.3114914203993	1026.552567201865	417.98628438448304	2166.441630095504	9.833827965891945
9.581134426235147	1.7992671012451729	2248.0487615378206	1037.7107472801463	418.74639111396584	2182.2825509108625	9.884297304425075
9.57206604754332	1.7984621069812363	2264.7860316552415	1048.8689273584273	419.0125654411952	2197.978196889556	9.934595530702136
9.564389761568812	1.7976467131613039	2281.5233017726637	1060.0271074367085	419.2106211658695	2213.6487478633767	9.984724648170193
9.552936990437452	1.796821409096195	2298.260571890085	1071.1852875149898	419.5908525362417	2229.366225767345	10.034686626005659
9.53157301716049	1.7959866646529792	2314.9978420075063	1082.3434675932708	420.46362375087296	2245.2210736026996	10.084483399876524
9.517080194499655	1.7951429322543224	2331.735112124927	1093.501647671552	421.00847084275256	2260.975881670951	10.13411687268378
9.503823677270098	1.7941847529319257	2348.4723822423493	1104.659827749833	421.49416163536495	2276.709362656334	10.183588915282808
9.507417188708594	1.793430228671937	2365.209652359771	1115.8180078281143	421.1221069549992	2292.186532173288	10.232901367185256
9.480306599087863	1.7925620802556719	2381.9469224771924	1126.9761879063956	422.32621633517573	2308.1201291490966	10.282056037242151
9.468605083472246	1.7916865902188959	2398.6841925946146	1138.1343679846766	422.74503869288634	2323.8184375726455	10.331054704308741
9.456617888791953	1.7908041308853104	2415.4214627120364	1149.2925480629576	423.18155709744826	2339.517155634753	10.379899085510985
9.448422442776067	1.789915064924237	2432.1587328294577	1160.450728141239	423.4162528911931	2355.151641917951	10.428590548690961
9.437960228847517	1.7890197364302003	2448.89600294688	1171.6089082195201	423.7770017583872	2370.81714846989	10.477131127888315
9.42347342228632	1.788118480016916	2465.6332730643016	1182.7670882978011	424.3599355375654	2386.5441568433794	10.52552248943167
9.411619379409014	1.7872116151261226	2482.3705431817234	1193.9252683760824	424.80623647902377	2402.224881571139	10.57376588399583
9.402603479256115	1.7862994526767333	2499.1078132991456	1205.0834484543634	425.0943730024217	2417.85404575057	10.621863107307291
9.38943317205356	1.7853822885149377	2515.8450834165674	1216.2416285326447	425.6220910005745	2433.549300784737	10.669815855495354
9.377467107376646	1.7844604103670898	2532.582353533989	1227.399808610926	426.08693979772806	2449.220731719988	10.717625126015157
9.367028556222966	1.7835340938100743	2549.3196236514113	1238.557988689207	426.4698877376292	2464.8618421711903	10.76529304247396
9.365168863035386	1.7825619750939747	2566.0568937688313	1249.716168767488	426.34071826478066	2480.3457013268226	10.812820448412156
9.345947538542536	1.7816691970271368	2582.794163886254	1260.8743488457694	427.2815670846075	2496.1354095181964	10.860209379947813
9.339551851498031	1.78073111847515	2599.5314340036757	1272.0325289240504	427.4347233583164	2511.690190396525	10.907460621104022
9.327419059225443	1.7797896071192165	2616.2687041210975	1283.1907090023315	427.97089394219375	2527.345645873972	10.954576166236336
9.315687807265293	1.7788448902730771	2633.0059742385197	1294.3488890806127	428.4911213773409	2542.9904689743576	11.001556848254666
9.309317603689164	1.7778971875718723	2649.743244355941	1305.5070691588937	428.6558931931496	2558.529705442954	11.048404341054107
9.295802251813768	1.7769467115944335	2666.4805144733627	1316.665249237175	429.32905295917016	2574.2013517312084	11.095120004742597
9.286134167667893	1.7759936660683318	2683.2177845907854	1327.8234293154562	429.7548641560878	2589.795379585781	11.14170468724708
9.278590746161196	1.7750381990916346	2699.955054708207	1338.9816093937372	430.02019955193407	2605.343103557989	11.188160101030224
9.266466698061832	1.7740806445871973	2716.692324825628	1350.1397894720183	430.6582716548446	2620.977884603573	11.23448746060566
9.24688008620644	1.7720927988418236	2750.166865060471	1372.4561496285808	431.6205313642538	2652.143116792872	11.326762273703507
9.238912487435845	1.7711965249567745	2766.9041351778924	1383.6143297068618	431.96569840089876	2667.6817951135895	11.372712316241143
9.228889544909844	1.7702319441566225	2783.6414052953146	1394.772509785143	432.5090147417479	2683.259269266282	11.418539037113284
9.210887326497	1.7682989222439596	2817.1159455301595	1417.0888699417053	433.47117671653575	2714.3590978151733	11.509827031959258
9.203364161241458	1.7673307785776333	2833.853215647581	1428.2470500199865	433.8322304553688	2729.8704191829956	11.555290443441613
9.194428859499304	1.766361733506672	2850.5904857650035	1439.4052300982676	434.3466238973426	2745.4083745920325	11.600634961418567
9.184470001241692	1.7653919240552254	2867.3277558824248	1450.5634101765488	435.0279922509531	2760.965407026157	11.645861709243919
9.175043491058826	1.7644214789148462	2884.065025999846	1461.72159025483	435.6829943032875	2776.506914809297	11.690971746038423
9.168454757293002	1.763450523680103	2900.802296117268	1472.879770333111	436.00207054430643	2791.979283961231	11.735966116989395
9.16036657394097	1.7624791796576575	2917.5395662346887	1484.0379504113923	436.53850664365984	2807.4815340007804	11.780845853589323
9.150483343817267	1.7615075606002608	2934.27683635211	1495.1961304896734	437.3808084314678	2823.021953651465	11.825611973869488
9.148186456394795	1.7605357837634399	2951.0141064695313	1506.3543105679544	437.1057524091878	2838.377585690235	11.870265482628671
9.136600617409524	1.7595639477164742	2967.7513765869535	1517.5124906462356	438.3048991290653	2853.9507088834202	11.914807317790137
9.124609058581822	1.7585921641282587	2984.4886467043752	1528.6706707245164	439.86773309709594	2869.531575282387	11.959238407842737
9.117173595444077	1.7576205292271416	3001.225916821798	1539.828850802798	440.6564278552266	2884.9976580484927	12.003559794338326
9.109088854776353	1.7566491410162552	3017.96318693922	1550.9870308810791	441.81070311813687	2900.475578283819	12.047772431930778
9.108396411888657	1.7556780904016913	3034.7004570566414	1562.14521095936	440.79072740055864	2915.761978444486	12.091877263103774
9.09735372752067	1.7547074687195188	3051.437727174064	1573.3033910376412	443.1908389833621	2931.3056504236583	12.135875218372888
9.08668064744091	1.7537373599212627	3068.174997291486	1584.4615711159224	711.8506901927537	2946.8374877571096	12.179767152803242
9.08060431858101	1.7527678464054959	3084.9122674089085	1595.6197511942034	829.6192225595789	2962.2463358318555	12.223553770537256
9.070195525365525	1.7517990084736454	3101.6495375263307	1606.7779312724847	834.0127568487089	2977.7650825356563	12.267236208204313
9.062184743718507	1.7508309223658274	3118.386807643752	1617.936111350766	835.5897591030147	2993.2170568749557	12.310815350910561
9.054030441205839	1.7498636616999181	3135.124077761174	1629.094291429047	836.9512214258966	3008.669104084276	12.354291881815316
9.046959682555505	1.7488972959001077	3151.861347878596	1640.2524715073282	837.8354929904004	3024.0877511478066	12.397666610070537
9.039106990486557	1.7479318957761134	3168.5986179960178	1651.4106515856095	838.8590573219084	3039.523770280368	12.440940609417225
9.032226491470597	1.7469675249371859	3185.335888113439	1662.5688316638903	839.5658601398023	3054.928755208177	12.484114486128982
9.025412675260302	1.7460042462616212	3202.073158230861	1673.7270117421715	840.2221186165802	3070.327507646165	12.527189033890002
8.725889447407043	1.7001027940226823	4038.9366641019474	2231.6360156562287	857.5921470990585	3833.594510944687	14.569437986139178
8.618084938455173	1.6792437468980042	4457.368417037485	2510.5905176132574	860.6391214137966	4209.590458445038	15.521511370779148
8.516053402932561	1.6598457133217381	4875.800169973027	2789.545019570286	863.832255214437	4582.7032402098985	16.43614880236155
8.431260582602722	1.6418345424787524	5294.23192290858	3068.4995215273148	865.1106224701304	4952.18225037681	17.31804606507826
8.355361877816039	1.625107213762278	5712.663675844119	3347.454023484343	865.7914142635999	5318.454079350426	18.17097159320671
8.293782901658503	1.6095541239879994	6131.095428779665	3626.4085254413717	864.7839188789799	5680.872745787518	18.998005987647097
8.234569049356638	1.595069104584418	6549.527181715205	3905.3630273984004	864.1609764636233	6040.469173110933	19.801707820677276
8.189446852621554	1.5815536317786973	6967.958934650748	4184.317529355429	861.6966661800327	6395.787071667205	20.584230472162325
8.135935346912232	1.5689182294754076	7386.390687586302	4463.272031312457	861.4715272816333	6749.6575439824555	21.34740742844097
8.09500322140242	1.5570825460126052	7804.822440521843	4742.226533269486	859.5501493454971	7099.203055982675	22.092816027569704
8.079826817251034	1.545974820010515	8223.254193457386	5021.181035226515	853.4338731039703	7441.593011083223	22.821825039454215
8.023934378740343	1.535531113039969	8641.68594639292	5300.1355371835425	855.395686403576	7788.746844019856	23.535631910536015
7.993046860666345	1.5256944778742938	9060.117699328472	5579.090039140572	853.2135068740282	8128.761084901747	24.23529149525174
7.968102379481209	1.5164141513395721	9478.549452264007	5858.044541097601	850.3828438498648	8464.848664971461	24.921739058264347
7.938048650498276	1.5076448146256594	9896.98120519956	6136.9990430546295	848.9177680404811	8799.574584662667	25.595808829260324
7.916704626706715	1.4993459301682155	10315.412958135112	6415.953545011657	846.1578423096843	9129.536062990686	26.25824833275891
6.139002875042752	1.3722940158683357	10733.844711070657	6694.908046968686	1348.3926453066438	9935.48623257659	26.909731150058285
7.872282214977652	1.484017820652734	11152.276464006201	6973.862548925715	841.0829320749101	9782.184606472572	27.550866342922014
7.854429083188776	1.476926510779928	11570.708216941744	7252.817050882743	836.9386729520538	10103.32747063468	28.18220735954019
7.839311942348759	1.4701806489353513	11989.139969877298	7531.771552839771	589.4736665827438	10420.915053339948	28.804258761021927
7.8222912430004365	1.4637561796337242	12407.571722812832	7810.726054796801	440.31291004530897	10736.61549778602	29.417481929804502
7.81081380928429	1.4576312718090643	12826.003475748379	8089.6805567538295	436.82610353899213	11047.569225242083	30.022300526543333
7.794242190410573	1.4517860720181464	13244.435228683913	8368.635058710857	435.32857579056815	11358.059130859114	30.61910440921126
7.782662670828052	1.446202476513101	13662.866981619462	8647.589560667886	433.5087494047435	11663.877420187322	31.208253355724125
5.822976565791841	1.277856583045408	14081.298734555001	8926.544062624915	1415.4433360725152	12836.705093875873	31.790080506738228
7.762678449538303	1.4357553419953089	14499.730487490537	9205.498564581943	430.5313799252945	12266.223040574127	32.36489465149438
7.750744896875075	1.430862769300841	14918.162240426082	9484.453066538972	429.5990689837537	12564.588058948182	32.93298302441083
7.741678181030959	1.42617346040718	15336.59399336163	9763.407568496	428.53462855962397	12858.927055783359	33.494613413686395
7.74107767367235	1.4216756550229783	15755.025746297177	10042.36207045303	426.8837130075361	13145.719297693127	34.05003557427182
7.725465237012022	1.4173585002327465	16173.457499232723	10321.316572410058	426.6544794461462	13438.912088586665	34.599483246999256
7.721249589920409	1.4132119697662193	16591.889252168283	10600.271074367085	425.572309439372	13722.62780451253	35.14317551288798