28.382674912641598	0.08186168569606778	35.01889990375193	0.11158180078281144	0.21926186974739212	29.42314902622758	0.2294761402266479
27.641770240697547	0.08321373215704085	56.00181385488425	0.22316360156562287	0.16964892259207845	45.838738242152175	0.36638318336958964
26.83433892584748	0.08412053650494968	72.04827648580353	0.33474540234843436	0.14312977282693629	59.51381247828058	0.4708744562489539
26.655930269292238	0.08653140692622104	81.10687321179608	0.44632720313124574	0.11056400213515243	70.98732377518685	0.5297225169962301
25.816045958412317	0.08964351049144294	90.14122176324858	0.5579090039140573	0.09426161745451377	78.92916323992486	0.5884123560085507
25.510632233044056	0.09351022418067965	97.0036548044586	0.6694908046968687	0.07703501150416726	86.10946335922631	0.6325701430208444
24.865723215220463	0.09808744128249584	101.25525164665608	0.7810726054796802	0.06441478610460978	94.30146334271618	0.6592591071306456
24.363387806718706	0.10347096747597125	105.50684848885356	0.8926544062624915	0.05173119779557157	98.66426263710478	0.6859480712404469
23.71699265879324	0.10924524599950719	109.75844533105104	1.004236207045303	0.045385242815485956	102.71746229944176	0.7126370353502481
12.790508200417223	0.5526437528422838	245.1184020096942	11.158180078281145	108.24941371527719	242.56514105840452	1.5639839105109101
12.741844988683567	0.5871555111555989	253.65404261951434	12.273998086109259	117.50875010195774	251.0689532292167	1.6161407903683724
12.703093518621078	0.6199291074439531	261.7296876054994	13.389816093937375	125.85018533037763	259.1086625237894	1.6652807548923627
12.673870060804246	0.6511410717392117	269.4055962745393	14.505634101765487	131.68568792249943	266.74817204637486	1.7117993338468043
12.649050694321803	0.6809410051343897	276.72287937272495	15.621452109593601	137.20306003060705	274.0332163034561	1.7559712092779407
12.638971559768402	0.7094612567635955	283.69870404461176	16.73727011742172	142.17221895081167	280.9830511068824	1.7979216311163295
12.623873044969306	0.7368252430033018	290.3264756886116	17.853088125249833	147.07696947749466	287.610185794187	1.8376317821389079
12.600631528880603	0.7631549914313146	296.5716568394774	18.968906133077947	151.9751716651829	293.89426702747585	1.8749153030271155
12.589731016760224	0.7885774509434988	302.37346995694344	20.084724140906058	156.3914754908005	299.77770726560766	1.9094300248894451
12.576964650428856	0.813221882641108	307.6977800217818	21.200542148734172	160.71336166173728	305.21883451969086	1.9409954673559573
12.570265083236668	0.8372084305606754	312.5548311003268	22.316360156562286	164.7687886265924	310.20209391619466	1.9696941581087066
12.572861913941608	0.8606367865296405	316.9984994001083	23.4321781643904	168.49198743998335	314.7563998666357	1.995863315072614
12.555355391952354	0.8835802784123964	321.11246882335183	24.547996172218518	172.6671342459176	318.9610736518758	2.020012427524096
12.552586668515302	0.9060872279487413	324.97287906137774	25.663814180046632	176.39579567776644	322.8812256958583	2.0425998459960533
12.549303360794479	0.9281868800742319	328.64772908651815	26.779632187874743	180.08381759946494	326.58826436462635	2.06403412644212
12.547029355665046	0.9498960174825601	332.18020221677125	27.89545019570286	183.69401065141875	330.1367309646492	2.0845736169209217
12.549846986522324	0.9712245392010899	335.5982255806876	29.011268203530975	187.1171428062381	333.55972908762607	2.1043861706555105
12.541879842619874	0.9921794552440616	338.9166332901087	30.12708621135909	190.79417534865402	336.883362415041	2.123562600602054
12.541851623953152	1.0127675080659044	342.14054098195624	31.242904219187203	194.20553382854922	340.11169575241763	2.1421370079781914
12.540451557683788	1.0329967019400024	345.26897586087966	32.35872222701532	197.59985520610675	343.24823309017006	2.160108333654557
12.54794642716364	1.052876953245705	348.2934906048384	33.47454023484344	200.68296994274357	346.2879625227379	2.1774307504241994
12.550264790066533	1.0724201724174003	351.210670664623	34.590358242671556	203.86132557500414	349.22830420978073	2.194090618878463
12.545960590642697	1.0916398850196187	354.0134116692692	35.70617625049967	207.1846714453883	352.06484395029605	2.210051092885248
12.546458091755477	1.1105506904133053	356.69639673979367	36.82199425832778	210.32396229378122	354.78794887674593	2.2252858323402576
12.5468537442063	1.1291675848027425	359.2598072956073	37.937812266155895	213.42545230099563	357.39553768487303	2.2398008335536086
12.549732008290807	1.1475053415867196	361.7032782267105	39.053630273984005	216.41523699265278	359.88639815880884	2.253597754807214
12.551405279787563	1.1655780499041453	364.03298968856814	40.169448281812116	219.4062795923648	362.26468099343913	2.2667164136772837
12.558740718264321	1.1833988499448942	366.2544771961141	41.28526628964023	222.1916947877873	364.53312101731103	2.27919180247867
12.560058823171868	1.200979584575236	368.3723492162662	42.401084297468344	225.13025443811827	366.6968121538377	2.291052772256226
12.563009157007457	1.2183309544401535	370.3945062881371	43.51690230529646	227.99060166113577	368.76357774085784	2.30234711811895
12.566130400776824	1.2354623165346452	372.32977450712104	44.63272031312458	230.81955176279334	370.74062040449684	2.3131276296906176
12.56964265528042	1.2523818949893888	374.18470846904665	45.7485383209527	233.61137006091303	372.63384834342173	2.3234333070653297
12.57595388247614	1.2690968389724635	375.9661085932601	46.86435632878081	236.29105617781642	374.44910518437734	2.333304347113423
12.576834708017715	1.2856133438276007	377.6807841326737	47.980174336608926	239.12075181763444	376.19507180021907	2.342780804752391
12.583391473116663	1.30193676925473	379.3353523431716	49.095992344437036	241.74709169037502	377.8756664603081	2.3519014682303516
12.584308680430219	1.3180717656828473	380.936078147139	50.211810352265154	244.53465522373617	379.5000138255667	2.3607029707657965
12.586965572167815	1.3340223704641796	382.48624769484627	51.327628360093264	247.24045621033315	381.07241836383594	2.369204206513878
12.593317032956925	1.34979203171475	383.99094137104214	52.44344636792138	249.80042066518504	382.5974580320199	2.377434627335955
12.597410093219263	1.3653838373065095	385.4574652488782	53.559264375749486	252.41089292460313	384.0769883583978	2.385437058826325
12.604747967283995	1.3808004828862888	386.88526062837286	54.6750823835776	254.88930609122013	385.5193815227823	2.393207279747515
12.604988094095834	1.3960442962561939	388.28205340026153	55.79090039140572	257.5833133428908	386.9267196260726	2.400790724825697
12.604988094095834	1.3960442962561939	388.28205340026153	55.79090039140572	257.5833133428908	386.9267196260726	2.400790724825697
12.606341871655834	1.3998285140503122	388.62560388992966	56.06985489336274	258.2094142960993	387.27441297411394	2.402652426041103
12.606879975490108	1.4036020893810666	388.9691543795978	56.348809395319776	258.86186079950977	387.6180178147347	2.404514127256509
12.608997209186537	1.4073650398382642	389.3092460178832	56.6277638972768	259.45970749745436	387.9612809916932	2.4063548026499553
12.609273845875853	1.4111174390715293	389.64811616552146	56.90671839923384	260.1186828720764	388.3025449393451	2.4081880527909028
12.611075076403301	1.414859270301122	389.98693508958297	57.185672901190856	260.72417277794744	388.64099404152404	2.4100209900440475
12.611987170329952	1.4185905794910074	390.3213971290051	57.464627403147894	261.35834162387465	388.9796338824216	2.4118273142383533
12.613220682762336	1.4223114129678267	390.6558591684272	57.74358190510491	261.9804252581172	389.3146717251294	2.413633638432659
12.61660595432875	1.42602175272206	390.9893132638223	58.02253640706195	262.5280684966391	389.64816516290205	2.4154337715539547
12.615525926961634	1.4297216639803014	391.3196370570143	58.301490909018966	263.22612969201106	389.98261814606815	2.417214677487069
12.615991196489993	1.4334111652602954	391.64996085020636	58.580445410976004	263.87004501494346	390.31239809123514	2.4189955834201835
12.622647894431944	1.4370902503809329	391.9785969112701	58.859399912933036	264.3007145147694	390.6408470717193	2.4207660562565834
12.62077806111132	1.4407589859813332	392.30504983083335	59.13835441489007	265.0223512483002	390.9703470082013	2.4225230335115264
12.620113010956864	1.4444173759793721	392.63150275039663	59.41730891684709	265.70108926622567	391.2962764374479	2.4242800107664686
12.620802492371373	1.448065424676069	392.9558273330506	59.69626341880411	266.3318197287311	391.6219165111046	2.4260237333001684
12.620604075808604	1.4517031939548681	393.27867419404487	59.975217920761146	266.9920421774262	391.94644081699823	2.4277582529728985
12.623543876113223	1.4553306798427181	393.6015210550392	60.25417242271817	267.5429803860239	392.26778624482836	2.4294927726456286
12.624320922179209	1.458947898053895	393.92200192986	60.53312692467521	268.1667442487907	392.58958625361083	2.431212429756095
12.6255914736316	1.4625548995118354	394.24150496681034	60.812081426632226	268.7718326705094	392.90966803134694	2.432925944321691
12.626548376453806	1.466151679411102	394.5610080037607	61.091035928589264	269.3866693246198	393.227870792118	2.4346394588872866
12.627730589414782	1.46973825518566	394.8780758260635	61.36999043054628	269.99258076893625	393.54602392516756	2.436337520266725
12.629178041707517	1.4733146755331676	395.1944947110226	61.64894493250332	270.58727282410223	393.8623765076701	2.4380314636725844
12.629773210582275	1.4768809326060268	395.5109135959817	61.927899434460336	271.21021395072546	394.17735153960484	2.439725407078444
12.631806506889257	1.4804370506257325	395.82496375616637	62.206853936417374	271.7819521861422	394.49201952090584	2.441404138089287
12.63248813983187	1.4839830675386425	396.13855565388286	62.4858084383744	272.39953949451495	394.8052463526811	2.443079926052562
12.635650869327264	1.4875189801544133	396.4521475515993	62.76476294033144	272.9281551940778	395.11662881533556	2.4447557140158374
12.635403461305268	1.4910448080831868	396.76354217341384	63.043717442288454	273.57493682847	395.4287294583532	2.446417187304375
12.636149731489732	1.4945605909238697	397.0745618298326	63.32267194424548	274.18581459488223	395.73902405599836	2.448076217791955
12.637305869904845	1.498066326161599	397.38558148625134	63.60162644620251	274.7805596955467	396.04803452543075	2.449735248279535
12.63853092156323	1.5015620308119308	397.69465154487773	63.88058094815954	275.37111987371014	396.3570260776864	2.451381355984308
12.639240022277264	1.5050477418185944	398.00335140539033	64.15953545011656	275.97864080772945	396.66474449292247	2.45302500985484
12.640383671145457	1.5085234594843009	398.3120512659028	64.4384899520736	276.5697365256492	396.9712110080147	2.4546686637253714
12.641351757074165	1.5119891967439012	398.6190988018067	64.71744445403063	277.1645735109719	397.2777098302939	2.456301130142157
12.643971189270678	1.5154449897507178	398.9257291558621	64.99639895598766	277.69997399887177	397.582744227958	2.457930771930774
12.64380293437276	1.5188908402431058	399.23235950991756	65.27535345794469	278.33243006148433	397.8871900785791	2.4595604137193923
12.645216839315207	1.522326763832673	399.537659918174	65.5543079599017	278.90713095228296	398.1912943601099	2.4611808083062106
12.646100986168209	1.525752789756676	399.84246906705374	65.83326246185874	279.49873348610896	398.49469494828105	2.4627977871338333
12.647349226387297	1.5291689239364736	400.14727821593345	66.11221696381577	280.07623165502906	398.79678673276385	2.464414765961456
12.648528777010016	1.5325751755825083	400.45108259421517	66.3911714657728	280.654583755046	399.09888714053994	2.4660245165868653
12.651794346818777	1.5359715768247209	400.75431703896186	66.67012596772985	281.15659993189234	399.40002685027997	2.467630167177055
12.648591890536869	1.5393581347184186	401.0575514837086	66.94908046968686	281.8865933345465	399.7012607059814	2.469235817767245
12.652419929682406	1.5427348559899488	401.36008902527215	67.2280349716439	282.36616971027087	400.0009818669249	2.470836224123156
12.653294258404262	1.5461017723754158	401.6619936719374	67.50698947360091	282.9476238729903	400.30110797085985	2.4724318679106063
12.654253462028079	1.5494588854091607	401.96389831860273	67.78594397555796	283.524720924144	400.5998823866342	2.474027511698057
12.660546981258445	1.5528062190397927	402.2653787394322	68.06489847751497	283.91070410179793	400.89749919502003	2.4756197588143616
12.656510486711333	1.5561437815909838	402.56619711896985	68.34385297947202	284.66156753677154	401.1973436638936	2.477206705130095
12.658139774561295	1.5594715928125473	402.86701549850744	68.62280748142904	285.2091671474336	401.4946654740066	2.4787936514458275
12.657911106667687	1.5627896590317767	403.1676314901748	68.90176198338607	285.8213519853585	401.7923658011329	2.4803788232578206
12.659998509474574	1.5660980020239579	403.4676059901169	69.1807164853431	286.3487068924782	402.08955657195014	2.481958370575303
12.661575418301126	1.5693966342333319	403.76758049005906	69.45967098730013	286.8921954427084	402.38599156054255	2.483537917892785
12.662699217241059	1.572685564798125	404.06751019220155	69.73862548925715	287.4504050485483	402.6823081364004	2.485117010825606
12.663865061357665	1.5759648117115557	404.3668822989419	70.01757999121418	288.00423711768536	402.9786091881551	2.486690448061038
12.668816635751398	1.579234389856282	404.6662544056822	70.29653449317121	288.42162822010977	403.2735704838421	2.4882638852964702
12.666367604521506	1.5824943092550163	404.96562651242255	70.57548899512823	289.10044412960497	403.5698195662348	2.4898373225319017
12.66547091862972	1.585744583313632	405.2646744418319	70.85444349708526	289.7210330859057	403.8657238846696	2.491406429688128
12.668204440807461	1.5889852272137306	405.5636849897193	71.13339799904229	290.21047693480386	404.16058737290916	2.492975037534452
12.667752252132688	1.5922162537240718	405.86269553760667	71.41235250099933	290.8114037098448	404.45578898975447	2.494543645380776
12.670538458359246	1.5954376738008849	406.16162020117747	71.69130700295635	291.29424661068197	404.75026404908914	2.4961097320841503
12.671654860743041	1.5986495025574334	406.4605096266355	71.97026150491338	291.8342874952492	405.0450442559862	2.4976747843691007
12.672966384300118	1.6018517521923357	406.7593990520935	72.2492160068704	292.36564349013946	405.33947504675024	2.4992398366540507
12.67386906265043	1.605044432845516	407.0583497671181	72.52817050882744	292.9076067521583	405.63399032384297	2.5008037126439984
12.674871122147993	1.6082275587364112	407.3573583660068	72.80712501078446	293.44436342021805	405.92847284775695	2.5023664777026093
12.67850566299331	1.6114011441461817	407.65636696489554	73.08607951274149	293.8855379310962	406.2222480874527	2.5039292427612203
12.675893227744194	1.614565199270891	407.9554887731327	73.36503401469851	294.54389789817884	406.51741443343525	2.5054916857441523
12.67807512560037	1.6177197334716966	408.2548569590178	73.64398851665555	295.03126045086833	406.8114899100197	2.5070534277933767
12.679824146936072	1.6208647619513683	408.55422514490283	73.92294301861257	295.53034097356533	407.10573388217415	2.5086151698426016
12.680418508769575	1.6240002971437826	408.8536613404413	74.20189752056959	296.0670951875104	407.4002685043868	2.510176938903682
12.681915985774253	1.6271263478216202	409.153629901657	74.48085202252663	296.57039933279503	407.69458824035337	2.511738919408055
12.682404217422347	1.6302429250385349	409.4535984628727	74.75980652448366	297.1040651401862	407.98928946883984	2.5133008999124273
12.683719467221145	1.6333500438838218	409.75356702408845	75.0387610264407	297.6070448226322	408.283989191955	2.5148628804168
12.685145137350325	1.6364477139143323	410.054303480135	75.31771552839771	298.1029285870706	408.5786541942817	2.5164262278860843
12.690105466313971	1.6395359429473673	410.3551138335126	75.59667003035476	298.47306185881683	408.87259399271414	2.5179897069034074
12.686896739205036	1.6426147457147173	410.65592418689016	75.87562453231178	299.1238423044154	409.1689101416153	2.51955318592073
12.688021409394779	1.6456841369256145	410.95750881385584	76.1545790342688	299.6194969701938	409.46420867952725	2.521118635093287
12.688553881742566	1.6517946979778855	411.5612976920426	76.71248803818287	300.66232378331756	410.0559528144302	2.5242511100851948
12.695923371917102	1.6548359027285362	411.86388489072436	76.99144254013989	300.93575351547344	410.35057361754855	2.525819445238945
12.694732118635992	1.6578677242833684	412.16710682630526	77.27039704209692	301.4986106430629	410.64720819870047	2.527389702359316
12.6935073488919	1.6608901836318695	412.47032876188615	77.54935154405395	302.05784814770556	410.944572112682	2.5289599594796868
12.694683429655644	1.6639032940141782	412.7740815886505	77.82830604601098	302.53367408395064	411.24169536413547	2.530532000526789
12.694652311521226	1.6669070512442605	413.078875779157	78.10726054796801	303.0448607848207	411.5390977760712	2.5321075408156823
12.697214951283918	1.6699014737668152	413.3836699696634	78.38621504992503	303.4665621669912	411.83643797296145	2.5336830811045754
12.697932828202916	1.6728865760469767	413.6887626758225	78.66516955188207	303.94614058740035	412.13494681127844	2.535259696604415
12.70446969597868	1.6758623582696814	413.99537544533837	78.94412405383909	304.2291889971643	412.43202629294	2.5368417871563844
12.699808861735786	1.678828827383849	414.30198821485425	79.22307855579612	304.88062153996947	412.7321392377418	2.5384238777083534
12.701160295018342	1.6817860044534587	414.60860878065887	79.50203305775315	305.32791794388	413.0320077383984	2.5400059977678766
12.701018618645511	1.68473388995988	414.9172882218722	79.7809875597102	305.82284165694574	413.33223333071993	2.541595910301347
12.703281732807854	1.6876724885768466	415.22596766308544	80.05994206166721	306.23246447370093	413.6318531670622	2.5431858228348165
12.70456365133268	1.6906018196022827	415.5346471042987	80.33889656362425	306.6737134950745	413.93345340064474	2.5447757353682863
12.706760085052295	1.6935218881731333	415.84531647974893	80.61785106558126	307.0787877675403	414.23485161820327	2.546373463707253
12.706498052406232	1.696432691818763	416.156312639188	80.89680556753831	307.5629083097255	414.53685392446926	2.5479724755459707
12.707527984308893	1.6993342496629678	416.4673087986271	81.17576006949533	307.9988334689353	414.84007793260776	2.5495714873846884
12.70732431679085	1.702226574111174	416.78018541683986	81.45471457145234	308.47299191980505	415.14408047355926	2.5511780998062523
12.709762533344293	1.7051096519753373	417.09375045952225	81.73366907340937	308.8572265339914	415.44739569007004	2.5527874947547655
12.716913640594305	1.7079835075729846	417.4073155022046	82.0126235753664	309.09019071567496	415.75077270331707	2.5543968897032787
12.711699526720473	1.710848153107861	417.7226458364169	82.29157807732344	309.7110854882897	416.058315281467	2.5560135839898614
12.712708052721476	1.7137035736801607	418.03903418686394	82.57053257928045	310.13267837782587	416.36423523122687	2.5576346530882232
12.71326840471656	1.7165497933897562	418.355422537311	82.84948708123748	310.5625536799842	416.6712465884062	2.5592557221865855
12.714679114051146	1.719386816920722	418.673476831574	83.12844158319453	310.9648091852517	416.97956146297014	2.560883808044221
12.715835800808012	1.7222146401317238	418.992945287955	83.40739608515156	311.3691135881779	417.28792862504895	2.5625178501862518
12.716144448812821	1.7250332755599018	419.3124137443361	83.68635058710858	311.79902422716737	417.5971512128287	2.564151892328283
12.716436440761225	1.7278427432382861	419.6334883523061	83.96530508906562	312.22314661685266	417.90849905532446	2.5657928029258814
12.71871079675271	1.730643021814944	419.95629617027754	84.24425959102264	312.5860708016806	418.21929913610967	2.5674411253244362
12.719206200054524	1.7334341292042827	420.279103988249	84.52321409297967	312.9972382234832	418.53085302525466	2.569089447722991
12.720720012590618	1.736216085872088	420.60352362813217	84.80216859493669	313.3768705157711	418.8448548742123	2.5707447507487764
12.72157770498049	1.7389888683990657	420.92993257073823	85.08112309689372	313.77114706687144	419.1590191803893	2.5724086692305614
12.722487650410732	1.741752494023505	421.25634151334435	85.36007759885075	314.1624255413194	419.47315351402347	2.574072587712346
12.72256668928575	1.7445069834329223	421.58446141497694	85.63903210080777	314.57434788509727	419.79073536584366	2.575743995833082
12.723241028645715	1.7472523112337253	421.9147357647832	85.9179866027648	314.9661312379836	420.108188242586	2.577424834944689
12.725452301442377	1.7499884952795313	422.24501011458943	86.19694110472183	315.3089791533653	420.42519387124776	2.579105674056296
12.727774149714602	1.7527155547818025	422.5772180306001	86.47589560667886	315.64513516897466	420.74532688015717	2.5807950546455274
12.727594972696602	1.7554334621397607	422.911624560049	86.75485010863589	316.05450585655245	421.06651286183524	2.582494147551536
12.726029529221787	1.758142236871802	423.2460310894979	87.03380461059292	316.4990864903681	421.388079411331	2.584193240457545
12.734227575288376	1.7608418951165772	423.58274913825096	87.31275911254995	316.6556045108409	421.7100121824637	2.5859026244387757
12.730266241093881	1.763532410437956	423.9215570340637	87.59171361450699	317.1657696537745	422.0360498583717	2.5876213125920517
12.731931026475197	1.7662138011221473	424.2603649298766	87.870668116464	317.5089681437213	422.3604337202527	2.5893400007453278
12.732136462817927	1.7688860818024363	424.6020512335116	88.14962261842105	317.8917100102783	422.68853527361455	2.591071590375121
12.731807406956921	1.7715492221994054	424.9455319708275	88.42857712037807	318.286904579086	423.0175310121287	2.592811222938863
12.73229428841621	1.7742032460252632	425.2890127081434	88.70753162233508	318.6567744963011	423.3462667331032	2.594550855502606
12.734362463513046	1.7768481619112177	425.6361627845859	88.98648612429211	318.97705215623216	423.67806081542676	2.596307030897512
12.734498048574808	1.7794839382136205	425.9845899464356	89.26544062624914	319.3525824062872	424.01118913602255	2.598068963898228
12.747480248655611	1.782110608410928	426.33301710828533	89.54439512820618	319.35634235911203	424.34038113709	2.599830896898944
12.736354326344	1.7847280713757412	426.697999415102	89.8233496301632	320.04782315310104	424.68084632229755	2.6016739739034747
12.73829596099421	1.7873361817581659	427.06473930215526	90.10230413212022	320.3639857328036	425.0179169650037	2.603525665577204
12.737894620344008	1.7899349604423542	427.4356255454094	90.38125863407727	320.7432224771952	425.35567820959363	2.605397712923936
12.739797921770968	1.7925242086359403	427.8227115984201	90.6602131360343	321.0566922917101	425.6972009498354	2.607349289865842
12.746387288293903	1.7951038566847648	428.20979765143073	90.93916763799132	321.2341190523685	426.03748971772615	2.6093008668077484
12.741687542493887	1.7976738613152672	428.61147495941555	91.21812213994835	321.72841590410854	426.38209407969083	2.611324184055077
12.74255919574167	1.8002339794323825	429.02129732834294	91.49707664190538	322.0640149989008	426.7420452998983	2.6133875478344395
12.743461956989949	1.8027842130868514	429.43670842449006	91.77603114386241	322.39524927088365	427.101921976558	2.6154784281285806
12.744273806463314	1.8053243201932765	429.87210471292667	92.05498564581943	322.72854507380447	427.4675677698046	2.6176677070056864
12.745104574119676	1.8078542080294537	430.3075010013633	92.33394014777646	323.05778307427977	427.8472613544076	2.619856985882793
12.746048934394505	1.8103737124430617	430.76998240150436	92.61289464973349	323.3822004063014	428.22682051842213	2.6221797951733534
12.746632523489977	1.8128826120278485	431.2343567890119	92.89184915169052	323.7156206842418	428.62155413523385	2.624511936948433
12.747730894117902	1.8153807802020432	431.72491237500225	93.17080365364754	324.0307181664739	429.0231285947864	2.6269733101352686
12.748172367040027	1.8178679112780491	432.2223972072668	93.44975815560458	324.3634294747015	429.4300169272709	2.629468886350624
12.749548897344718	1.8203438514093515	432.7499479686474	93.7287126575616	324.66777654002664	429.8562563499011	2.6321130366104275
12.749953381213093	1.8228082456126726	433.2856273783464	94.00766715951863	324.99635523008453	430.2827298302646	2.634797355466116
12.75085682979451	1.8252608330373228	433.8624909390173	94.28662166147566	325.31036272548596	430.73363909019935	2.637685401834368
12.752207431333904	1.8277012554150671	434.45340882484555	94.56557616343271	325.60857387954826	431.1876875539127	2.640643021745459
12.752362116150376	1.8301290285390717	435.08626353123896	94.84453066538973	325.938042007115	431.66415209692894	2.6438082900233004
12.752129226354246	1.8325437655750836	435.75847855078143	95.12348516734676	326.27699717227006	432.1507831888618	2.6471686181501197
12.753216657246124	1.8349448045553216	436.46880021128686	95.40243966930377	326.5755777377671	432.6601038661683	2.6507178488648133
12.75545520181909	1.8373313909523827	437.24189954032903	95.68139417126082	326.8412009265154	433.18202274982957	2.654578433495628
12.755996686520827	1.8397026379402108	438.10081540718625	95.96034867321784	327.15166925261695	433.7357502435828	2.658864934194599
12.754637777235024	1.8420572828261614	439.0616357645297	96.23930317517487	327.5102837165925	434.3018265398121	2.6636574775786617
12.756609657348779	1.8443935142602492	440.17500123040395	96.51825767713188	327.7758052075139	434.9140947837339	2.6692079069532384
12.7571656695572	1.8467084209678484	441.58018547703927	96.79721217908893	328.0768817343015	435.5481417093004	2.676208992554526
12.759362955094117	1.8489955890803875	443.7780432945536	97.07616668104595	328.32825852911947	436.2191496422076	2.6871528567132157
12.75671554685365	1.8506018612732156	627.5142829936319	97.35512118300298	328.62015942465297	436.76244346370385	3.601434114481062
12.757881593046228	1.8512151557043557	630.8977473586743	97.63407568496	328.67196657590324	437.0767706476429	3.618266221653915
12.761202206978663	1.8517819903211545	632.5762791707932	97.91303018691704	328.6581755571076	437.4423085326859	3.6266136162136884
12.757886828200494	1.8523233412035582	633.8690986738542	98.19198468887407	328.82333588077876	437.8805798042796	3.633040578304729
12.757793655749133	1.8528456475542219	634.964453781052	98.47093919083109	328.8967417969887	438.34894900680786	3.6384839846997377
12.755654566235641	1.8533524976882538	635.9282017811732	98.74989369278813	329.0239834685574	438.9140067798365	3.6432716157312734
12.756939126268513	1.853846278389972	636.7998616146172	99.02884819474517	329.05599408679626	439.53194886481907	3.647600208495726
12.755613577974982	1.8543287361698526	637.604585842943	99.30780269670218	329.157865060942	440.2525888385339	3.6515950216127773
12.755710472364619	1.854801215481044	638.359146634189	99.58675719865921	329.2195274351869	441.13210891731467	3.6553396175943798
12.754583228847075	1.8552647875199215	639.0565328890821	99.86571170061625	329.31356479682455	442.24205645333194	3.6587989027020678
12.754421378815856	1.8557203324158875	639.7189001445955	100.14466620257328	329.3801165817954	444.0289666849983	3.662083344168842
12.75307825492558	1.8561686005951228	640.3586822162242	100.4236207045303	329.4781568272395	594.7142127069031	3.6652550105168276
12.752797367970945	1.8566102287472166	640.9564418632755	100.70257520648732	329.5461993587999	630.4963344617892	3.6682167463295703
12.75182617893635	1.8570457526389212	641.5383448390137	100.98152970844436	329.6324460181782	632.2613754641836	3.6710992187494886
12.74951776706816	1.8574756806699344	642.0962538429283	101.26048421040139	329.7541010474962	633.563519250873	3.673861751518988
12.750403583438707	1.8579004192180764	642.6336607635847	101.5394387123584	329.7875936585065	634.6613286345996	3.6765217327346287
12.748575798250732	1.8583203686072989	643.1567004547545	101.81839321431544	329.8946146216572	635.6323477691271	3.679109848974893
12.754472422944497	1.8587358553955324	643.6595550537719	102.09734771627247	329.78979037493343	636.499102431851	3.681596929283389
12.747708855792032	1.859147208308429	644.1518277042845	102.3763022182295	330.0308699049413	637.3173526794985	3.6840310419354085
12.746783496692522	1.8595546884704883	644.6276386056851	102.65525672018653	330.1117539755303	638.0569319137617	3.686382695420095
12.751088067194223	1.8599585793868694	645.0925627756137	102.93421122214357	330.0487144918048	638.7482502399254	3.6886798157682343
12.744958701853502	1.8603590956365956	645.5470802957472	103.21316572410059	330.2716026800346	639.4230009842531	3.6909247675998382
12.744590174596869	1.860756470842883	645.9875347725218	103.49212022605762	330.3360277113959	640.0490872642421	3.693099221420605
12.742745564657069	1.8611508968267472	646.4252174846325	103.77107472801464	330.44072193192	640.6506958948154	3.6952597691543487
12.741637159962355	1.861542564463245	646.8436492375683	104.05002922997168	330.524881817959	641.2332908809868	3.697323733827825
12.740516817805805	1.8619316535383432	647.2620809905042	104.3289837319287	330.60844699762947	641.7827775319073	3.699387698501302
12.738299085354752	1.8623182995895862	647.6805127434397	104.60793823388573	330.72173752774825	642.3278648998089	3.7014503583090024
12.737270888607245	1.8627026354255627	648.0989444963752	104.88689273584275	330.80226855814936	642.8379850989842	3.7035124677333338
12.737124598077445	1.8630847758652103	648.5173762493107	105.16584723779978	330.85839439293704	643.3467268770098	3.7055740613792465
12.735956181462063	1.8634648322810468	648.9358080022463	105.4448017397568	330.9423268743495	643.8271191133435	3.7076343197179176
12.734824901221645	1.8638429019698892	649.3542397551818	105.72375624171383	331.02505472806723	644.3075319055193	3.709694578056589
12.740347865157345	1.8642190870111446	649.7726715081174	106.00271074367086	330.92459128166126	644.7578758666169	3.711753263256403
12.732178131092033	1.8645934691429595	650.1911032610528	106.2816652456279	331.2005832876432	645.2176460903328	3.713811674657972
12.729693097232522	1.865337155137941	651.0279667669239	106.83957424954195	331.37108885149456	646.0851610565737	3.7179258757086817
12.728381644028197	1.8657066107166242	651.4463985198595	107.11852875149897	331.4575138879198	646.5081085463798	3.7199824443068463
12.726288773081963	1.8660745670033974	651.864830272795	107.39748325345602	331.565079593532	646.9172856900082	3.722037189916272
12.725817871785834	1.8664410911118887	652.2832620257306	107.67643775541303	331.6280621609035	647.3251853923936	3.72409191982995
12.724734512888055	1.8668062385826445	652.701693778666	107.95539225737006	331.7077328449093	647.7335674432521	3.726145625949215
12.723989448547506	1.8671700733603096	653.1201255316016	108.2343467593271	331.7779982163821	648.1416785365517	3.728198521282613
12.721895703218037	1.8675326482601677	653.5385572845372	108.51330126128413	331.88529219367746	648.5508315247032	3.7302511924371298
12.718515718423589	1.8678940150382946	653.9569890374727	108.79225576324114	332.02802255427457	648.9609840310692	3.732302257279816
12.72217114974939	1.868254225971729	654.3754207904084	109.07121026519818	331.9766461443893	649.3656315250206	3.734353322122503
12.723782540960602	1.8686133238434808	654.7938525433439	109.3501647671552	331.9814003431589	649.771857716811	3.7364031363979895
12.724054351015377	1.8689713556557341	655.2122842962794	109.62911926911224	332.022973545931	650.1791198645445	3.7384523748249654
12.714750661517092	1.869328363792629	655.630716049215	109.90807377106927	332.32887239975963	650.5939106309721	3.740501167175239
12.712824886195977	1.8696843886221755	656.0491478021506	110.1870282730263	332.4305298197803	651.0028980949096	3.7425485832470113
12.71292719400913	1.8700394676253684	656.4675795550862	110.46598277498333	332.47636207373915	651.4102772483393	3.744595999318783
12.708995869414839	1.8703936379712138	656.8860113080217	110.74493727694036	332.63322931047173	651.8208397885438	3.7466419558742228
12.70924769973434	1.8707469362149405	657.3044430609573	111.02389177889738	332.67482648909225	652.228083522044	3.7486875536368722
12.707879098792077	1.8710993947297743	657.7228748138928	111.30284628085441	332.7610586695799	652.6366038487904	3.750732501154378
12.705759347465644	1.87145104475396	658.1413065668283	111.58180078281144	332.86804304214076	653.045715934375	3.7527762846396335
12.641528322019202	1.885095235760748	674.8785766842499	122.73998086109259	336.5454320827636	669.3889132769217	3.833941083904619
12.571163534531767	1.8983432884106823	691.6158468016718	133.89816093937375	340.39909354267627	685.7285227109136	3.9139779043439087
12.499104132658605	1.9113664406490134	708.3531169190934	145.0563410176549	344.3294713488571	702.0618749569269	3.9929397551121855
12.427332765342067	1.9241214206658948	725.0903870365152	156.21452109593602	348.25204665452657	718.387628498713	4.070876062387135
12.357311288246272	1.936520625201615	741.827657153937	167.37270117421716	352.0856165702359	734.7047551492449	4.147831241116398
12.28937966398093	1.9484814423289252	758.5649272713587	178.53088125249832	355.7773507488593	751.0128752988896	4.223847920371358
12.224706698355142	1.9599400001347638	775.3021973887804	189.68906133077948	359.26026652821247	767.3104850668251	4.298964553480194
12.161937181564646	1.9708528435116777	792.0394675062021	200.84724140906062	362.5538124584012	783.5991510062735	4.373217323281726
12.101925233232773	1.9811945685458194	808.7767376236238	212.00542148734172	365.63153226317496	799.8776160613066	4.446640314232962
12.044026666411838	1.9909543901412405	825.5140077410456	223.16360156562288	368.5107832932451	816.1466149416656	4.51926512779227
11.991751450560441	2.000132782217296	842.2512778584672	234.32178164390402	371.113198062878	832.4004537972297	4.591120920480184
11.935590302419271	2.008738576024952	858.9885479758891	245.47996172218518	373.69690827194097	848.6540966480728	4.662235666096227
11.886085212622543	2.0167865966543195	875.7258180933105	256.63814180046626	376.0022860550549	864.8900456500854	4.732635610596997
11.836166656792749	2.0242957962805628	892.4630882107323	267.79632187874745	378.22503309636267	881.1202593478164	4.802345169705531
11.787668431875678	2.031287815976633	909.2003583281538	278.9545019570286	380.3273603197129	897.3415425948373	4.871387553087148
11.741898901606573	2.03778589973776	925.9376284455756	290.1126820353098	382.2911440244017	913.5510931124634	4.939784696031326
11.697844978984596	2.043814082561416	942.6748985629973	301.2708621135909	384.14978390635656	929.7506496230994	5.007556432328393
11.655268852299074	2.0493965879679132	959.4121686804192	312.429042191872	385.9171860643081	945.9405488991317	5.074723587124671
11.613814476824231	2.0545574017016732	976.1494387978411	323.58722227015323	387.60942871899	962.121486596799	5.141303435973624
11.573733162416854	2.05931996237092	992.886708915263	334.74540234843437	389.22710082694465	978.2924974681919	5.207314233242769
11.535111311790256	2.063706950639237	1009.6239790326849	345.9035824267155	390.7722203257185	994.4537559771517	5.272772606507205
11.497368043296648	2.067740155976069	1026.361249150107	357.06176250499664	392.2632465950234	1010.6063559147813	5.337694313249139
11.462313161803475	2.071440387955744	1043.0985192675282	368.21994258327777	393.6619088219721	1026.7451644505788	5.402094459338048
11.42543557358489	2.074827433881359	1059.83578938495	379.37812266155896	395.0794953201912	1042.8827494037178	5.465987533811322
11.392486016878582	2.0779200447191286	1076.5730595023717	390.5363027398401	396.37928965713735	1059.0024577026818	5.529387072497741
11.35783300342781	2.080735937828561	1093.3103296197935	401.69448281812123	397.7029298146577	1075.1209682870985	5.592305930297098
11.324581224867872	2.083291823967743	1110.0475997372155	412.85266289640236	398.9757253300699	1091.228921379129	5.654757408311672
11.292775569746178	2.0856034338931657	1126.784869854637	424.01084297468344	400.1981885256163	1107.3258871786395	5.716752387520365
11.261868052331788	2.087685552620866	1143.5221399720592	435.16902305296463	401.3847029229678	1123.4134845366204	5.778303147032117
11.231525820257922	2.0895520872407616	1160.2594100894805	446.32720313124577	402.54635074333686	1139.4928019197393	5.839420541534701
11.205468677456741	2.0912160643317756	1176.9966802069023	457.48538320952696	403.58217129726364	1155.5497900735054	5.9001148431636405
11.17289220125241	2.092689722150954	1193.733950324324	468.64356328780804	404.7910318135703	1171.6251597712571	5.9603960040983415
11.14405747749242	2.0939845335253757	1210.4712204417456	479.8017433660893	405.8914618203187	1187.6802531803642	6.020273979195472
11.117127777667285	2.095111255427101	1227.2084905591678	490.95992344437036	406.93307547471153	1203.7214473716672	6.0797579343894945
11.089752391216205	2.0960799716949063	1243.9457606765889	502.1181035226515	407.98426363926416	1219.7582658622734	6.138856634028792
11.062585783021934	2.0969001359422608	1260.6830307940106	513.2762836009326	409.0276502546041	1235.788163575464	6.19757892859905
11.037748326154414	2.09758061176375	1277.4203009114328	524.4344636792138	409.9991602673198	1251.80153827381	6.255933230972878
11.012315537758184	2.0981297097407348	1294.1575710288544	535.5926437574949	410.98787795895277	1267.8113651749163	6.31392711459763
10.98703185647827	2.09855522352967	1310.8948411462763	546.7508238357761	411.97245344619284	1283.81444518096	6.371568360910588
10.963114403494995	2.098864464350182	1327.6321112636979	557.9090039140572	412.91414647882715	1299.804796137497	6.428864512839969
10.940062128223058	2.0990642914774758	1344.36938138112	569.0671839923383	413.8282135200996	1315.7845593338416	6.485822583684646
10.915868199683496	2.099161142959243	1361.1066514985416	580.2253640706195	414.78253864782863	1331.764119912989	6.542449264729476
10.89230683125853	2.0991610622059427	1377.8439216159634	591.3835441489007	415.7189576019198	1347.7344870937245	6.598751615629587
10.870695764514647	2.0990697269683447	1394.581191733385	602.5417242271818	416.59020777962434	1363.6881622442008	6.654735924097816
10.854148008147432	2.0988924692711377	1411.318461850807	613.699904305463	417.281345134142	1379.6065138526935	6.710408097981962
10.826732141447295	2.0986342995146283	1428.0557319682287	624.858084383744	418.37011914855435	1395.5813034365656	6.765774303398355
10.807861467178526	2.098299933983774	1444.7930020856509	636.0162644620251	419.14987476702964	1411.5001970730696	6.820840440855519
10.783790324994726	2.097893801391606	1461.5302722030729	647.1744445403064	420.13197884519013	1427.4447084888227	6.875612120333974
10.75970301050213	2.097420070830815	1478.2675423204946	658.3326246185874	421.12606639067616	1443.3844139654693	6.9300947990295985
10.74363450955231	2.096882666917696	1495.0048124379164	669.4908046968686	421.8066495585709	1459.2669777866126	6.984293449974846
10.724293787979198	2.0962852875300495	1511.7420825553386	680.6489847751498	422.62152132455543	1475.164229618776	7.038213406141221
10.704333140067673	2.095631410760993	1528.4793526727606	691.8071648534309	423.46808279387477	1491.0597000395608	7.091859748669389
10.684971320047557	2.0949243183316737	1545.2166227901826	702.965344931712	424.2971493623043	1506.9452522871984	7.14523738035432
10.666169722915818	2.094167101300829	1561.953892907604	714.1235250099932	425.10940981638436	1522.8209853540795	7.198350312892641
10.648139587784833	2.0933626750675343	1578.6911630250256	725.2817050882744	425.8934432991669	1538.6851729678676	7.251203743339871
10.629155555539935	2.0925137913354077	1595.4284331424474	736.4398851665554	426.7412266257639	1554.5505566721217	7.303801771637508
10.611365937219473	2.0916230453935998	1612.1657032598691	747.5980652448367	427.56509009817074	1570.4011620208503	7.35614871344972
10.594829078378536	2.090692886850964	1628.9029733772911	758.7562453231178	428.3559332595046	1586.2360128867772	7.408248646449883
10.57608476183702	2.0897256316263975	1645.640243494713	769.914425401399	429.3125907754785	1602.082499508192	7.460105951618325
10.557742863457301	2.0887234642813306	1662.3775136121344	781.07260547968	430.3027405678246	1617.9206956227054	7.511723799443665
10.540789428010058	2.087688452813119	1679.1147837295562	792.2307855579612	431.268563437167	1633.7415164430295	7.563106679739379
10.524683415056428	2.0866225481053746	1695.8520538469777	803.3889656362423	432.2402093573832	1649.5498254295671	7.614258211714701
10.507711493251719	2.0855275990638513	1712.5893239643992	814.5471457145234	433.3496435071347	1665.359382137744	7.665181854341799
10.492259771159008	2.084405351346612	1729.3265940818208	825.7053257928047	434.43924155907547	1681.1497463732753	7.7158809235190455
10.475474266097605	2.083257459055273	1746.0638641992423	836.8635058710857	435.7780183350525	1696.946369683892	7.766359122780088
10.460139744860571	2.0820854885414892	1762.801134316664	848.0216859493669	437.1394545664523	1712.7240037874876	7.816619757066011
10.445035196298914	2.0808909175787593	1779.5384044340863	859.1798660276481	438.7351812161811	1728.493595468211	7.866666059192486
10.429849899471698	2.0796751523157857	1796.2756745515082	870.3380461059293	440.81932914576186	1744.2581395616594	7.916501191893192
10.414619729051003	2.078439521180462	1813.0129446689298	881.4962261842104	445.35036560889085	1760.0174201886705	7.966128249792442
10.399692345435087	2.077185283944027	1829.7502147863513	892.6544062624915	631.976887434095	1775.7680240711409	8.01555026130994
10.38385853377605	2.0759136331830623	1846.4874849037728	903.8125863407726	635.1589080909259	1791.5223858638274	8.064770095577002
10.370440811391836	2.0746257045609364	1863.2247550211948	914.9707664190539	637.0234985625029	1807.2460648095262	8.113790442499987
10.35636841806758	2.073322567304893	1879.9620251386161	926.128946497335	638.6947262760474	1822.9707335499193	8.162614373965575
10.34215621910877	2.0720052415309667	1896.6992952560372	937.2871265756161	640.18355895401	1838.6912319665687	8.211244673858314
10.328045840564112	2.0706746933613114	1913.4365653734587	948.4453066538972	641.5039630824809	1854.4050332463157	8.259683940954305
10.314455993925877	2.069331838825095	1930.173835490881	959.6034867321786	642.654902121943	1870.1073941780573	8.307934399832684
10.301443107901276	2.06797754773407	1946.9111056083025	970.7616668104596	643.66669268948	1885.7974181112365	8.355999173216166
10.287242967314755	2.0666126476876374	1963.6483757257242	981.9198468887407	644.7408472857395	1901.4956510232648	8.403880381942388
10.273916468965242	2.0652379208907683	1980.3856458431458	993.0780269670219	645.670496638209	1917.1781612736002	8.451580522576746
10.261050253903484	2.063854113491462	1997.1229159605675	1004.236207045303	646.514327491295	1932.8495279050642	8.499102105884008
10.248028487428693	2.0624619315724613	2013.8601860779895	1015.3943871235842	647.336389904021	1948.517200904222	8.54644721833491
10.235420024383567	2.0610620483191964	2030.5974561954106	1026.552567201865	648.1190206136587	1964.1741524306053	8.593618316584898
10.222715994088173	2.059655102789895	2047.3347263128323	1037.7107472801463	648.9098153003532	1979.8267484347973	8.640617640599192
10.210139224411538	2.0582417009671077	2064.071996430254	1048.8689273584273	649.6879550233583	1995.4722068407066	8.687447054585807
10.198140082217998	2.0568224194845057	2080.809266547675	1060.0271074367085	650.4106705294267	2011.1045115389043	8.734109143312908
10.185605155277365	2.05539780633217	2097.5465366650974	1071.1852875149898	651.1840061587064	2026.7384501267175	8.780605690248992
10.172936486195942	2.0539683835603886	2114.283806782519	1082.3434675932708	651.9703089546547	2042.3689154520778	8.826938630984118
10.161790915585106	2.052534645602495	2131.021076899941	1093.501647671552	652.6093667312581	2057.9728451145315	8.873110246843604
10.15034072907205	2.0510970638014583	2147.758347017362	1104.659827749833	653.2771930725133	2073.575307135356	8.919122445832736
10.138392357634922	2.0496560863390236	2164.495617134783	1115.8180078281143	653.9934460281266	2089.1793857832336	8.964977103028888
10.127205961536646	2.048212139205542	2181.232887252205	1126.9761879063956	654.6350085338339	2104.7669521568732	9.01067581143587
10.117783715642291	2.046765627273041	2197.9701573696257	1138.1343679846766	655.1017318798513	2120.322548431258	9.056220683011635
10.103872272274023	2.0453169356748124	2214.707427487047	1149.2925480629576	656.013241614951	2135.9399938170272	9.101613505376896
10.093382155623894	2.0438664308127765	2231.4446976044687	1160.450728141239	656.5855954882603	2151.500491056741	9.146856027594565
10.082423972060422	2.042414461529891	2248.181967721891	1171.6089082195201	657.2046582087969	2167.0626052169746	9.191949969335246
10.071533103951444	2.0409613584538118	2264.919237839312	1182.7670882978011	657.8236209994385	2182.6182196876885	9.236897021519441
10.059937838364396	2.0395074383287293	2281.656507956733	1193.9252683760824	658.505878407434	2198.179819883056	9.28169884694256
10.050298212610576	2.0380529999366854	2298.3937780741553	1205.0834484543634	658.9904059146207	2213.704353830935	9.3263570808833
10.03903404835659	2.0365983282333326	2315.1310481915757	1216.2416285326447	659.6414948921392	2229.250054144358	9.370873331695917
10.029260931350752	2.035143693773393	2331.8683183089984	1227.399808610926	660.1410691163619	2244.7655357951503	9.415249181386868
10.018283062133419	2.0336893567871184	2348.60558842642	1238.557988689207	660.765964648103	2260.2959814611677	9.459486005224118
10.008730318063634	2.032235563311625	2365.342858543841	1249.716168767488	661.2443325329526	2275.7965896332516	9.503585381383369
10.000223156045559	2.0307825428608655	2382.0801286612636	1260.8743488457694	661.6139972150756	2291.2730370339177	9.547548905482754
9.994591783487548	2.0293305187035258	2398.8173987786863	1272.0325289240504	661.6826339016443	2306.691766863615	9.591378060747632
9.981831730707295	2.0278797023346304	2415.5546688961076	1283.1907090023315	662.496478470233	2322.232490692925	9.635074306691605
9.96062224071149	2.024982483312678	2449.029209130951	1305.5070691588937	663.6784955624902	2353.2217880380636	9.72207279059157
9.95103492512528	2.02353645217272	2465.766479248373	1316.665249237175	664.1639768529797	2368.6898260506246	9.765378262829689
9.944155147438506	2.022092371618969	2482.5037493657937	1327.8234293154562	664.3616325222846	2384.100477013679	9.808555908136753
9.936322707129547	2.020650406324901	2499.2410194832155	1338.9816093937372	664.6603297369145	2399.522969495051	9.851607399873746
9.92168401712072	2.0192107110958526	2515.9782896006373	1350.1397894720183	665.6904901709911	2415.073777035654	9.894534039338895
9.918674849517693	2.0177666092621527	2532.7155597180595	1361.2979695502997	665.4712951392559	2430.3892156804723	9.9373367131897
9.905917290802448	2.016338708897397	2549.452829835481	1372.4561496285808	666.3038875901035	2445.8938680044953	9.980017254391113
9.897717732108479	2.0149066762221968	2566.190099952902	1383.6143297068618	666.6453098901158	2461.3014077701478	10.022576127189662
9.886676385496317	2.013465378088366	2582.9273700703234	1394.772509785143	667.2973576829644	2476.7624143018047	10.065015348922282
9.880657383947383	2.012051174910051	2599.664640187745	1405.930689863424	667.4024734872802	2492.113194968323	10.107335279504571
9.867973781846517	2.010627938865384	2616.401910305166	1417.0888699417053	668.2389346582171	2507.5997026270034	10.149537822800585
9.85881074964085	2.0092078582906927	2633.1391804225877	1428.2470500199865	668.6915915597857	2523.0067759767235	10.191623531720003
9.850710223357769	2.007791033373699	2649.876450540009	1439.4052300982676	669.0283668262255	2538.3854973620096	10.233593897423225
9.845968836730993	2.006377561302301	2666.6137206574303	1450.5634101765488	668.9933490891897	2553.6839390843593	10.275449979621625
9.833308134312938	2.00496753021068	2683.350990774852	1461.72159025483	669.8388768246316	2569.1533077783747	10.317192547741948
9.825472577308913	2.0035610305832985	2700.088260892275	1472.879770333111	670.1497898383908	2584.509745971592	10.358823084608066
9.81929123262657	2.002158141331388	2716.8255310096956	1484.0379504113923	670.2763736108434	2599.822396609743	10.400342492186075
9.810113252026854	2.0007556059547618	2733.5628011271174	1495.1961304896734	670.739909121068	2615.198623429174	10.441751539014486
9.801303166003809	1.999363497172705	2750.300071244539	1506.3543105679544	671.1641581768271	2630.561423223116	10.483051587945413
9.794090617829838	1.9979718825620776	2767.0373413619604	1517.5124906462356	671.4096443634584	2645.8810591086954	10.524243610593475
9.776997717058121	1.9952003911199723	2800.5118815968035	1539.828850802798	672.2072820723832	2676.56857266581	10.60630698984732
9.768472091783895	1.9937730329313714	2817.2491517142253	1550.9870308810791	672.6066230170094	2691.904451292672	10.647180366084987
9.761491351308967	1.9924449358681038	2833.9864218316475	1562.14521095936	672.8311862143383	2707.1966268271244	10.687949512652168
9.75594649373849	1.991073353756116	2850.723691949069	1573.3033910376412	672.8921564452395	2722.4465227400083	10.728615339342564
9.745403908891978	1.989618338354993	2867.460962066491	1584.4615711159224	673.5286741091255	2737.818557299859	10.769178744341149
9.744690614298877	1.988342716330587	2884.1982321839128	1595.6197511942034	673.0342401014991	2752.930969673143	10.809640614416933
9.73105389063263	1.9869837465225237	2900.935502301334	1606.7779312724847	674.032484015564	2768.3746685096517	10.850001824551542
9.728603322241607	1.9856290492733737	2917.672772418757	1617.936111350766	673.7384101775042	2783.51852422391	10.890263160411493
9.716554439799971	1.9842786962382313	2934.4100425361794	1629.094291429047	674.5596007755881	2798.9130076475544	10.930425585765327
9.711308146821834	1.982932684840732	2951.1473126536007	1640.2524715073282	674.5918165231539	2814.11950958236	10.970489942976936
9.703645750603538	1.9815910586132774	2967.8845827710225	1651.4106515856095	674.9071420831766	2829.38616362392	11.010457063912876
9.699630175026103	1.9802538452807092	2984.6218528884438	1662.5688316638903	674.7969813039083	2844.5460370971905	11.050327770112691
9.688777056392489	1.9789210718904628	3001.359123005865	1673.7270117421715	675.4901810394358	2859.89170100845	11.09010287295585
9.394868933141545	1.9181015857066217	3838.222628876943	2231.6360156562287	683.0724869828241	3613.288932579331	12.971995758070765
9.284822360812706	1.8917844719734205	4256.654381812495	2510.5905176132574	683.9187928279857	3983.5992032258196	13.847165632291276
9.198574231353879	1.8678667925126633	4675.086134748038	2789.545019570286	682.6816227452371	4349.263958909754	14.68691943355949
9.107559105250727	1.8460751862308533	5093.517887683579	3068.4995215273148	683.1001309680704	4712.073328525316	15.495817694940678
9.035993955500864	1.8261585159106912	5511.949640619129	3347.454023484343	681.8032384341193	5070.282509101462	16.27749795768171
8.977460174126588	1.8078952881445067	5930.381393554674	3626.4085254413717	679.5499093590139	5424.074730774831	17.034919574820734
8.9192015262592	1.7910934729309638	6348.813146490219	3905.3630273984004	678.0082522487062	5774.662313070151	17.77052917466582
8.874435560348257	1.77558766764821	6767.24489942576	4184.317529355429	675.3181783748232	6120.4388169051135	18.48637894046634
8.826577428404356	1.7612355836636366	7185.676652361299	4463.272031312457	673.6729613734967	6463.476183529496	19.184210721467405
8.789077341937004	1.747914637141801	7604.10840529683	4742.226533269486	671.1611486270497	6801.829140417377	19.865518467300173
8.752610010956142	1.73551890859778	8022.540158232374	5021.181035226515	669.026900868514	7136.855407550984	20.53159558271305
8.721778119094717	1.7239565418868097	8440.971911167908	5300.1355371835425	666.4444712440276	7467.697264979795	21.183571211972044
8.694046521494759	1.713147556426498	8859.403664103444	5579.090039140572	664.1550788487209	7794.726737427355	21.82243799010378
8.667423976963097	1.7030220211520093	9277.83541703898	5858.044541097601	661.9664692012273	8118.365387474965	22.44907460814494
8.643321971765303	1.6935185391665626	9696.267169974517	6136.9990430546295	659.7955536424847	8438.2833922005	23.064263229654618
8.60458940347869	1.6761674706124554	10533.130675845596	6694.908046968686	655.1428563183632	9066.143152293289	24.26302696264614
8.602326610525223	1.6682294381864882	10951.562428781148	6973.862548925715	650.9827450751031	9369.772996118758	24.847801059128567
8.568592273084759	1.660730957709233	11369.994181716704	7252.817050882743	651.251546032229	9680.736799565359	25.423542676639737
8.558974654038005	1.6536380982166732	11788.425934652252	7531.771552839771	648.5695031761936	9980.379328363224	25.990722053988208
8.54064030622045	1.6469204052082442	12206.857687587792	7810.726054796801	647.2527145843086	10280.214496941755	26.54976894681273
8.527969132958805	1.6405504615794928	12625.28944052334	8089.6805567538295	645.3468292333458	10574.83230651736	27.101077358596974
8.517985495455667	1.6345035154184444	13043.721193458876	8368.635058710857	643.0223018666923	10865.221376220741	27.6450098644186
8.508844988644766	1.6287571502338265	13462.152946394448	8647.589560667886	640.4255058236881	11152.121533015144	28.18190051620986
8.496667091920669	1.623291019361077	13880.584699329982	8926.544062624915	638.2133814920777	11437.47469494428	28.71205860777482
8.491854832196873	1.618086603451487	14299.016452265514	9205.498564581943	633.439317426493	11716.068205075122	29.23577065340789
8.479560704482195	1.6131270075156585	14717.448205201055	9484.453066538972	628.1356515653189	11995.63111507567	29.753302816847388
8.472879548709772	1.608396782597615	15135.879958136593	9763.407568496	440.2291669915536	12269.174552670236	30.264903181302792
8.466324037511676	1.603881772048149	15554.311711072141	10042.36207045303	437.53323766510914	12539.646581255744	30.770802936232762
8.462440145346552	1.5995689761779661	15972.743464007684	10321.316572410058	435.269428491836	12805.451519704666	31.271218499043492
8.454780507638906	1.5954464329783091	16391.175216943222	10600.271074367085	433.9986926902247	13070.73406218187	31.766352470097598