28.382674912641598	0.08186168569606778	35.01889990375193	0.11158180078281144	0.21926186974739212	29.42314902622758	0.2294761402266479
27.641770240697547	0.08321373215704085	56.00181385488425	0.22316360156562287	0.16964892259207845	45.838738242152175	0.36638318336958964
26.83433892584748	0.08412053650494968	72.04827648580353	0.33474540234843436	0.14312977282693629	59.51381247828058	0.4708744562489539
26.655930269292238	0.08653140692622104	81.10687321179608	0.44632720313124574	0.11056400213515243	70.98732377518685	0.5297225169962301
25.816045958412317	0.08964351049144294	90.14122176324858	0.5579090039140573	0.09426161745451377	78.92916323992486	0.5884123560085507
25.510632233044056	0.09351022418067965	97.0036548044586	0.6694908046968687	0.07703501150416726	86.10946335922631	0.6325701430208444
24.865723215220463	0.09808744128249584	101.25525164665608	0.7810726054796802	0.06441478610460978	94.30146334271618	0.6592591071306456
24.363387806718706	0.10347096747597125	105.50684848885356	0.8926544062624915	0.05173119779557157	98.66426263710478	0.6859480712404469
23.71699265879324	0.10924524599950719	109.75844533105104	1.004236207045303	0.045385242815485956	102.71746229944176	0.7126370353502481
12.790508200417223	0.5526437528422838	245.1184020096942	11.158180078281145	108.24941371527719	242.56514105840452	1.5639839105109101
12.741844988683567	0.5871555111555989	253.65404261951434	12.273998086109259	117.50875010195774	251.0689532292167	1.6161407903683724
12.703093518621078	0.6199291074439531	261.7296876054994	13.389816093937375	125.85018533037763	259.1086625237894	1.6652807548923627
12.673870060804246	0.6511410717392117	269.4055962745393	14.505634101765487	131.68568792249943	266.74817204637486	1.7117993338468043
12.649050694321803	0.6809410051343897	276.72287937272495	15.621452109593601	137.20306003060705	274.0332163034561	1.7559712092779407
12.638971559768402	0.7094612567635955	283.69870404461176	16.73727011742172	142.17221895081167	280.9830511068824	1.7979216311163295
12.623873044969306	0.7368252430033018	290.3264756886116	17.853088125249833	147.07696947749466	287.610185794187	1.8376317821389079
12.600631528880603	0.7631549914313146	296.5716568394774	18.968906133077947	151.9751716651829	293.89426702747585	1.8749153030271155
12.589731016760224	0.7885774509434988	302.37346995694344	20.084724140906058	156.3914754908005	299.77770726560766	1.9094300248894451
12.576964650428856	0.813221882641108	307.6977800217818	21.200542148734172	160.71336166173728	305.21883451969086	1.9409954673559573
12.570265083236668	0.8372084305606754	312.5548311003268	22.316360156562286	164.7687886265924	310.20209391619466	1.9696941581087066
12.572861913941608	0.8606367865296405	316.9984994001083	23.4321781643904	168.49198743998335	314.7563998666357	1.995863315072614
12.555355391952354	0.8835802784123964	321.11246882335183	24.547996172218518	172.6671342459176	318.9610736518758	2.020012427524096
12.552586668515302	0.9060872279487413	324.97287906137774	25.663814180046632	176.39579567776644	322.8812256958583	2.0425998459960533
12.549303360794479	0.9281868800742319	328.64772908651815	26.779632187874743	180.08381759946494	326.58826436462635	2.06403412644212
12.547029355665046	0.9498960174825601	332.18020221677125	27.89545019570286	183.69401065141875	330.1367309646492	2.0845736169209217
12.549846986522324	0.9712245392010899	335.5982255806876	29.011268203530975	187.1171428062381	333.55972908762607	2.1043861706555105
12.541879842619874	0.9921794552440616	338.9166332901087	30.12708621135909	190.79417534865402	336.883362415041	2.123562600602054
12.541851623953152	1.0127675080659044	342.14054098195624	31.242904219187203	194.20553382854922	340.11169575241763	2.1421370079781914
12.540451557683788	1.0329967019400024	345.26897586087966	32.35872222701532	197.59985520610675	343.24823309017006	2.160108333654557
12.54794642716364	1.052876953245705	348.2934906048384	33.47454023484344	200.68296994274357	346.2879625227379	2.1774307504241994
12.550264790066533	1.0724201724174003	351.210670664623	34.590358242671556	203.86132557500414	349.22830420978073	2.194090618878463
12.545960590642697	1.0916398850196187	354.0134116692692	35.70617625049967	207.1846714453883	352.06484395029605	2.210051092885248
12.546458091755477	1.1105506904133053	356.69639673979367	36.82199425832778	210.32396229378122	354.78794887674593	2.2252858323402576
12.5468537442063	1.1291675848027425	359.2598072956073	37.937812266155895	213.42545230099563	357.39553768487303	2.2398008335536086
12.549732008290807	1.1475053415867196	361.7032782267105	39.053630273984005	216.41523699265278	359.88639815880884	2.253597754807214
12.551405279787563	1.1655780499041453	364.03298968856814	40.169448281812116	219.4062795923648	362.26468099343913	2.2667164136772837
12.558740718264321	1.1833988499448942	366.2544771961141	41.28526628964023	222.1916947877873	364.53312101731103	2.27919180247867
12.560058823171868	1.200979584575236	368.3723492162662	42.401084297468344	225.13025443811827	366.6968121538377	2.291052772256226
12.563009157007457	1.2183309544401535	370.3945062881371	43.51690230529646	227.99060166113577	368.76357774085784	2.30234711811895
12.566130400776824	1.2354623165346452	372.32977450712104	44.63272031312458	230.81955176279334	370.74062040449684	2.3131276296906176
12.56964265528042	1.2523818949893888	374.18470846904665	45.7485383209527	233.61137006091303	372.63384834342173	2.3234333070653297
12.57595388247614	1.2690968389724635	375.9661085932601	46.86435632878081	236.29105617781642	374.44910518437734	2.333304347113423
12.576834708017715	1.2856133438276007	377.6807841326737	47.980174336608926	239.12075181763444	376.19507180021907	2.342780804752391
12.583391473116663	1.30193676925473	379.3353523431716	49.095992344437036	241.74709169037502	377.8756664603081	2.3519014682303516
12.584308680430219	1.3180717656828473	380.936078147139	50.211810352265154	244.53465522373617	379.5000138255667	2.3607029707657965
12.586965572167815	1.3340223704641796	382.48624769484627	51.327628360093264	247.24045621033315	381.07241836383594	2.369204206513878
12.593317032956925	1.34979203171475	383.99094137104214	52.44344636792138	249.80042066518504	382.5974580320199	2.377434627335955
12.597410093219263	1.3653838373065095	385.4574652488782	53.559264375749486	252.41089292460313	384.0769883583978	2.385437058826325
12.604747967283995	1.3808004828862888	386.88526062837286	54.6750823835776	254.88930609122013	385.5193815227823	2.393207279747515
12.604988094095834	1.3960442962561939	388.28205340026153	55.79090039140572	257.5833133428908	386.9267196260726	2.400790724825697
12.604988094095834	1.3960442962561939	388.28205340026153	55.79090039140572	257.5833133428908	386.9267196260726	2.400790724825697
12.606341871655834	1.3998285140503122	388.62560388992966	56.06985489336274	258.2094142960993	387.27441297411394	2.402652426041103
12.606879975490108	1.4036020893810666	388.9691543795978	56.348809395319776	258.86186079950977	387.6180178147347	2.404514127256509
12.608997209186537	1.4073650398382642	389.3092460178832	56.6277638972768	259.45970749745436	387.9612809916932	2.4063548026499553
12.609273845875853	1.4111174390715293	389.64811616552146	56.90671839923384	260.1186828720764	388.3025449393451	2.4081880527909028
12.611075076403301	1.414859270301122	389.98693508958297	57.185672901190856	260.72417277794744	388.64099404152404	2.4100209900440475
12.611987170329952	1.4185905794910074	390.3213971290051	57.464627403147894	261.35834162387465	388.9796338824216	2.4118273142383533
12.613220682762336	1.4223114129678267	390.6558591684272	57.74358190510491	261.9804252581172	389.3146717251294	2.413633638432659
12.61660595432875	1.42602175272206	390.9893132638223	58.02253640706195	262.5280684966391	389.64816516290205	2.4154337715539547
12.615525926961634	1.4297216639803014	391.3196370570143	58.301490909018966	263.22612969201106	389.98261814606815	2.417214677487069
12.615991196489993	1.4334111652602954	391.64996085020636	58.580445410976004	263.87004501494346	390.31239809123514	2.4189955834201835
12.622647894431944	1.4370902503809329	391.9785969112701	58.859399912933036	264.3007145147694	390.6408470717193	2.4207660562565834
12.62077806111132	1.4407589859813332	392.30504983083335	59.13835441489007	265.0223512483002	390.9703470082013	2.4225230335115264
12.620113010956864	1.4444173759793721	392.63150275039663	59.41730891684709	265.70108926622567	391.2962764374479	2.4242800107664686
12.620802492371373	1.448065424676069	392.9558273330506	59.69626341880411	266.3318197287311	391.6219165111046	2.4260237333001684
12.620604075808604	1.4517031939548681	393.27867419404487	59.975217920761146	266.9920421774262	391.94644081699823	2.4277582529728985
12.623543876113223	1.4553306798427181	393.6015210550392	60.25417242271817	267.5429803860239	392.26778624482836	2.4294927726456286
12.624320922179209	1.458947898053895	393.92200192986	60.53312692467521	268.1667442487907	392.58958625361083	2.431212429756095
12.6255914736316	1.4625548995118354	394.24150496681034	60.812081426632226	268.7718326705094	392.90966803134694	2.432925944321691
12.626548376453806	1.466151679411102	394.5610080037607	61.091035928589264	269.3866693246198	393.227870792118	2.4346394588872866
12.627730589414782	1.46973825518566	394.8780758260635	61.36999043054628	269.99258076893625	393.54602392516756	2.436337520266725
12.629178041707517	1.4733146755331676	395.1944947110226	61.64894493250332	270.58727282410223	393.8623765076701	2.4380314636725844
12.629773210582275	1.4768809326060268	395.5109135959817	61.927899434460336	271.21021395072546	394.17735153960484	2.439725407078444
12.631806506889257	1.4804370506257325	395.82496375616637	62.206853936417374	271.7819521861422	394.49201952090584	2.441404138089287
12.63248813983187	1.4839830675386425	396.13855565388286	62.4858084383744	272.39953949451495	394.8052463526811	2.443079926052562
12.635650869327264	1.4875189801544133	396.4521475515993	62.76476294033144	272.9281551940778	395.11662881533556	2.4447557140158374
12.635403461305268	1.4910448080831868	396.76354217341384	63.043717442288454	273.57493682847	395.4287294583532	2.446417187304375
12.636149731489732	1.4945605909238697	397.0745618298326	63.32267194424548	274.18581459488223	395.73902405599836	2.448076217791955
12.637305869904845	1.498066326161599	397.38558148625134	63.60162644620251	274.7805596955467	396.04803452543075	2.449735248279535
12.63853092156323	1.5015620308119308	397.69465154487773	63.88058094815954	275.37111987371014	396.3570260776864	2.451381355984308
12.639240022277264	1.5050477418185944	398.00335140539033	64.15953545011656	275.97864080772945	396.66474449292247	2.45302500985484
12.640383671145457	1.5085234594843009	398.3120512659028	64.4384899520736	276.5697365256492	396.9712110080147	2.4546686637253714
12.641351757074165	1.5119891967439012	398.6190988018067	64.71744445403063	277.1645735109719	397.2777098302939	2.456301130142157
12.643971189270678	1.5154449897507178	398.9257291558621	64.99639895598766	277.69997399887177	397.582744227958	2.457930771930774
12.64380293437276	1.5188908402431058	399.23235950991756	65.27535345794469	278.33243006148433	397.8871900785791	2.4595604137193923
12.645216839315207	1.522326763832673	399.537659918174	65.5543079599017	278.90713095228296	398.1912943601099	2.4611808083062106
12.646100986168209	1.525752789756676	399.84246906705374	65.83326246185874	279.49873348610896	398.49469494828105	2.4627977871338333
12.647349226387297	1.5291689239364736	400.14727821593345	66.11221696381577	280.07623165502906	398.79678673276385	2.464414765961456
12.648528777010016	1.5325751755825083	400.45108259421517	66.3911714657728	280.654583755046	399.09888714053994	2.4660245165868653
12.651794346818777	1.5359715768247209	400.75431703896186	66.67012596772985	281.15659993189234	399.40002685027997	2.467630167177055
12.648591890536869	1.5393581347184186	401.0575514837086	66.94908046968686	281.8865933345465	399.7012607059814	2.469235817767245
12.652419929682406	1.5427348559899488	401.36008902527215	67.2280349716439	282.36616971027087	400.0009818669249	2.470836224123156
12.653294258404262	1.5461017723754158	401.6619936719374	67.50698947360091	282.9476238729903	400.30110797085985	2.4724318679106063
12.654253462028079	1.5494588854091607	401.96389831860273	67.78594397555796	283.524720924144	400.5998823866342	2.474027511698057
12.660546981258445	1.5528062190397927	402.2653787394322	68.06489847751497	283.91070410179793	400.89749919502003	2.4756197588143616
12.656510486711333	1.5561437815909838	402.56619711896985	68.34385297947202	284.66156753677154	401.1973436638936	2.477206705130095
12.658139774561295	1.5594715928125473	402.86701549850744	68.62280748142904	285.2091671474336	401.4946654740066	2.4787936514458275
12.657911106667687	1.5627896590317767	403.1676314901748	68.90176198338607	285.8213519853585	401.7923658011329	2.4803788232578206
12.659998509474574	1.5660980020239579	403.4676059901169	69.1807164853431	286.3487068924782	402.08955657195014	2.481958370575303
12.661575418301126	1.5693966342333319	403.76758049005906	69.45967098730013	286.8921954427084	402.38599156054255	2.483537917892785
12.662699217241059	1.572685564798125	404.06751019220155	69.73862548925715	287.4504050485483	402.6823081364004	2.485117010825606
12.663865061357665	1.5759648117115557	404.3668822989419	70.01757999121418	288.00423711768536	402.9786091881551	2.486690448061038
12.668816635751398	1.579234389856282	404.6662544056822	70.29653449317121	288.42162822010977	403.2735704838421	2.4882638852964702
12.666367604521506	1.5824943092550163	404.96562651242255	70.57548899512823	289.10044412960497	403.5698195662348	2.4898373225319017
12.66547091862972	1.585744583313632	405.2646744418319	70.85444349708526	289.7210330859057	403.8657238846696	2.491406429688128
12.668204440807461	1.5889852272137306	405.5636849897193	71.13339799904229	290.21047693480386	404.16058737290916	2.492975037534452
12.667752252132688	1.5922162537240718	405.86269553760667	71.41235250099933	290.8114037098448	404.45578898975447	2.494543645380776
12.670538458359246	1.5954376738008849	406.16162020117747	71.69130700295635	291.29424661068197	404.75026404908914	2.4961097320841503
12.671654860743041	1.5986495025574334	406.4605096266355	71.97026150491338	291.8342874952492	405.0450442559862	2.4976747843691007
12.672966384300118	1.6018517521923357	406.7593990520935	72.2492160068704	292.36564349013946	405.33947504675024	2.4992398366540507
12.67386906265043	1.605044432845516	407.0583497671181	72.52817050882744	292.9076067521583	405.63399032384297	2.5008037126439984
12.674871122147993	1.6082275587364112	407.3573583660068	72.80712501078446	293.44436342021805	405.92847284775695	2.5023664777026093
12.67850566299331	1.6114011441461817	407.65636696489554	73.08607951274149	293.8855379310962	406.2222480874527	2.5039292427612203
12.675893227744194	1.614565199270891	407.9554887731327	73.36503401469851	294.54389789817884	406.51741443343525	2.5054916857441523
12.67807512560037	1.6177197334716966	408.2548569590178	73.64398851665555	295.03126045086833	406.8114899100197	2.5070534277933767
12.679824146936072	1.6208647619513683	408.55422514490283	73.92294301861257	295.53034097356533	407.10573388217415	2.5086151698426016
12.680418508769575	1.6240002971437826	408.8536613404413	74.20189752056959	296.0670951875104	407.4002685043868	2.510176938903682
12.681915985774253	1.6271263478216202	409.153629901657	74.48085202252663	296.57039933279503	407.69458824035337	2.511738919408055
12.682404217422347	1.6302429250385349	409.4535984628727	74.75980652448366	297.1040651401862	407.98928946883984	2.5133008999124273
12.683719467221145	1.6333500438838218	409.75356702408845	75.0387610264407	297.6070448226322	408.283989191955	2.5148628804168
12.685145137350325	1.6364477139143323	410.054303480135	75.31771552839771	298.1029285870706	408.5786541942817	2.5164262278860843
12.690105466313971	1.6395359429473673	410.3551138335126	75.59667003035476	298.47306185881683	408.87259399271414	2.5179897069034074
12.686896739205036	1.6426147457147173	410.65592418689016	75.87562453231178	299.1238423044154	409.1689101416153	2.51955318592073
12.688021409394779	1.6456841369256145	410.95750881385584	76.1545790342688	299.6194969701938	409.46420867952725	2.521118635093287
12.688553881742566	1.6517946979778855	411.5612976920426	76.71248803818287	300.66232378331756	410.0559528144302	2.5242511100851948
12.695923371917102	1.6548359027285362	411.86388489072436	76.99144254013989	300.93575351547344	410.35057361754855	2.525819445238945
12.694732118635992	1.6578677242833684	412.16710682630526	77.27039704209692	301.4986106430629	410.64720819870047	2.527389702359316
12.6935073488919	1.6608901836318695	412.47032876188615	77.54935154405395	302.05784814770556	410.944572112682	2.5289599594796868
12.694683429655644	1.6639032940141782	412.7740815886505	77.82830604601098	302.53367408395064	411.24169536413547	2.530532000526789
12.694652311521226	1.6669070512442605	413.078875779157	78.10726054796801	303.0448607848207	411.5390977760712	2.5321075408156823
12.697214951283918	1.6699014737668152	413.3836699696634	78.38621504992503	303.4665621669912	411.83643797296145	2.5336830811045754
12.697932828202916	1.6728865760469767	413.6887626758225	78.66516955188207	303.94614058740035	412.13494681127844	2.535259696604415
12.70446969597868	1.6758623582696814	413.99537544533837	78.94412405383909	304.2291889971643	412.43202629294	2.5368417871563844
12.699808861735786	1.678828827383849	414.30198821485425	79.22307855579612	304.88062153996947	412.7321392377418	2.5384238777083534
12.701160295018342	1.6817860044534587	414.60860878065887	79.50203305775315	305.32791794388	413.0320077383984	2.5400059977678766
12.701018618645511	1.68473388995988	414.9172882218722	79.7809875597102	305.82284165694574	413.33223333071993	2.541595910301347
12.703281732807854	1.6876724885768466	415.22596766308544	80.05994206166721	306.23246447370093	413.6318531670622	2.5431858228348165
12.70456365133268	1.6906018196022827	415.5346471042987	80.33889656362425	306.6737134950745	413.93345340064474	2.5447757353682863
12.706760085052295	1.6935218881731333	415.84531647974893	80.61785106558126	307.0787877675403	414.23485161820327	2.546373463707253
12.706498052406232	1.696432691818763	416.156312639188	80.89680556753831	307.5629083097255	414.53685392446926	2.5479724755459707
12.707527984308893	1.6993342496629678	416.4673087986271	81.17576006949533	307.9988334689353	414.84007793260776	2.5495714873846884
12.70732431679085	1.702226574111174	416.78018541683986	81.45471457145234	308.47299191980505	415.14408047355926	2.5511780998062523
12.709762533344293	1.7051096519753373	417.09375045952225	81.73366907340937	308.8572265339914	415.44739569007004	2.5527874947547655
12.716913640594305	1.7079835075729846	417.4073155022046	82.0126235753664	309.09019071567496	415.75077270331707	2.5543968897032787
12.711699526720473	1.710848153107861	417.7226458364169	82.29157807732344	309.7110854882897	416.058315281467	2.5560135839898614
12.712708052721476	1.7137035736801607	418.03903418686394	82.57053257928045	310.13267837782587	416.36423523122687	2.5576346530882232
12.71326840471656	1.7165497933897562	418.355422537311	82.84948708123748	310.5625536799842	416.6712465884062	2.5592557221865855
12.714679114051146	1.719386816920722	418.673476831574	83.12844158319453	310.9648091852517	416.97956146297014	2.560883808044221
12.715835800808012	1.7222146401317238	418.992945287955	83.40739608515156	311.3691135881779	417.28792862504895	2.5625178501862518
12.716144448812821	1.7250332755599018	419.3124137443361	83.68635058710858	311.79902422716737	417.5971512128287	2.564151892328283
12.716436440761225	1.7278427432382861	419.6334883523061	83.96530508906562	312.22314661685266	417.90849905532446	2.5657928029258814
12.71871079675271	1.730643021814944	419.95629617027754	84.24425959102264	312.5860708016806	418.21929913610967	2.5674411253244362
12.719206200054524	1.7334341292042827	420.279103988249	84.52321409297967	312.9972382234832	418.53085302525466	2.569089447722991
12.720720012590618	1.736216085872088	420.60352362813217	84.80216859493669	313.3768705157711	418.8448548742123	2.5707447507487764
12.72157770498049	1.7389888683990657	420.92993257073823	85.08112309689372	313.77114706687144	419.1590191803893	2.5724086692305614
12.722487650410732	1.741752494023505	421.25634151334435	85.36007759885075	314.1624255413194	419.47315351402347	2.574072587712346
12.72256668928575	1.7445069834329223	421.58446141497694	85.63903210080777	314.57434788509727	419.79073536584366	2.575743995833082
12.723241028645715	1.7472523112337253	421.9147357647832	85.9179866027648	314.9661312379836	420.108188242586	2.577424834944689
12.725452301442377	1.7499884952795313	422.24501011458943	86.19694110472183	315.3089791533653	420.42519387124776	2.579105674056296
12.727774149714602	1.7527155547818025	422.5772180306001	86.47589560667886	315.64513516897466	420.74532688015717	2.5807950546455274
12.727594972696602	1.7554334621397607	422.911624560049	86.75485010863589	316.05450585655245	421.06651286183524	2.582494147551536
12.726029529221787	1.758142236871802	423.2460310894979	87.03380461059292	316.4990864903681	421.388079411331	2.584193240457545
12.734227575288376	1.7608418951165772	423.58274913825096	87.31275911254995	316.6556045108409	421.7100121824637	2.5859026244387757
12.730266241093881	1.763532410437956	423.9215570340637	87.59171361450699	317.1657696537745	422.0360498583717	2.5876213125920517
12.731931026475197	1.7662138011221473	424.2603649298766	87.870668116464	317.5089681437213	422.3604337202527	2.5893400007453278
12.732136462817927	1.7688860818024363	424.6020512335116	88.14962261842105	317.8917100102783	422.68853527361455	2.591071590375121
12.731807406956921	1.7715492221994054	424.9455319708275	88.42857712037807	318.286904579086	423.0175310121287	2.592811222938863
12.73229428841621	1.7742032460252632	425.2890127081434	88.70753162233508	318.6567744963011	423.3462667331032	2.594550855502606
12.734362463513046	1.7768481619112177	425.6361627845859	88.98648612429211	318.97705215623216	423.67806081542676	2.596307030897512
12.734498048574808	1.7794839382136205	425.9845899464356	89.26544062624914	319.3525824062872	424.01118913602255	2.598068963898228
12.747480248655611	1.782110608410928	426.33301710828533	89.54439512820618	319.35634235911203	424.34038113709	2.599830896898944
12.736354326344	1.7847280713757412	426.697999415102	89.8233496301632	320.04782315310104	424.68084632229755	2.6016739739034747
12.73829596099421	1.7873361817581659	427.06473930215526	90.10230413212022	320.3639857328036	425.0179169650037	2.603525665577204
12.737894620344008	1.7899349604423542	427.4356255454094	90.38125863407727	320.7432224771952	425.35567820959363	2.605397712923936
12.739797921770968	1.7925242086359403	427.8227115984201	90.6602131360343	321.0566922917101	425.6972009498354	2.607349289865842
12.746387288293903	1.7951038566847648	428.20979765143073	90.93916763799132	321.2341190523685	426.03748971772615	2.6093008668077484
12.741687542493887	1.7976738613152672	428.61147495941555	91.21812213994835	321.72841590410854	426.38209407969083	2.611324184055077
12.74255919574167	1.8002339794323825	429.02129732834294	91.49707664190538	322.0640149989008	426.7420452998983	2.6133875478344395
12.743461956989949	1.8027842130868514	429.43670842449006	91.77603114386241	322.39524927088365	427.101921976558	2.6154784281285806
12.744273806463314	1.8053243201932765	429.87210471292667	92.05498564581943	322.72854507380447	427.4675677698046	2.6176677070056864
12.745104574119676	1.8078542080294537	430.3075010013633	92.33394014777646	323.05778307427977	427.8472613544076	2.619856985882793
12.746048934394505	1.8103737124430617	430.76998240150436	92.61289464973349	323.3822004063014	428.22682051842213	2.6221797951733534
12.746632523489977	1.8128826120278485	431.2343567890119	92.89184915169052	323.7156206842418	428.62155413523385	2.624511936948433
12.747730894117902	1.8153807802020432	431.72491237500225	93.17080365364754	324.0307181664739	429.0231285947864	2.6269733101352686
12.748172367040027	1.8178679112780491	432.2223972072668	93.44975815560458	324.3634294747015	429.4300169272709	2.629468886350624
12.749548897344718	1.8203438514093515	432.7499479686474	93.7287126575616	324.66777654002664	429.8562563499011	2.6321130366104275
12.749953381213093	1.8228082456126726	433.2856273783464	94.00766715951863	324.99635523008453	430.2827298302646	2.634797355466116
12.75085682979451	1.8252608330373228	433.8624909390173	94.28662166147566	325.31036272548596	430.73363909019935	2.637685401834368
12.752207431333904	1.8277012554150671	434.45340882484555	94.56557616343271	325.60857387954826	431.1876875539127	2.640643021745459
12.752362116150376	1.8301290285390717	435.08626353123896	94.84453066538973	325.938042007115	431.66415209692894	2.6438082900233004
12.752129226354246	1.8325437655750836	435.75847855078143	95.12348516734676	326.27699717227006	432.1507831888618	2.6471686181501197
12.753216657246124	1.8349448045553216	436.46880021128686	95.40243966930377	326.5755777377671	432.6601038661683	2.6507178488648133
12.75545520181909	1.8373313909523827	437.24189954032903	95.68139417126082	326.8412009265154	433.18202274982957	2.654578433495628
12.755996686520827	1.8397026379402108	438.10081540718625	95.96034867321784	327.15166925261695	433.7357502435828	2.658864934194599
12.754637777235024	1.8420572828261614	439.0616357645297	96.23930317517487	327.5102837165925	434.3018265398121	2.6636574775786617
12.756609657348779	1.8443935142602492	440.17500123040395	96.51825767713188	327.7758052075139	434.9140947837339	2.6692079069532384
12.7571656695572	1.8467084209678484	441.58018547703927	96.79721217908893	328.0768817343015	435.5481417093004	2.676208992554526
12.759362955094117	1.8489955890803875	443.7780432945536	97.07616668104595	328.32825852911947	436.2191496422076	2.6871528567132157
12.758342796385945	1.850601270785304	636.8341627823031	97.35512118300298	328.57540100591274	436.76096736212037	3.6478035327745677
12.758503042180992	1.8508846983923883	730.6137027622805	97.63407568496	328.6097130458205	436.96264853893064	4.11435480500494
12.758164548718224	1.8510317747228953	732.5403797424103	97.91303018691704	328.63908360327736	437.18514596838105	4.123936575148197
12.76104949903823	1.85114709481546	733.9406703381266	98.19198468887407	328.57552115560065	437.45377130358105	4.13089838767511
12.75730212689178	1.8512414990078618	735.0898987903262	98.47093919083109	328.691378193467	437.77923806298907	4.136610163795607
12.7566851389034	1.851319785617893	736.0955453954609	98.74989369278813	328.71900171549754	438.13126868512575	4.141606796286522
12.755948237920496	1.8513848335236127	737.0007170750096	99.02884819474517	328.7481170597347	438.5358688686874	4.146102831611728
12.755271847987743	1.8514386196050303	737.832849155138	99.30780269670218	328.77403145970095	438.9964136370338	4.150234854113809
12.75451616755148	1.8514826118929735	738.5936341604762	99.58675719865921	328.8007924938515	439.5083703734662	4.154011168019111
12.753645722156522	1.851517973857006	739.3076214484288	99.86571170061625	328.8293909321749	440.1045910355482	4.1575540661739785
12.753395338873762	1.8515456347251	739.9892841987657	100.14466620257328	328.8399032110131	440.80526706020214	4.160935700565566
12.750841996997384	1.851566375971143	740.6330253571288	100.4236207045303	328.91237707174514	441.6487434530404	4.164128102551167
12.749931321540789	1.851580844675335	741.2433433106164	100.70257520648732	328.9391534467777	442.76310329003275	4.167153635217593
12.749559115989271	1.8515896244281427	741.8395364282123	100.98152970844436	328.9504414886049	444.7506250767909	4.170108643725653
12.749123596169529	1.851593201602476	742.3974454321268	101.26048421040139	328.96274792840427	616.6973310004755	4.172872410680353
12.747828487037568	1.8515920189798336	742.9473280440612	101.5394387123584	328.9979239021928	730.2203554120404	4.175596060037618
12.74568796742588	1.8515864630504986	743.4703677352312	101.81839321431544	329.0556664445361	732.2475907436396	4.1781855428239245
12.745428197250451	1.851576884442562	743.9841989294036	102.09734771627247	329.06138166900024	733.6762040080621	4.180728971370561
12.74454530833959	1.851563601634151	744.4764715799165	102.3763022182295	329.08365666499776	734.8337851846716	4.183164579679334
12.745145548583737	1.851546890439931	744.9620049573358	102.65525672018653	329.06480565771477	735.8344833544305	4.185566461162469
12.742059503481581	1.8515270216954656	745.4269291272645	102.93421122214357	329.1466031328643	736.7393154968917	4.187865203458635
12.741037546860108	1.8515042345017716	745.8901081244863	103.21316572410059	329.1714179760246	737.5543494218313	4.19015520603727
12.740386915982569	1.8514787432504816	746.330562601261	103.49212022605762	329.18567370354253	738.3125722686889	4.1923314056158105
12.73863836873624	1.8514507589184075	746.7710170780356	103.77107472801464	329.22974733955886	739.0304607721104	4.1945076051943495
12.738138425613522	1.8514204651138526	747.1944317723018	104.05002922997168	329.2392101948958	739.7067050954764	4.196598409384309
12.738589699503947	1.8513880417099737	747.6128635252377	104.3289837319287	329.22221265207577	740.3370607130358	4.198664241412155
12.734185216710946	1.8513536477872827	748.0312952781734	104.60793823388573	329.33852019849286	740.9561509707917	4.200729495164008
12.73225598165768	1.85131743047513	748.4497270311089	104.88689273584275	329.3865367505478	741.5384044368177	4.202793690889256
12.73160785610819	1.8512795223593106	748.8681587840443	105.16584723779978	329.39905916590175	742.098991277994	4.204857886614503
12.73313561021546	1.8512400492176184	749.2865905369799	105.4448017397568	329.3513862480416	742.638327839458	4.2069205617049885
12.729176772554387	1.8511991251109616	749.7050222899154	105.72375624171383	329.4547510455625	743.1623612379044	4.208983124363999
12.727144129230364	1.8511568589599994	750.123454042851	106.00271074367086	329.50487571585654	743.6724006419322	4.211044860719553
12.726305861640848	1.8511133499382897	750.5418857957866	106.2816652456279	329.5218845476041	744.1608352431773	4.213105793538453
12.724417727105582	1.8510686939866672	750.9603175487221	106.56061974758492	329.567738699317	744.6408232388061	4.215166594765911
12.72326488396437	1.851022979001275	751.3787493016576	106.83957424954195	329.5931496441605	745.1048794264972	4.217225900960644
12.720321937286691	1.850976289557357	751.7971810545931	107.11852875149897	329.66795201148204	745.5593928185664	4.2192852071553775
12.71991973371019	1.850928705163743	752.2156128075287	107.39748325345602	329.67236841027955	746.0031857537912	4.221343453426303
12.716698825234973	1.8508802956095138	752.6340445604643	107.67643775541303	329.75399426577667	746.434094393374	4.223401136202672
12.715818698564783	1.850831142079672	753.0524763133998	107.95539225737006	329.77129137888613	746.8626326624307	4.225458457704255
12.715398420657637	1.8507813037753935	753.4709080663354	108.2343467593271	329.7758511019012	747.2696976152827	4.227514520257966
12.713837056886234	1.8507308443489465	753.8893398192708	108.51330126128413	329.81168867044767	747.6774587063106	4.229570582811677
12.711017174435593	1.8506798277437053	754.3077715722065	108.79225576324114	329.8821045889578	748.0864371429732	4.2316253660532634
12.710462200913502	1.8506283105956254	754.7262033251421	109.07121026519818	329.89014019086835	748.4932087088096	4.233679811569967
12.71324451820481	1.8505763461620277	755.1446350780776	109.3501647671552	329.80614333535874	748.8967130344386	4.235733680293988
12.709834999910198	1.8505239874617392	755.5630668310132	109.62911926911224	329.892673406763	749.3062509738311	4.237786511949328
12.705639738252419	1.850471283903757	755.9814985839488	109.90807377106927	330.0009254545099	749.7165593089481	4.239839343604668
12.703825134160496	1.8504182834666651	756.3999303368843	110.1870282730263	330.0435208832494	750.1245323517314	4.241890690618769
12.702025493376805	1.8503650306932562	756.8183620898197	110.46598277498333	330.08569493749616	750.5324810743095	4.24394191157842
12.704345863841095	1.850311569645886	757.2367938427553	110.74493727694036	330.01395971163095	750.9362944832122	4.245992354221035
12.698857297881634	1.850257940725703	757.6552255956908	111.02389177889738	330.1581137926639	751.3478734445248	4.2480419676407495
12.697073832967794	1.850204183546745	758.0736573486263	111.30284628085441	330.1998409061581	751.7557982745171	4.250091509372745
12.695155942025531	1.8501503361714606	758.4920891015619	111.58180078281144	330.2453055660766	752.1638513527715	4.252139518398393
12.621469587322515	1.8482121781904166	775.2293592189836	122.73998086109259	332.01512360331554	768.4792731029542	4.3335469703970215
12.534772089693526	1.8472227354585735	791.9666293364056	133.89816093937375	334.3033901164454	784.8025948313809	4.413948919247114
12.447172727584702	1.8473923958232938	808.7038994538274	145.0563410176549	336.8145161466074	801.1226212997079	4.493387361902481
12.36104580297723	1.8486347973098358	825.441169571249	156.21452109593602	339.4756209552265	817.4370998041151	4.571901767189901
12.275972315047806	1.850778430039899	842.1784396886706	167.37270117421716	342.27792960813474	833.7468341749327	4.6495289340862085
12.193544167706603	1.8536382068939996	858.9157098060922	178.53088125249832	345.1452619523162	850.049985620331	4.726302252905738
12.113901524194643	1.857042129853138	875.6529799235143	189.68906133077948	348.03812224807024	866.346009175628	4.802254243143752
12.037034015158758	1.8608403444281163	892.3902500409362	200.84724140906062	350.9227198765806	882.6348685468508	4.87741486301617
11.963406623340019	1.8649068679961707	909.1275201583578	212.00542148734172	353.7531118222067	898.9155799076468	4.951812190109324
11.892844228990148	1.8691381724209695	925.8647902757795	223.16360156562288	356.5058746014243	915.1880998521066	5.025472861931917
11.825670787817781	1.873450596412075	942.6020603932012	234.32178164390402	359.14800324500476	931.4514727788041	5.098421140731728
11.760685820597466	1.8777774647461491	959.3393305106232	245.47996172218518	361.6995939316249	947.7075726082345	5.170681374956804
11.698233926256847	1.8820663256321444	976.076600628045	256.63814180046626	364.1398441536597	963.9555068361336	5.2422750386581765
11.639673740936447	1.8862764903644513	992.8138707454668	267.79632187874745	366.4256025633809	980.192048403808	5.313223752828476
11.5830250102744	1.890376891491607	1009.5511408628881	278.9545019570286	368.60731330996833	996.420670720311	5.383547186518008
11.5284992961201	1.8943442742049068	1026.2884109803101	290.1126820353098	370.6855462215671	1012.6411463177841	5.453264140262779
11.476211793943238	1.8981617026807576	1043.0256810977319	301.2708621135909	372.65713544470924	1028.8526805702454	5.522392595536045
11.425726004712928	1.9018173130903135	1059.762951215153	312.429042191872	374.53495427220685	1045.0560374833053	5.59094976077966
11.377132782347115	1.9053033006372853	1076.5002213325747	323.58722227015323	376.32266749769144	1061.2507382895092	5.658951497707386
11.330155531389876	1.9086150831332145	1093.2374914499962	334.74540234843437	378.03075659220957	1077.4372562318342	5.726413360786034
11.285437319075305	1.9117506292585407	1109.974761567418	345.9035824267155	379.6444642592687	1093.6135257400038	5.793350122510356
11.241974873977817	1.9147099137794072	1126.7120316848395	357.06176250499664	381.19665596428797	1109.782076999092	5.859776069087116
11.19999408199556	1.9174944603919364	1143.4493018022615	368.21994258327777	382.68533655991	1125.9420674551768	5.925703958030913
11.159017357399774	1.920106994677189	1160.1865719196833	379.37812266155896	384.1214094524127	1142.0947887921272	5.991147000709255
11.119843753314823	1.9225511546200158	1176.9238420371053	390.5363027398401	385.4913611084271	1158.2374992491398	6.056117503078742
11.088286004581837	1.9248312474105687	1193.6611121545275	401.69448281812123	386.6374515130292	1174.3498279592595	6.120627199601607
11.044606107939524	1.9269520748680853	1210.3983822719488	412.85266289640236	388.0950682188121	1190.499505343206	6.184687233059429
11.009866321571534	1.9289187721647005	1227.1356523893712	424.01084297468344	389.29663923691845	1206.613654135209	6.24830811484104
10.973194188532085	1.930736695053791	1243.8729225067932	435.16902305296463	390.53896367768846	1222.7305725561193	6.3115007212646
10.938800434687447	1.9324113240432288	1260.6101926242145	446.32720313124577	391.71031702227407	1238.8346612139514	6.37427484055374
10.908436986338184	1.9339481864219088	1277.3474627416365	457.48538320952696	392.7621975879556	1254.9181676358144	6.436639687138265
10.875143078902312	1.9353527999098485	1294.0847328590582	468.64356328780804	393.88493199959004	1271.0088698949983	6.498604828820233
10.843604853269262	1.9366306250502134	1310.82200297648	479.8017433660893	394.95321190857777	1287.0878806975113	6.560179133401396
10.811751258996745	1.9377870314431442	1327.559273093901	490.95992344437036	396.0251964051541	1303.1639161826279	6.621370496538871
10.782521269767646	1.9388272687120478	1344.2965432113228	502.1181035226515	397.01898699346987	1319.22382387205	6.682187678640138
10.754822264827752	1.9397564497876538	1361.0338133287446	513.2762836009326	397.96487968967267	1335.2718776812535	6.742638479376037
10.725234128508278	1.9405795330178472	1377.7710834461668	524.4344636792138	398.9618652698282	1351.3242381414761	6.8027304619874664
10.698816053148317	1.9413013161235233	1394.5083535635881	535.5926437574949	399.8644283034728	1367.3565745809294	6.862470962564886
10.671909659283008	1.941926427276008	1411.2456236810099	546.7508238357761	400.7790821072207	1383.3865233630409	6.92186709888367
10.6457992253618	1.9424593221976774	1427.9828937984314	557.9090039140572	401.668753724839	1399.4076665812654	6.980925778820268
10.61978000671244	1.9429042832071464	1444.7201639158532	569.0671839923383	402.55497361672593	1415.4236460405707	7.039653544525103
10.594309749875116	1.943265423098115	1461.4574340332758	580.2253640706195	403.42446395007016	1431.4320239414978	7.0980564879290515
10.570114675802742	1.9435466802255332	1478.1947041506974	591.3835441489007	404.2547896592885	1447.4285484109091	7.1561413821594995
10.545797888649378	1.9437518284098705	1494.9319742681196	602.5417242271818	405.08937450349885	1463.421007716549	7.213913877060123
10.522143437839508	1.9438844770629755	1511.6692443855413	613.699904305463	405.9039779102196	1479.4048730948696	7.2713797968510185
10.501642723736902	1.9439480772189868	1528.406514502963	624.858084383744	406.61749895301796	1495.3645624381197	7.32854482773538
10.476158553727563	1.9439459269282946	1545.143784620385	636.0162644620251	407.49496167953623	1511.3503753973655	7.38541454107781
10.453775585000097	1.943881174204764	1561.881054737807	647.1744445403064	408.27335773770994	1527.3122182419484	7.441993728507768
10.433109143506657	1.9437568256644104	1578.6183248552288	658.3326246185874	408.99583180665564	1543.2579805852542	7.498288039601615
10.411746090716493	1.9435757452051639	1595.3555949726508	669.4908046968686	409.7437384998688	1559.2034329496698	7.554302337995565
10.393017804539657	1.9433406741990498	1612.0928650900723	680.6489847751498	410.4026527224895	1575.12575410357	7.610041348334348
10.348954648619006	1.9427188731615475	1645.5674053249156	702.965344931712	411.9609893697845	1607.0025284301955	7.720711696087269
10.328954592892803	1.9423370012432775	1662.3046754423372	714.1235250099932	412.6730715196198	1622.9194686532896	7.775652247374282
10.309522411278294	1.9419108711128878	1679.041945559759	725.2817050882744	413.3687760462267	1638.8273862929825	7.830335475514301
10.290383770557991	1.9414426378796814	1695.779215677181	736.4398851665554	414.0567464203904	1654.72856368638	7.884765471177942
10.271186707084725	1.9409343582298877	1712.5164857946024	747.5980652448367	414.75035943604195	1670.6253438836104	7.9389461797280765
10.25732342686927	1.9403879910001245	1729.253755912024	758.7562453231178	415.2408495011431	1686.4737711393823	7.992881741369609
10.233915856791553	1.9398054059432122	1745.9910260294457	769.914425401399	416.10829175122603	1702.395626288643	8.04657605993772
10.218859643957341	1.9391883845130784	1762.7282961468673	781.07260547968	416.64903660054	1718.243266413764	8.100032948471553
10.19899474433203	1.938538624803792	1779.4655662642883	792.2307855579612	417.38841932725177	1734.1270783117218	8.15325541959243
10.181569340411627	1.9378577471472667	1796.20283638171	803.3889656362423	418.0341522968192	1749.9852411210277	8.206247728056018
10.148095473959899	1.936408744694132	1829.6773766165534	825.7053257928047	419.27951973353476	1781.6747626994181	8.311554676580634
10.130912949896235	1.9356434975308296	1846.414646733975	836.8635058710857	419.9292842206043	1797.516537182369	8.363876072946159
10.114599900113962	1.9348528958093043	1863.1519168513971	848.0216859493669	420.54482147254214	1813.345413529258	8.415980318964014
10.098584776960712	1.9340382175434985	1879.8891869688193	859.1798660276481	421.15347457628974	1829.1666193078543	8.467870457530712
10.082029601097334	1.9332006830010457	1896.6264570862402	870.3380461059293	421.79150217671304	1844.9884898116748	8.51954988073176
10.066460504347173	1.9323414568000838	1913.3637272036622	881.4962261842104	422.3882916767153	1860.7958179534821	8.571021077182635
10.051695500064161	1.9314616492730263	1930.100997321084	892.6544062624915	422.9545661617465	1876.5900166194085	8.622287181658898
10.036547046973697	1.9305623219637906	1946.8382674385057	903.8125863407726	423.54157687241343	1892.3833194642057	8.67335113939924
10.023863822947416	1.929644486639472	1963.5755375559281	914.9707664190539	424.01443590664604	1908.1451956096396	8.724215665141413
10.006692253212702	1.9287091102249518	1980.3128076733499	926.128946497335	424.7121892677209	1923.9509444298637	8.774883420449424
9.991609200485412	1.9277571167659824	1997.050077790771	937.2871265756161	425.3124111350359	1939.729494430933	8.825356880343485
9.979660410220538	1.9267893876848539	2013.7873479081927	948.4453066538972	425.759622868745	1955.4677004666676	8.87563876844591
9.971779579187784	1.9258067640170378	2030.5246180256145	959.6034867321786	425.99513300949474	1971.1528050211743	8.925731636813424
9.955114096694752	1.9248100518555429	2047.261888143036	970.7616668104596	426.70334138005904	1986.934755064506	8.975637945316576
9.93816176472682	1.9238000194270484	2063.999158260458	981.9198468887407	427.45546920292946	2002.7165721534436	9.025360107073457
9.923810591899464	1.9227774011541898	2080.7364283778793	993.0780269670219	428.09375737601187	2018.4630803685295	9.074900453073468
9.913734117658471	1.921742898862745	2097.473698495302	1004.236207045303	428.4864208566461	2034.1518119966088	9.12426114629749
9.899427304803295	1.920697183446675	2114.210968612723	1015.3943871235842	429.16080307554614	2049.8881535224823	9.173444601194376
9.88254510824623	1.919640897002084	2130.948238730145	1026.552567201865	430.0435151297913	2065.6535200417566	9.222453056889462
9.871136134043951	1.9185746529377807	2147.685508847567	1037.7107472801463	430.5823432386873	2081.3439361830124	9.271288711138743
9.856190576345556	1.9174990375704988	2164.422778964988	1048.8689273584273	431.4058902081473	2097.076235037422	9.319953704780005
9.847878558179502	1.9164146104115634	2181.1600490824094	1060.0271074367085	431.7590839453581	2112.714736389575	9.36844965437385
9.840514880603946	1.915321909375869	2197.897319199832	1071.1852875149898	432.03347221002053	2128.3335209131274	9.416779104172603
9.819794954323973	1.9142214473764436	2214.634589317253	1082.3434675932708	433.47131304051993	2144.132744501401	9.464944077991012
9.809257830329056	1.9131137143088484	2231.371859434674	1093.501647671552	434.0901033338189	2159.7859168618206	9.512945922661359
9.782958006188364	1.910878294718246	2264.846399669518	1115.8180078281143	436.02946867916154	2191.1529568247424	9.608469437162595
9.774869829967994	1.9097514876983475	2281.583669786939	1126.9761879063956	436.50962006715844	2206.754693903626	9.655994627249553
9.764868892609329	1.9086191701139472	2298.3209399043603	1138.1343679846766	437.2672852884419	2222.3790904990888	9.703364394312661
9.752305862562576	1.907481735425575	2315.058210021781	1149.2925480629576	438.5112056309273	2238.0375623602913	9.750580751587549
9.736880602317331	1.9063395617862673	2331.7954801392034	1160.450728141239	440.63487005001	2253.736664327113	9.797645049382346
9.725629128292576	1.905193009038067	2348.5327502566256	1171.6089082195201	442.6219517493018	2269.366756811575	9.844559476228804
9.719044581719514	1.9040424222260313	2365.270020374047	1182.7670882978011	443.6554596111215	2284.9169761310277	9.891325187461428
9.70433813230406	1.9028881190231162	2382.007290491469	1193.9252683760824	731.3191064498887	2300.593286070962	9.937944111816801
9.694027388050824	1.9017304574518263	2398.744560608892	1205.0834484543634	733.8604807899882	2316.1937643973674	9.984417949383923
9.684478534706864	1.900569698621001	2415.481830726313	1216.2416285326447	735.4481109520301	2331.7765030350215	10.030747978828098
9.67144385925725	1.8993505879338466	2432.219100843734	1227.399808610926	737.5871062912158	2347.4136127412835	10.076935809033126
9.662361127611307	1.8982400800921477	2448.956370961156	1238.557988689207	738.5862805644707	2362.9787516758943	10.122983113650417
9.651479777385084	1.8970717638074628	2465.693641078577	1249.716168767488	739.8439181678765	2378.570192675143	10.168891349678866
9.647303721651229	1.8959014542033443	2482.4309111959988	1260.8743488457694	739.8046456295193	2394.0375955171744	10.214661952056318
9.63247972973158	1.8947293937265395	2499.1681813134205	1272.0325289240504	741.5967542086074	2409.6900029895696	10.260296237897148
9.621127972017414	1.893555817661736	2515.905451430842	1283.1907090023315	742.6868108514509	2425.2764090506503	10.305795630664024
9.612576718446537	1.8923809487836272	2532.6427215482636	1294.3488890806127	743.2971762419352	2440.8067524633557	10.351161610864496
9.601463748494995	1.8912050018842346	2549.379991665686	1305.5070691588937	744.2498616128868	2456.3800669361085	10.396395528424176
9.591672756198905	1.8900281830449914	2566.1172617831076	1316.665249237175	744.9823320967505	2471.924138235977	10.441498713301362
9.581320726125893	1.8887907817139398	2582.8545319005293	1327.8234293154562	745.7573329838964	2487.474484105019	10.48647247587127
9.574407396812342	1.8876727035416583	2599.5918020179515	1338.9816093937372	746.0676733848774	2502.953047747946	10.531318107301226
9.565231175098843	1.8864944122839387	2616.3290721353733	1350.1397894720183	746.6566634644493	2518.4706472324838	10.57603687991703
9.55462769481519	1.885315986379947	2633.0663422527964	1361.2979695502997	747.399639698407	2534.0122713692476	10.620630047560786
9.549617609729578	1.8841375907906006	2649.8036123702177	1372.4561496285808	747.4601059653203	2549.4356256111646	10.665098845940374
9.540062693773718	1.8829593840056482	2666.54088248764	1383.6143297068618	748.0682406264424	2564.9461986618194	10.709444320157967
9.526669313022916	1.8817815172931647	2683.2781526050617	1394.772509785143	749.1448342327536	2580.532873906306	10.753667776527145
9.518799402160694	1.8806041355801402	2700.0154227224834	1405.930689863424	749.5531148668931	2595.9999205576173	10.797770430065679
9.511672817560973	1.879427379108217	2716.752692839906	1417.0888699417053	749.8709825681028	2611.4457494629987	10.841753448077876
9.500165486397016	1.878251379799515	2733.4899629573274	1428.2470500199865	750.7273296182486	2626.981465397911	10.885617981345892
9.491160531710504	1.8770762645811612	2750.227233074749	1439.4052300982676	751.2790141637395	2642.4588319490854	10.929364970916376
9.483884880646482	1.875902155298938	2766.9645031921723	1450.5634101765488	751.6184088585251	2657.8931067137337	10.972995507644123
9.478312960441622	1.8747291691327352	2783.7017733095936	1461.72159025483	751.7467097459715	2673.283455855148	11.016510884430666
9.465426089935733	1.8735574194839482	2800.4390434270144	1472.879770333111	752.7860094133392	2688.8350873065738	11.059912163205073
9.456715354514587	1.87238700744446	2817.1763135444357	1484.0379504113923	753.3083650167836	2704.287754745442	11.103199956720529
9.450052680937898	1.871218040217221	2833.913583661858	1495.1961304896734	753.5754588662985	2719.687931102774	11.146375781158527
9.44388086823618	1.870050613932457	2850.6508537792793	1506.3543105679544	753.7811312653708	2735.0708919716335	11.189440514590407
9.432044398901915	1.8688848213502105	2867.388123896701	1517.5124906462356	754.7027305275678	2750.5842633865677	11.232394914607651
9.426574091474563	1.8677150145633512	2884.125394014122	1528.6706707245164	754.8217699061407	2765.9402493905554	11.27524040940806
9.42138386885953	1.8665584914022713	2900.862664131543	1539.828850802798	754.9050261295907	2781.283203167886	11.317977406943983
9.408805225210394	1.865398120722796	2917.5999342489663	1550.9870308810791	755.9302938238765	2796.804005490078	11.360607394776927
9.40252770361176	1.8642397173317669	2934.337204366387	1562.14521095936	756.1545366841253	2812.164076902479	11.403130874861475
9.39720047308408	1.8630833565320852	2951.07447448381	1573.3033910376412	756.2574097081837	2827.494365853515	11.445549153771571
9.387093013437882	1.8619291086354115	2967.811744601232	1584.4615711159224	756.9756116303595	2842.941928252928	11.487862741460717
9.379659135700217	1.8607770414958449	2984.549014718654	1595.6197511942034	757.3521790717583	2858.3165244946936	11.530073012661134
9.372607382316318	1.8596272198574213	3001.2862848360764	1606.7779312724847	757.6808725107393	2873.6762983125736	11.57218024263048
9.369850254971878	1.8584797063100038	3018.0235549534978	1617.936111350766	757.4533794811343	2888.916456372199	11.61418588022165
9.354689216859573	1.8573345565352088	3034.7608250709195	1629.094291429047	758.8397729304708	2904.484100014106	11.65609043317235
9.349023911334509	1.8561918291218364	3051.4980951883413	1640.2524715073282	758.9929778933302	2919.7925257411275	11.697894821757563
9.345847463571321	1.855051577829767	3068.235365305764	1651.4106515856095	758.8208145949676	2935.0265618259555	11.739600079211773
9.33811360453796	1.853913851857849	3084.972635423185	1662.5688316638903	759.2462028085456	2950.3806963168568	11.781206654653822
9.3330191183448	1.8527787004734801	3101.709905540606	1673.7270117421715	759.3262869569995	2965.655991344398	11.822715587692233
9.034091129326066	1.7998785143800826	3938.5734114116904	2231.6360156562287	771.2612636993814	3724.519918956056	13.788728413943613
8.9177360384707	1.7764298315240896	4357.005164347234	2510.5905176132574	774.2946433221101	4098.364718543161	14.704158419594341
8.822294844293967	1.754874556642235	4775.436917282778	2789.545019570286	775.2933951900332	4468.23289278212	15.583075621759109
8.740067847436116	1.7350488900263197	5193.868670218323	3068.4995215273148	775.2747758214114	4834.366014319891	16.43012036935069
8.666371607007223	1.716782488609763	5612.300423153866	3347.454023484343	774.8639179442557	5197.00340933798	17.24900482513577
8.60610529609583	1.6999145187213756	6030.732176089413	3626.4085254413717	773.1820804927307	5555.559238004919	18.042756793061777
8.551872915042019	1.6842992819597749	6449.163929024959	3905.3630273984004	771.3210083849059	5910.573997947481	18.813885348175628
8.49856693385984	1.669807327171924	6867.5956819605035	4184.317529355429	770.0367545194063	6262.654327279876	19.564498393229073
8.452957720605953	1.6563246673946135	7286.027434896047	4463.272031312457	768.1713651293322	6610.922914377709	20.2963879599022
8.411437616820486	1.6437512902564082	7704.459187831585	4742.226533269486	766.2483173566036	6955.767441150084	21.01109357982418
8.375117553520093	1.6319994909423776	8122.890940767131	5021.181035226515	764.0350409905669	7296.944642837635	21.70994961759685
8.342480816373712	1.6209922703071207	8541.322693702665	5300.1355371835425	761.7319552018688	7634.609216042608	22.394121927243596
8.312490385727067	1.6106618827001942	8959.754446638222	5579.090039140572	759.4660282056259	7968.905568054359	23.064636961734866
8.28535645777948	1.600948561928578	9378.186199573765	5858.044541097601	757.163202716081	8299.740302062906	23.722403659171
8.262655449171188	1.5917994257966357	9796.617952509318	6136.9990430546295	754.547831336927	8626.63985913618	24.368232236426792
8.24073258968578	1.5831675332687913	10215.049705444866	6415.953545011657	752.1714368719609	8950.452355518706	25.00284823007458
8.219833755392898	1.5750110882029817	10633.481458380431	6694.908046968686	749.9650491171166	9271.142724741478	25.62690480579154
8.198735311100044	1.567292755423593	11051.91321131598	6973.862548925715	748.0969568277781	9589.12465419297	26.24099248994639
8.18777628570024	1.5599790854837488	11470.344964251535	7252.817050882743	744.7572726616181	9900.914044916779	26.84564731706645
8.165461102985816	1.553040015742973	11888.77671718708	7531.771552839771	743.3986891038775	10213.825068180695	27.441357726088494
8.151046656738485	1.5464484559571976	12307.208470122627	7810.726054796801	740.5014991537237	10521.155985478093	28.02857042811024
8.137693990928948	1.5401799198189257	12725.640223058159	8089.6805567538295	736.9079634156743	10825.26238974188	28.607695109748228
8.125215270323016	1.5342122235933555	13144.071975993698	8368.635058710857	731.0293758811605	11126.20982227891	29.179108803401103
8.113614340762679	1.5285252091829282	13562.50372892923	8647.589560667886	441.1453312411656	11423.9881611336	29.743159237113577
8.103015121152962	1.5231005221983542	13980.935481864764	8926.544062624915	437.9480790971408	11718.529497614772	30.30016830845034
8.09780777460141	1.5179214080171668	14399.367234800297	9205.498564581943	435.0642389893233	12007.522652053276	30.85043425591473
8.086512559939226	1.512972538911044	14817.798987735832	9484.453066538972	433.72392389509156	12296.870740258117	31.394234492749916
8.07574674927061	1.5082398626162845	15236.230740671375	9763.407568496	432.57063649673853	12583.311418242996	31.931827352070453
8.069069847849283	1.5037104697662198	15654.662493606924	10042.36207045303	431.1715109201772	12864.703010952242	32.46345401795566
8.06227212590997	1.499372478226502	16073.094246542478	10321.316572410058	430.0027280244101	13143.406623923518	32.98933999130881
8.055179355906665	1.495214930677764	16491.525999478014	10600.271074367085	429.01883455371245	13419.591949732852	33.50969652364272