28.382674912641598	0.08186168569606778	35.01889990375193	0.11158180078281144	0.21926186974739212	29.42314902622758	0.2294761402266479
27.641770240697547	0.08321373215704085	56.00181385488425	0.22316360156562287	0.16964892259207845	45.838738242152175	0.36638318336958964
26.83433892584748	0.08412053650494968	72.04827648580353	0.33474540234843436	0.14312977282693629	59.51381247828058	0.4708744562489539
26.655930269292238	0.08653140692622104	81.10687321179608	0.44632720313124574	0.11056400213515243	70.98732377518685	0.5297225169962301
25.816045958412317	0.08964351049144294	90.14122176324858	0.5579090039140573	0.09426161745451377	78.92916323992486	0.5884123560085507
25.510632233044056	0.09351022418067965	97.0036548044586	0.6694908046968687	0.07703501150416726	86.10946335922631	0.6325701430208444
24.865723215220463	0.09808744128249584	101.25525164665608	0.7810726054796802	0.06441478610460978	94.30146334271618	0.6592591071306456
24.363387806718706	0.10347096747597125	105.50684848885356	0.8926544062624915	0.05173119779557157	98.66426263710478	0.6859480712404469
23.71699265879324	0.10924524599950719	109.75844533105104	1.004236207045303	0.045385242815485956	102.71746229944176	0.7126370353502481
12.790508200417223	0.5526437528422838	245.1184020096942	11.158180078281145	108.24941371527719	242.56514105840452	1.5639839105109101
12.741844988683567	0.5871555111555989	253.65404261951434	12.273998086109259	117.50875010195774	251.0689532292167	1.6161407903683724
12.703093518621078	0.6199291074439531	261.7296876054994	13.389816093937375	125.85018533037763	259.1086625237894	1.6652807548923627
12.673870060804246	0.6511410717392117	269.4055962745393	14.505634101765487	131.68568792249943	266.74817204637486	1.7117993338468043
12.649050694321803	0.6809410051343897	276.72287937272495	15.621452109593601	137.20306003060705	274.0332163034561	1.7559712092779407
12.638971559768402	0.7094612567635955	283.69870404461176	16.73727011742172	142.17221895081167	280.9830511068824	1.7979216311163295
12.623873044969306	0.7368252430033018	290.3264756886116	17.853088125249833	147.07696947749466	287.610185794187	1.8376317821389079
12.600631528880603	0.7631549914313146	296.5716568394774	18.968906133077947	151.9751716651829	293.89426702747585	1.8749153030271155
12.589731016760224	0.7885774509434988	302.37346995694344	20.084724140906058	156.3914754908005	299.77770726560766	1.9094300248894451
12.576964650428856	0.813221882641108	307.6977800217818	21.200542148734172	160.71336166173728	305.21883451969086	1.9409954673559573
12.570265083236668	0.8372084305606754	312.5548311003268	22.316360156562286	164.7687886265924	310.20209391619466	1.9696941581087066
12.572861913941608	0.8606367865296405	316.9984994001083	23.4321781643904	168.49198743998335	314.7563998666357	1.995863315072614
12.555355391952354	0.8835802784123964	321.11246882335183	24.547996172218518	172.6671342459176	318.9610736518758	2.020012427524096
12.552586668515302	0.9060872279487413	324.97287906137774	25.663814180046632	176.39579567776644	322.8812256958583	2.0425998459960533
12.549303360794479	0.9281868800742319	328.64772908651815	26.779632187874743	180.08381759946494	326.58826436462635	2.06403412644212
12.547029355665046	0.9498960174825601	332.18020221677125	27.89545019570286	183.69401065141875	330.1367309646492	2.0845736169209217
12.549846986522324	0.9712245392010899	335.5982255806876	29.011268203530975	187.1171428062381	333.55972908762607	2.1043861706555105
12.541879842619874	0.9921794552440616	338.9166332901087	30.12708621135909	190.79417534865402	336.883362415041	2.123562600602054
12.541851623953152	1.0127675080659044	342.14054098195624	31.242904219187203	194.20553382854922	340.11169575241763	2.1421370079781914
12.540451557683788	1.0329967019400024	345.26897586087966	32.35872222701532	197.59985520610675	343.24823309017006	2.160108333654557
12.54794642716364	1.052876953245705	348.2934906048384	33.47454023484344	200.68296994274357	346.2879625227379	2.1774307504241994
12.550264790066533	1.0724201724174003	351.210670664623	34.590358242671556	203.86132557500414	349.22830420978073	2.194090618878463
12.545960590642697	1.0916398850196187	354.0134116692692	35.70617625049967	207.1846714453883	352.06484395029605	2.210051092885248
12.546458091755477	1.1105506904133053	356.69639673979367	36.82199425832778	210.32396229378122	354.78794887674593	2.2252858323402576
12.5468537442063	1.1291675848027425	359.2598072956073	37.937812266155895	213.42545230099563	357.39553768487303	2.2398008335536086
12.549732008290807	1.1475053415867196	361.7032782267105	39.053630273984005	216.41523699265278	359.88639815880884	2.253597754807214
12.551405279787563	1.1655780499041453	364.03298968856814	40.169448281812116	219.4062795923648	362.26468099343913	2.2667164136772837
12.558740718264321	1.1833988499448942	366.2544771961141	41.28526628964023	222.1916947877873	364.53312101731103	2.27919180247867
12.560058823171868	1.200979584575236	368.3723492162662	42.401084297468344	225.13025443811827	366.6968121538377	2.291052772256226
12.563009157007457	1.2183309544401535	370.3945062881371	43.51690230529646	227.99060166113577	368.76357774085784	2.30234711811895
12.566130400776824	1.2354623165346452	372.32977450712104	44.63272031312458	230.81955176279334	370.74062040449684	2.3131276296906176
12.56964265528042	1.2523818949893888	374.18470846904665	45.7485383209527	233.61137006091303	372.63384834342173	2.3234333070653297
12.57595388247614	1.2690968389724635	375.9661085932601	46.86435632878081	236.29105617781642	374.44910518437734	2.333304347113423
12.576834708017715	1.2856133438276007	377.6807841326737	47.980174336608926	239.12075181763444	376.19507180021907	2.342780804752391
12.583391473116663	1.30193676925473	379.3353523431716	49.095992344437036	241.74709169037502	377.8756664603081	2.3519014682303516
12.584308680430219	1.3180717656828473	380.936078147139	50.211810352265154	244.53465522373617	379.5000138255667	2.3607029707657965
12.586965572167815	1.3340223704641796	382.48624769484627	51.327628360093264	247.24045621033315	381.07241836383594	2.369204206513878
12.593317032956925	1.34979203171475	383.99094137104214	52.44344636792138	249.80042066518504	382.5974580320199	2.377434627335955
12.597410093219263	1.3653838373065095	385.4574652488782	53.559264375749486	252.41089292460313	384.0769883583978	2.385437058826325
12.604747967283995	1.3808004828862888	386.88526062837286	54.6750823835776	254.88930609122013	385.5193815227823	2.393207279747515
12.604988094095834	1.3960442962561939	388.28205340026153	55.79090039140572	257.5833133428908	386.9267196260726	2.400790724825697
12.604988094095834	1.3960442962561939	388.28205340026153	55.79090039140572	257.5833133428908	386.9267196260726	2.400790724825697
12.606341871655834	1.3998285140503122	388.62560388992966	56.06985489336274	258.2094142960993	387.27441297411394	2.402652426041103
12.606879975490108	1.4036020893810666	388.9691543795978	56.348809395319776	258.86186079950977	387.6180178147347	2.404514127256509
12.608997209186537	1.4073650398382642	389.3092460178832	56.6277638972768	259.45970749745436	387.9612809916932	2.4063548026499553
12.609273845875853	1.4111174390715293	389.64811616552146	56.90671839923384	260.1186828720764	388.3025449393451	2.4081880527909028
12.611075076403301	1.414859270301122	389.98693508958297	57.185672901190856	260.72417277794744	388.64099404152404	2.4100209900440475
12.611987170329952	1.4185905794910074	390.3213971290051	57.464627403147894	261.35834162387465	388.9796338824216	2.4118273142383533
12.613220682762336	1.4223114129678267	390.6558591684272	57.74358190510491	261.9804252581172	389.3146717251294	2.413633638432659
12.61660595432875	1.42602175272206	390.9893132638223	58.02253640706195	262.5280684966391	389.64816516290205	2.4154337715539547
12.615525926961634	1.4297216639803014	391.3196370570143	58.301490909018966	263.22612969201106	389.98261814606815	2.417214677487069
12.615991196489993	1.4334111652602954	391.64996085020636	58.580445410976004	263.87004501494346	390.31239809123514	2.4189955834201835
12.622647894431944	1.4370902503809329	391.9785969112701	58.859399912933036	264.3007145147694	390.6408470717193	2.4207660562565834
12.62077806111132	1.4407589859813332	392.30504983083335	59.13835441489007	265.0223512483002	390.9703470082013	2.4225230335115264
12.620113010956864	1.4444173759793721	392.63150275039663	59.41730891684709	265.70108926622567	391.2962764374479	2.4242800107664686
12.620802492371373	1.448065424676069	392.9558273330506	59.69626341880411	266.3318197287311	391.6219165111046	2.4260237333001684
12.620604075808604	1.4517031939548681	393.27867419404487	59.975217920761146	266.9920421774262	391.94644081699823	2.4277582529728985
12.623543876113223	1.4553306798427181	393.6015210550392	60.25417242271817	267.5429803860239	392.26778624482836	2.4294927726456286
12.624320922179209	1.458947898053895	393.92200192986	60.53312692467521	268.1667442487907	392.58958625361083	2.431212429756095
12.6255914736316	1.4625548995118354	394.24150496681034	60.812081426632226	268.7718326705094	392.90966803134694	2.432925944321691
12.626548376453806	1.466151679411102	394.5610080037607	61.091035928589264	269.3866693246198	393.227870792118	2.4346394588872866
12.627730589414782	1.46973825518566	394.8780758260635	61.36999043054628	269.99258076893625	393.54602392516756	2.436337520266725
12.629178041707517	1.4733146755331676	395.1944947110226	61.64894493250332	270.58727282410223	393.8623765076701	2.4380314636725844
12.629773210582275	1.4768809326060268	395.5109135959817	61.927899434460336	271.21021395072546	394.17735153960484	2.439725407078444
12.631806506889257	1.4804370506257325	395.82496375616637	62.206853936417374	271.7819521861422	394.49201952090584	2.441404138089287
12.63248813983187	1.4839830675386425	396.13855565388286	62.4858084383744	272.39953949451495	394.8052463526811	2.443079926052562
12.635650869327264	1.4875189801544133	396.4521475515993	62.76476294033144	272.9281551940778	395.11662881533556	2.4447557140158374
12.635403461305268	1.4910448080831868	396.76354217341384	63.043717442288454	273.57493682847	395.4287294583532	2.446417187304375
12.636149731489732	1.4945605909238697	397.0745618298326	63.32267194424548	274.18581459488223	395.73902405599836	2.448076217791955
12.637305869904845	1.498066326161599	397.38558148625134	63.60162644620251	274.7805596955467	396.04803452543075	2.449735248279535
12.63853092156323	1.5015620308119308	397.69465154487773	63.88058094815954	275.37111987371014	396.3570260776864	2.451381355984308
12.639240022277264	1.5050477418185944	398.00335140539033	64.15953545011656	275.97864080772945	396.66474449292247	2.45302500985484
12.640383671145457	1.5085234594843009	398.3120512659028	64.4384899520736	276.5697365256492	396.9712110080147	2.4546686637253714
12.641351757074165	1.5119891967439012	398.6190988018067	64.71744445403063	277.1645735109719	397.2777098302939	2.456301130142157
12.643971189270678	1.5154449897507178	398.9257291558621	64.99639895598766	277.69997399887177	397.582744227958	2.457930771930774
12.64380293437276	1.5188908402431058	399.23235950991756	65.27535345794469	278.33243006148433	397.8871900785791	2.4595604137193923
12.645216839315207	1.522326763832673	399.537659918174	65.5543079599017	278.90713095228296	398.1912943601099	2.4611808083062106
12.646100986168209	1.525752789756676	399.84246906705374	65.83326246185874	279.49873348610896	398.49469494828105	2.4627977871338333
12.647349226387297	1.5291689239364736	400.14727821593345	66.11221696381577	280.07623165502906	398.79678673276385	2.464414765961456
12.648528777010016	1.5325751755825083	400.45108259421517	66.3911714657728	280.654583755046	399.09888714053994	2.4660245165868653
12.651794346818777	1.5359715768247209	400.75431703896186	66.67012596772985	281.15659993189234	399.40002685027997	2.467630167177055
12.648591890536869	1.5393581347184186	401.0575514837086	66.94908046968686	281.8865933345465	399.7012607059814	2.469235817767245
12.652419929682406	1.5427348559899488	401.36008902527215	67.2280349716439	282.36616971027087	400.0009818669249	2.470836224123156
12.653294258404262	1.5461017723754158	401.6619936719374	67.50698947360091	282.9476238729903	400.30110797085985	2.4724318679106063
12.654253462028079	1.5494588854091607	401.96389831860273	67.78594397555796	283.524720924144	400.5998823866342	2.474027511698057
12.660546981258445	1.5528062190397927	402.2653787394322	68.06489847751497	283.91070410179793	400.89749919502003	2.4756197588143616
12.656510486711333	1.5561437815909838	402.56619711896985	68.34385297947202	284.66156753677154	401.1973436638936	2.477206705130095
12.658139774561295	1.5594715928125473	402.86701549850744	68.62280748142904	285.2091671474336	401.4946654740066	2.4787936514458275
12.657911106667687	1.5627896590317767	403.1676314901748	68.90176198338607	285.8213519853585	401.7923658011329	2.4803788232578206
12.659998509474574	1.5660980020239579	403.4676059901169	69.1807164853431	286.3487068924782	402.08955657195014	2.481958370575303
12.661575418301126	1.5693966342333319	403.76758049005906	69.45967098730013	286.8921954427084	402.38599156054255	2.483537917892785
12.662699217241059	1.572685564798125	404.06751019220155	69.73862548925715	287.4504050485483	402.6823081364004	2.485117010825606
12.663865061357665	1.5759648117115557	404.3668822989419	70.01757999121418	288.00423711768536	402.9786091881551	2.486690448061038
12.668816635751398	1.579234389856282	404.6662544056822	70.29653449317121	288.42162822010977	403.2735704838421	2.4882638852964702
12.666367604521506	1.5824943092550163	404.96562651242255	70.57548899512823	289.10044412960497	403.5698195662348	2.4898373225319017
12.66547091862972	1.585744583313632	405.2646744418319	70.85444349708526	289.7210330859057	403.8657238846696	2.491406429688128
12.668204440807461	1.5889852272137306	405.5636849897193	71.13339799904229	290.21047693480386	404.16058737290916	2.492975037534452
12.667752252132688	1.5922162537240718	405.86269553760667	71.41235250099933	290.8114037098448	404.45578898975447	2.494543645380776
12.670538458359246	1.5954376738008849	406.16162020117747	71.69130700295635	291.29424661068197	404.75026404908914	2.4961097320841503
12.671654860743041	1.5986495025574334	406.4605096266355	71.97026150491338	291.8342874952492	405.0450442559862	2.4976747843691007
12.672966384300118	1.6018517521923357	406.7593990520935	72.2492160068704	292.36564349013946	405.33947504675024	2.4992398366540507
12.67386906265043	1.605044432845516	407.0583497671181	72.52817050882744	292.9076067521583	405.63399032384297	2.5008037126439984
12.674871122147993	1.6082275587364112	407.3573583660068	72.80712501078446	293.44436342021805	405.92847284775695	2.5023664777026093
12.67850566299331	1.6114011441461817	407.65636696489554	73.08607951274149	293.8855379310962	406.2222480874527	2.5039292427612203
12.675893227744194	1.614565199270891	407.9554887731327	73.36503401469851	294.54389789817884	406.51741443343525	2.5054916857441523
12.67807512560037	1.6177197334716966	408.2548569590178	73.64398851665555	295.03126045086833	406.8114899100197	2.5070534277933767
12.679824146936072	1.6208647619513683	408.55422514490283	73.92294301861257	295.53034097356533	407.10573388217415	2.5086151698426016
12.680418508769575	1.6240002971437826	408.8536613404413	74.20189752056959	296.0670951875104	407.4002685043868	2.510176938903682
12.681915985774253	1.6271263478216202	409.153629901657	74.48085202252663	296.57039933279503	407.69458824035337	2.511738919408055
12.682404217422347	1.6302429250385349	409.4535984628727	74.75980652448366	297.1040651401862	407.98928946883984	2.5133008999124273
12.683719467221145	1.6333500438838218	409.75356702408845	75.0387610264407	297.6070448226322	408.283989191955	2.5148628804168
12.685145137350325	1.6364477139143323	410.054303480135	75.31771552839771	298.1029285870706	408.5786541942817	2.5164262278860843
12.690105466313971	1.6395359429473673	410.3551138335126	75.59667003035476	298.47306185881683	408.87259399271414	2.5179897069034074
12.686896739205036	1.6426147457147173	410.65592418689016	75.87562453231178	299.1238423044154	409.1689101416153	2.51955318592073
12.688021409394779	1.6456841369256145	410.95750881385584	76.1545790342688	299.6194969701938	409.46420867952725	2.521118635093287
12.688553881742566	1.6517946979778855	411.5612976920426	76.71248803818287	300.66232378331756	410.0559528144302	2.5242511100851948
12.695923371917102	1.6548359027285362	411.86388489072436	76.99144254013989	300.93575351547344	410.35057361754855	2.525819445238945
12.694732118635992	1.6578677242833684	412.16710682630526	77.27039704209692	301.4986106430629	410.64720819870047	2.527389702359316
12.6935073488919	1.6608901836318695	412.47032876188615	77.54935154405395	302.05784814770556	410.944572112682	2.5289599594796868
12.694683429655644	1.6639032940141782	412.7740815886505	77.82830604601098	302.53367408395064	411.24169536413547	2.530532000526789
12.694652311521226	1.6669070512442605	413.078875779157	78.10726054796801	303.0448607848207	411.5390977760712	2.5321075408156823
12.697214951283918	1.6699014737668152	413.3836699696634	78.38621504992503	303.4665621669912	411.83643797296145	2.5336830811045754
12.697932828202916	1.6728865760469767	413.6887626758225	78.66516955188207	303.94614058740035	412.13494681127844	2.535259696604415
12.70446969597868	1.6758623582696814	413.99537544533837	78.94412405383909	304.2291889971643	412.43202629294	2.5368417871563844
12.699808861735786	1.678828827383849	414.30198821485425	79.22307855579612	304.88062153996947	412.7321392377418	2.5384238777083534
12.701160295018342	1.6817860044534587	414.60860878065887	79.50203305775315	305.32791794388	413.0320077383984	2.5400059977678766
12.701018618645511	1.68473388995988	414.9172882218722	79.7809875597102	305.82284165694574	413.33223333071993	2.541595910301347
12.703281732807854	1.6876724885768466	415.22596766308544	80.05994206166721	306.23246447370093	413.6318531670622	2.5431858228348165
12.70456365133268	1.6906018196022827	415.5346471042987	80.33889656362425	306.6737134950745	413.93345340064474	2.5447757353682863
12.706760085052295	1.6935218881731333	415.84531647974893	80.61785106558126	307.0787877675403	414.23485161820327	2.546373463707253
12.706498052406232	1.696432691818763	416.156312639188	80.89680556753831	307.5629083097255	414.53685392446926	2.5479724755459707
12.707527984308893	1.6993342496629678	416.4673087986271	81.17576006949533	307.9988334689353	414.84007793260776	2.5495714873846884
12.70732431679085	1.702226574111174	416.78018541683986	81.45471457145234	308.47299191980505	415.14408047355926	2.5511780998062523
12.709762533344293	1.7051096519753373	417.09375045952225	81.73366907340937	308.8572265339914	415.44739569007004	2.5527874947547655
12.716913640594305	1.7079835075729846	417.4073155022046	82.0126235753664	309.09019071567496	415.75077270331707	2.5543968897032787
12.711699526720473	1.710848153107861	417.7226458364169	82.29157807732344	309.7110854882897	416.058315281467	2.5560135839898614
12.712708052721476	1.7137035736801607	418.03903418686394	82.57053257928045	310.13267837782587	416.36423523122687	2.5576346530882232
12.71326840471656	1.7165497933897562	418.355422537311	82.84948708123748	310.5625536799842	416.6712465884062	2.5592557221865855
12.714679114051146	1.719386816920722	418.673476831574	83.12844158319453	310.9648091852517	416.97956146297014	2.560883808044221
12.715835800808012	1.7222146401317238	418.992945287955	83.40739608515156	311.3691135881779	417.28792862504895	2.5625178501862518
12.716144448812821	1.7250332755599018	419.3124137443361	83.68635058710858	311.79902422716737	417.5971512128287	2.564151892328283
12.716436440761225	1.7278427432382861	419.6334883523061	83.96530508906562	312.22314661685266	417.90849905532446	2.5657928029258814
12.71871079675271	1.730643021814944	419.95629617027754	84.24425959102264	312.5860708016806	418.21929913610967	2.5674411253244362
12.719206200054524	1.7334341292042827	420.279103988249	84.52321409297967	312.9972382234832	418.53085302525466	2.569089447722991
12.720720012590618	1.736216085872088	420.60352362813217	84.80216859493669	313.3768705157711	418.8448548742123	2.5707447507487764
12.72157770498049	1.7389888683990657	420.92993257073823	85.08112309689372	313.77114706687144	419.1590191803893	2.5724086692305614
12.722487650410732	1.741752494023505	421.25634151334435	85.36007759885075	314.1624255413194	419.47315351402347	2.574072587712346
12.72256668928575	1.7445069834329223	421.58446141497694	85.63903210080777	314.57434788509727	419.79073536584366	2.575743995833082
12.723241028645715	1.7472523112337253	421.9147357647832	85.9179866027648	314.9661312379836	420.108188242586	2.577424834944689
12.725452301442377	1.7499884952795313	422.24501011458943	86.19694110472183	315.3089791533653	420.42519387124776	2.579105674056296
12.727774149714602	1.7527155547818025	422.5772180306001	86.47589560667886	315.64513516897466	420.74532688015717	2.5807950546455274
12.727594972696602	1.7554334621397607	422.911624560049	86.75485010863589	316.05450585655245	421.06651286183524	2.582494147551536
12.726029529221787	1.758142236871802	423.2460310894979	87.03380461059292	316.4990864903681	421.388079411331	2.584193240457545
12.734227575288376	1.7608418951165772	423.58274913825096	87.31275911254995	316.6556045108409	421.7100121824637	2.5859026244387757
12.730266241093881	1.763532410437956	423.9215570340637	87.59171361450699	317.1657696537745	422.0360498583717	2.5876213125920517
12.731931026475197	1.7662138011221473	424.2603649298766	87.870668116464	317.5089681437213	422.3604337202527	2.5893400007453278
12.732136462817927	1.7688860818024363	424.6020512335116	88.14962261842105	317.8917100102783	422.68853527361455	2.591071590375121
12.731807406956921	1.7715492221994054	424.9455319708275	88.42857712037807	318.286904579086	423.0175310121287	2.592811222938863
12.73229428841621	1.7742032460252632	425.2890127081434	88.70753162233508	318.6567744963011	423.3462667331032	2.594550855502606
12.734362463513046	1.7768481619112177	425.6361627845859	88.98648612429211	318.97705215623216	423.67806081542676	2.596307030897512
12.734498048574808	1.7794839382136205	425.9845899464356	89.26544062624914	319.3525824062872	424.01118913602255	2.598068963898228
12.747480248655611	1.782110608410928	426.33301710828533	89.54439512820618	319.35634235911203	424.34038113709	2.599830896898944
12.736354326344	1.7847280713757412	426.697999415102	89.8233496301632	320.04782315310104	424.68084632229755	2.6016739739034747
12.73829596099421	1.7873361817581659	427.06473930215526	90.10230413212022	320.3639857328036	425.0179169650037	2.603525665577204
12.737894620344008	1.7899349604423542	427.4356255454094	90.38125863407727	320.7432224771952	425.35567820959363	2.605397712923936
12.739797921770968	1.7925242086359403	427.8227115984201	90.6602131360343	321.0566922917101	425.6972009498354	2.607349289865842
12.746387288293903	1.7951038566847648	428.20979765143073	90.93916763799132	321.2341190523685	426.03748971772615	2.6093008668077484
12.741687542493887	1.7976738613152672	428.61147495941555	91.21812213994835	321.72841590410854	426.38209407969083	2.611324184055077
12.74255919574167	1.8002339794323825	429.02129732834294	91.49707664190538	322.0640149989008	426.7420452998983	2.6133875478344395
12.743461956989949	1.8027842130868514	429.43670842449006	91.77603114386241	322.39524927088365	427.101921976558	2.6154784281285806
12.744273806463314	1.8053243201932765	429.87210471292667	92.05498564581943	322.72854507380447	427.4675677698046	2.6176677070056864
12.745104574119676	1.8078542080294537	430.3075010013633	92.33394014777646	323.05778307427977	427.8472613544076	2.619856985882793
12.746048934394505	1.8103737124430617	430.76998240150436	92.61289464973349	323.3822004063014	428.22682051842213	2.6221797951733534
12.746632523489977	1.8128826120278485	431.2343567890119	92.89184915169052	323.7156206842418	428.62155413523385	2.624511936948433
12.747730894117902	1.8153807802020432	431.72491237500225	93.17080365364754	324.0307181664739	429.0231285947864	2.6269733101352686
12.748172367040027	1.8178679112780491	432.2223972072668	93.44975815560458	324.3634294747015	429.4300169272709	2.629468886350624
12.749548897344718	1.8203438514093515	432.7499479686474	93.7287126575616	324.66777654002664	429.8562563499011	2.6321130366104275
12.749953381213093	1.8228082456126726	433.2856273783464	94.00766715951863	324.99635523008453	430.2827298302646	2.634797355466116
12.75085682979451	1.8252608330373228	433.8624909390173	94.28662166147566	325.31036272548596	430.73363909019935	2.637685401834368
12.752207431333904	1.8277012554150671	434.45340882484555	94.56557616343271	325.60857387954826	431.1876875539127	2.640643021745459
12.752362116150376	1.8301290285390717	435.08626353123896	94.84453066538973	325.938042007115	431.66415209692894	2.6438082900233004
12.752129226354246	1.8325437655750836	435.75847855078143	95.12348516734676	326.27699717227006	432.1507831888618	2.6471686181501197
12.753216657246124	1.8349448045553216	436.46880021128686	95.40243966930377	326.5755777377671	432.6601038661683	2.6507178488648133
12.75545520181909	1.8373313909523827	437.24189954032903	95.68139417126082	326.8412009265154	433.18202274982957	2.654578433495628
12.755996686520827	1.8397026379402108	438.10081540718625	95.96034867321784	327.15166925261695	433.7357502435828	2.658864934194599
12.754637777235024	1.8420572828261614	439.0616357645297	96.23930317517487	327.5102837165925	434.3018265398121	2.6636574775786617
12.756609657348779	1.8443935142602492	440.17500123040395	96.51825767713188	327.7758052075139	434.9140947837339	2.6692079069532384
12.7571656695572	1.8467084209678484	441.58018547703927	96.79721217908893	328.0768817343015	435.5481417093004	2.676208992554526
12.759362955094117	1.8489955890803875	443.7780432945536	97.07616668104595	328.32825852911947	436.2191496422076	2.6871528567132157
12.758712196736381	1.8512177607308322	449.26868359753314	97.35512118300298	328.6495255081398	436.9422907213271	2.7144784911532693
12.75860640709091	1.853389741635038	451.18534069797846	97.63407568496	328.948541799662	437.7139871400692	2.7240128797194263
12.760124584965615	1.8555353729209283	452.5812201544678	97.91303018691704	329.19880634915154	438.562006067042	2.7309534465753647
12.760685301627186	1.8576600172741888	453.7290658550724	98.19198468887407	329.47300930806375	439.5287838252205	2.7366579914193627
12.76117634484651	1.8597665465667725	454.73365516006027	98.47093919083109	329.7466505068657	440.6848164589822	2.7416482750384774
12.761551037781354	1.8618568922020344	455.6380138713632	98.74989369278813	330.0201584666874	442.1721136160821	2.7461385828636335
12.762097631531427	1.8639324756932327	456.4695275330112	99.02884819474517	330.28761303244767	445.2440613364802	2.7502653610100967
12.762765500494075	1.8659943926959472	457.23031253834904	99.30780269670218	330.550352201493	449.8439927802295	2.7540389788776287
12.763121079458655	1.8680434915161348	457.94384444986287	99.58675719865921	330.8183901492633	451.54124306920977	2.7575765022383383
12.770323473020065	1.8700805283857873	458.6251945990706	99.86571170061625	330.8981924279219	452.81453700642453	2.7609531773695193
12.763908728927625	1.8721061653147546	459.2689357574333	100.14466620257328	331.34945940566246	453.91174379768603	2.764141812628228
12.764865815646235	1.874120870727416	459.8790708407257	100.4236207045303	331.59649123327904	454.8706765252741	2.7671622959969886
12.765971908525062	1.8761251693518353	460.4752025862836	100.70257520648732	331.838227676366	455.7390894051742	2.770112705506948
12.763848785452883	1.878119466700071	461.0331115901979	100.98152970844436	332.1675599585971	456.5443646784152	2.772871709634085
12.765870131323458	1.8801041136442436	461.5830494007467	101.26048421040139	332.3817074131723	457.2851621907491	2.775590762889552
12.766161976146728	1.8820794977597486	462.1060890919164	101.5394387123584	332.6415087660777	457.9774693615275	2.778175005299741
12.766461081330101	1.8840458572066892	462.620089458807	101.81839321431544	332.90049653564284	458.6411351356024	2.7807139025108016
12.766550293301709	1.8860035496254433	463.11236210931963	102.09734771627247	333.16428142367414	459.27018993284827	2.783143804005439
12.766348926450256	1.8879527572406898	463.5981777187689	102.3763022182295	333.43378923454867	459.8669945465618	2.7855412832819817
12.767104690771985	1.8898937783956928	464.0631018886975	102.65525672018653	333.6766787909467	460.45108548769383	2.7878338620628025
12.767841463580119	1.8918267866332878	464.52667650035903	102.93421122214357	333.9195336978506	460.9964902112558	2.7901196576284297
12.76799631482245	1.8937520165246724	464.96713097713337	103.21316572410059	334.17631165682945	461.53738691256797	2.7922892456511352
12.768565266812372	1.895669658226556	465.4075854539078	103.49212022605762	334.42090377569855	462.04898218678136	2.794458833673841
12.76750882576527	1.8975798485303454	465.83151039560846	103.77107472801464	334.7095384150491	462.55656291139127	2.7965452530041537
12.767251291001969	1.8994828269207613	466.2499421485442	104.05002922997168	334.974991517958	463.03872887199054	2.798604033243311
12.769059858421567	1.9013786601626599	466.6683739014798	104.3289837319287	335.18271737242316	463.5180965742287	2.8006620267602336
12.768017701976563	1.9032674059964299	467.0868056544154	104.60793823388573	335.4678721886887	463.9740167816098	2.8027183633433195
12.769710970128585	1.9051491184070102	467.5052374073509	104.88689273584275	335.677776549334	464.42854904212726	2.804774699926406
12.769812192069995	1.907023849123302	467.9236691602864	105.16584723779978	335.9291903398333	464.863853653123	2.806828867034955
12.77045097374328	1.9088916429400027	468.34210091322194	105.4448017397568	336.16534615383387	465.29501265310137	2.808882767200288
12.770673565842236	1.9107525502249634	468.76053266615753	105.72375624171383	336.41248673692024	465.71593448011254	2.810935559539051
12.769396010929396	1.9126066146618483	469.17896441909306	106.00271074367086	336.69948860318334	466.1264376992365	2.812987030490706
12.771156623574097	1.9144538784832204	469.5973961720287	106.2816652456279	336.9021138523153	466.53548211025134	2.8150384559861132
12.771461034228569	1.9162943844498024	470.01582792496424	106.56061974758492	337.14407308563085	466.9452085253885	2.8170875048941415
12.77116613469182	1.9181281732246442	470.4342596778998	106.83957424954195	337.40211288188146	467.3552113346441	2.81913655380217
12.771942809867525	1.9199552954351689	470.8526914308353	107.11852875149897	337.6289017614327	467.7646424756688	2.82118420541767
12.783911557381547	1.9217757534337532	471.27112318377084	107.39748325345602	337.5487676818799	468.16870249515995	2.8232308394183234
12.774378602174698	1.9235896267618653	471.6895549367064	107.67643775541303	338.0565285059571	468.5831240199238	2.8252771469796603
12.772400359620994	1.9253969339806387	472.1079866896419	107.95539225737006	338.3570567348234	468.99389272517374	2.8273213731756064
12.772018951055726	1.927197710361531	472.5264184425774	108.2343467593271	338.61200680582823	469.4038783351064	2.829365599371553
12.770557423311745	1.9289919961897437	472.94485019551297	108.51330126128413	338.89628547727943	469.814380065579	2.8314081698710023
12.772836083219993	1.9307798227592656	473.3632819484485	108.79225576324114	339.07767459218906	470.2230449967392	2.8334499953315455
12.771813834849997	1.9325612225233035	473.7817137013841	109.07121026519818	339.3479405566141	470.6333109001877	2.835491244214372
12.773170867104508	1.9343362376954085	474.2001454543196	109.3501647671552	339.5521924759947	471.04239787858995	2.837530675975665
12.773294279983551	1.9361048922092294	474.61857720725516	109.62911926911224	339.7898132825183	471.45207786243526	2.8395701077369577
12.772569186220897	1.9378672222758233	475.03700896019075	109.90807377106927	340.05029921468093	471.8621654379716	2.8416076558943906
12.773627635160818	1.9413730337190984	475.8738724660618	110.46598277498333	340.49805720045134	472.6810642827261	2.8456809495926354
12.773918450306631	1.9431165774390549	476.2923042189974	110.74493727694036	340.72791746907467	473.09061293979454	2.8477156149323504
12.772199632237179	1.9448539224138681	476.71073597193293	111.02389177889738	341.0118583492048	473.5011537920243	2.8497502802720653
12.779667439740763	1.946585097734068	477.12916772486847	111.30284628085441	341.0429207135678	473.90708194536165	2.8517828640425535
12.774059203914629	1.9483101338500666	477.54759947780406	111.58180078281144	341.4313868684192	474.319552090345	2.8538151565947008
12.773996626389726	2.0125851983027094	494.2848695952256	122.73998086109259	350.1604622924305	490.69636846963397	2.934329062235246
12.766483930615625	2.0686339885650766	511.02213971264734	133.89816093937375	357.77037502719713	507.05918290144746	3.01339900355475
12.754476922246347	2.117690481052798	527.7594098300691	145.0563410176549	364.24855585417646	523.4073821103193	3.091112571129764
12.73861258392141	2.1607605725711228	544.4966799474909	156.21452109593602	369.7621572164228	539.7414372077203	3.167547182409611
12.719444338128659	2.1986789532191753	561.2339500649126	167.37270117421716	374.50997919501174	556.0617876103713	3.24277411379291
12.697756673293144	2.2321437355685756	577.9712201823344	178.53088125249832	378.65659436412807	572.3685767879857	3.3168574593469744
12.677273737354437	2.2617420126015815	594.7084902997561	189.68906133077948	382.2753344518405	588.658991631869	3.389856293899793
12.649242717342544	2.287969886363993	611.4457604171779	200.84724140906062	385.65224226718806	604.9418888058614	3.4618228030884524
12.622459109534109	2.3112484750111117	628.1830305345995	212.00542148734172	388.68872408846147	621.2095306296975	3.5328077214029503
12.595846525321244	2.3319368295429315	644.9203006520213	223.16360156562288	391.46970045072607	637.4631264996034	3.6028559842319745
12.568227271927604	2.3503423928318097	661.6575707694429	234.32178164390402	394.0653901273986	653.704339180182	3.6720094460935013
12.539632371853239	2.366729513979129	678.3948408868644	245.47996172218518	396.51272040365404	669.933601699584	3.7403072688138828
12.510925759981896	2.3813264011181112	695.132111004286	256.63814180046626	398.82068661628836	686.1499893253877	3.8077842093058734
12.482521424585203	2.394330820177161	711.8693811217079	267.79632187874745	401.0064775246262	702.3534869251439	3.874475305149452
12.453487925529252	2.4059147958651037	728.6066512391295	278.9545019570286	403.107286904482	718.5455825103136	3.940410700699655
12.424018038738048	2.4162284850263536	745.3439213565513	290.1126820353098	405.13494096187856	734.7263571211844	4.005619707856247
12.397660771816048	2.4254034032088185	762.0811914739728	301.2708621135909	407.02318013616605	750.889834989416	4.070129927768377
12.367015716086321	2.4335551060601275	778.8184615913943	312.429042191872	408.9499653444236	767.049252239744	4.1339662129773815
12.338532543531224	2.440785443870247	795.5557317088162	323.58722227015323	410.77811659769213	783.1935978403822	4.197153123154237
12.309498924465485	2.4471844462480044	812.293001826238	334.74540234843437	412.57932323266806	799.3276288158145	4.259713629288542
12.280976186860753	2.452831911201366	829.0302719436595	345.9035824267155	414.33518740792425	815.4496354775193	4.3216677382513105
12.254045747431729	2.457798771864957	845.7675420610813	357.06176250499664	416.02172582787915	831.5572056814574	4.38303649194169
12.226577131260497	2.4621482225919062	862.504812178503	368.21994258327777	417.69924374909914	847.6551528662528	4.443838666834998
12.198924859987226	2.465936710441605	879.2420822959247	379.37812266155896	419.36548760636225	863.742974205858	4.504091964951769
12.17216555905181	2.469214768217266	895.9793524133463	390.5363027398401	420.99482430889117	879.8181253148169	4.563813287771902
12.14565011197409	2.472027734843438	912.716622530768	401.69448281812123	422.6070254328455	895.8822890619756	4.623018782902726
12.118769354179335	2.4744163729211848	929.4538926481896	412.85266289640236	424.22747722974924	911.9373238096591	4.681723887443382
12.094136529044592	2.476417408148858	946.1911627656112	424.01084297468344	425.7733733763519	927.9755296838468	4.739943328535803
12.067779647702766	2.4780639844465537	962.928432883033	435.16902305296463	427.4178767715724	944.0091615574174	4.797689758279917
12.042379999616372	2.4793860781309083	979.6657030004546	446.32720313124577	429.1558480833446	960.0301215152507	4.854977944972236
12.01742726183501	2.480410837987414	996.4029731178764	457.48538320952696	431.03545713789373	976.0399517466265	4.9118187706478205
11.99295455698362	2.4811629027745385	1013.140243235298	468.64356328780804	433.1174044573175	992.0385574800749	4.968225387303462
11.968941180076273	2.481664659996919	1029.87751335272	479.8017433660893	435.5348007591075	1008.026013340469	5.024208968733491
11.944835679981285	2.481936493223032	1046.6147834701412	490.95992344437036	438.6808678539748	1024.004374790063	5.079780257778241
11.920562561944575	2.4819969756079043	1063.3520535875625	502.1181035226515	447.73466197953576	1039.9741480268485	5.134949601457625
11.897827334595227	2.4818630654025395	1080.0893237049843	513.2762836009326	453.9960465546895	1055.9287665467407	5.189726969815627
11.875003195700005	2.481550262027194	1096.826593822406	524.4344636792138	457.1905687190504	1071.8744945418312	5.244121973672788
11.852440015902593	2.481072751620599	1113.5638639398283	535.5926437574949	459.61415124440936	1087.8100416190086	5.298143881360893
11.830184877387968	2.4804435332254786	1130.3011340572505	546.7508238357761	461.62272983265166	1103.7352553202668	5.351801634508342
11.808159846241002	2.479674533525721	1147.038404174672	557.9090039140572	463.3659098495167	1119.6505216587277	5.405103862939361
11.786554968226977	2.478776705354059	1163.7756742920938	569.0671839923383	464.9019610624413	1135.5550069234434	5.458057714786178
11.765228893105991	2.4777601219904435	1180.5129444095157	580.2253640706195	466.2941216389849	1151.4493689057913	5.510672177741078
11.744401883868205	2.4766340535087914	1197.2502145269375	591.3835441489007	467.60971177345897	1167.3325354846552	5.562953877810877
11.72368815408614	2.475407041194589	1213.9874846443595	602.5417242271818	468.90019855700325	1183.2064197688896	5.614910944820291
11.702298103393696	2.474086962944328	1230.724754761781	613.699904305463	470.21111071019044	1199.075309375842	5.666549202667305
11.683175185939104	2.472681090411766	1247.4620248792023	624.858084383744	471.3802579826026	1214.9235841875138	5.717876239260758
11.663406194879547	2.471196141963156	1264.1992949966243	636.0162644620251	472.5692026538375	1230.7666976280036	5.7688984353526465
11.643549274387693	2.4696383288770942	1280.936565114046	647.1744445403064	473.7484666538809	1246.6018713501808	5.819621931861365
11.624299950546755	2.4680134010286627	1297.6738352314674	658.3326246185874	474.8791866140958	1262.4251554389361	5.870052659940566
11.60526765063215	2.46632668360442	1314.4111053488896	669.4908046968686	475.9839347924165	1278.2387792611519	5.9201963867079685
11.594520129669668	2.4645831103490634	1331.148375466311	680.6489847751498	476.58729951133483	1293.992119606953	5.970058942514587
11.567904401710706	2.4627872575856955	1347.885645583733	691.8071648534309	478.11548983871455	1309.8368383242955	6.019645585500338
11.549885749712786	2.46094337451389	1364.6229157011546	702.965344931712	479.1246132487856	1325.6192405411998	6.068961634150385
11.531715213047784	2.4590554055536122	1381.360185818576	714.1235250099932	480.13193587945307	1341.3944614463687	6.118012279237314
11.513928199687912	2.4571270163802525	1398.097455935998	725.2817050882744	481.10663888836893	1357.1589813534556	6.166802535298034
11.496452173137907	2.4551616160715364	1414.8347260534197	736.4398851665554	482.0515312017403	1372.9132438294928	6.215337278683178
11.479319664584127	2.453162375446879	1431.5719961708412	747.5980652448367	482.96655749757815	1388.6569703215544	6.263620519509853
11.462197054678935	2.4511322462137133	1448.309266288263	758.7562453231178	483.872387193225	1404.3925994167155	6.311657309224302
11.445356677708485	2.4490739776595323	1465.0465364056845	769.914425401399	484.7523809196571	1420.1181553102188	6.3594520374020895
11.428552802250689	2.4469901302006765	1481.7838065231063	781.07260547968	485.62254957554836	1435.8355343429837	6.407008386553883
11.412250713293849	2.444883092595032	1498.5210766405278	792.2307855579612	486.45336236125377	1451.5410892197983	6.454331151168262
11.395968767410555	2.442755090018543	1515.2583467579495	803.3889656362423	487.27610710571486	1467.2386212284805	6.501423688491152
11.379633028175297	2.440608198851662	1531.9956168753713	814.5471457145234	488.0963554759817	1482.9288540373377	6.5482902226729385
11.364636769266479	2.4384443596477414	1548.7328869927935	825.7053257928047	488.8221099024686	1498.599925636155	6.594934716890373
11.348323528044189	2.4362653793965143	1565.470157110215	836.8635058710857	489.62949805147224	1514.274579722176	6.64136002272567
11.33304238915126	2.434072947913867	1582.2074272276373	848.0216859493669	490.36293128098293	1529.932534746791	6.687570358112047
11.318410903944647	2.431868644523806	1598.9446973450588	859.1798660276481	491.0472787862118	1545.576811244595	6.733569124534144
11.304338346984022	2.429653943470302	1615.6819674624805	870.3380461059293	491.6884087426576	1561.2079786115087	6.77935961362808
11.289432666368285	2.4274302223267474	1632.4192375799023	881.4962261842104	492.3827553157151	1576.8392908689775	6.824945042413054
11.273381740652699	2.4251987704527553	1649.1565076973238	892.6544062624915	493.1501054742792	1592.4750116344817	6.870328396263521
11.259636806412635	2.4229607910686006	1665.8937778147456	903.8125863407726	493.78561759053724	1608.0797772787314	6.915512980036851
11.245335060545605	2.4207174108526184	1682.6310479321678	914.9707664190539	494.42216115106663	1623.682408238629	6.960501823225994
11.231348643154519	2.418469683380646	1699.3683180495896	926.128946497335	495.03324544416563	1639.2742512509665	7.005297862333911
11.217499547644868	2.41621859285691	1716.105588167011	937.2871265756161	495.6315102617483	1654.8570994877289	7.049903924203736
11.203750093191521	2.41396506209732	1732.842858284433	948.4453066538972	496.2200742680415	1670.4313704023348	7.094322636846075
11.190586499815288	2.411709949435571	1749.5801284018553	959.6034867321786	496.76398858355594	1685.9917116763154	7.138556893854861
11.176713969041158	2.4094540651998835	1766.3173985192766	970.7616668104596	497.3569709310011	1701.5524521020448	7.182609388094444
11.163002366555757	2.407198159943548	1783.0546686366986	981.9198468887407	497.9365568001545	1717.1041370791063	7.226482754984989
11.150322148065868	2.4049429408205825	1799.7919387541197	993.0780269670219	498.43932837945067	1732.636541966808	7.270179574094761
11.13751670662999	2.4026890658554088	1816.5292088715414	1004.236207045303	498.94950350899023	1748.1628952288715	7.313701779772535
11.124681492740486	2.400437152510719	1833.2664789889632	1015.3943871235842	499.46074722494126	1763.6822090181167	7.35705228365687
11.111999626616754	2.3981877774737446	1850.0037491063845	1026.552567201865	499.95970117777404	1779.1923201820978	7.4002335914176305
11.099433557748554	2.3959414791138394	1866.7410192238062	1037.7107472801463	500.4492945017897	1794.693685063154	7.443247292506371
11.08726525780794	2.39369876153658	1883.4782893412275	1048.8689273584273	500.907944285775	1810.1826844525258	7.486096327722478
11.074908688047014	2.39146009418237	1900.2155594586488	1060.0271074367085	501.3796203550856	1825.6667971173283	7.5287825431431825
11.062881694261062	2.3892259167819345	1916.9528295760701	1071.1852875149898	501.82545225707963	1841.139338598521	7.571308164027143
11.050813912566612	2.386996640532474	1933.6900996934917	1082.3434675932708	502.27356653433975	1856.6051803147338	7.613675289031676
11.039154776282931	2.3847726471953994	1950.427369810913	1093.501647671552	502.6897657488698	1872.0582327003103	7.655886013638299
11.027497807815108	2.382554293396381	1967.1646399283345	1104.659827749833	503.10514870065515	1887.5039876962776	7.697942128778673
11.01529691468509	2.3803419124654743	1983.9019100457563	1115.8180078281143	503.5621963870065	1902.9503165116541	7.739846085611394
11.004773941330104	2.3781358144538944	2000.6391801631783	1126.9761879063956	503.88889737860234	1918.3654406888238	7.781599038248749
10.993278473368365	2.3759362875492576	2017.3764502805996	1138.1343679846766	504.29073323294944	1933.7873318831828	7.82320348244991
10.981941384948474	2.3737436001514736	2034.113720398021	1149.2925480629576	504.68016938409636	1949.1998088131365	7.864661257349311
10.971011684659345	2.371558001785569	2050.850990515443	1160.450728141239	505.03759356196167	1964.599031248263	7.905973694673019
10.960161392807231	2.369379724092481	2067.5882606328646	1171.6089082195201	505.38874479029244	1979.9898540987867	7.947142838797277
10.949391553746077	2.3672089822788163	2084.325530750286	1182.7670882978011	505.73354217595886	1995.3722735230692	7.98817051382878
10.941652404429059	2.365045974182769	2101.062800867708	1193.9252683760824	505.8370722845001	2010.6990605894966	8.029058371671612
10.92805426092053	2.3628908853057795	2117.80007098513	1205.0834484543634	506.40804743114694	2026.1125776284578	8.069808036081483
10.91753467837849	2.360743884887531	2134.5373411025516	1216.2416285326447	506.73389001338455	2041.4697093676507	8.110420930386866
10.910363755665559	2.3586051301535123	2151.2746112199734	1227.399808610926	506.790059528747	2056.7636166865223	8.150898775234504
10.897068801141682	2.3564747652330986	2168.011881337395	1238.557988689207	507.34084465903567	2072.1532061587313	8.191243191346164
10.886771420303777	2.354352922813652	2184.749151454817	1249.716168767488	507.65039406417054	2087.4854836274	8.231455694518875
10.87676509973142	2.352239724860451	2201.4864215722396	1260.8743488457694	507.9369611742668	2102.805713529968	8.271537775392037
10.867611546361454	2.350135283587175	2218.2236916896613	1272.0325289240504	508.15447322850537	2118.1037118745057	8.31149089999034
10.856759469157828	2.34803969775251	2234.9609618070817	1283.1907090023315	508.5120080158122	2133.425047028427	8.35131651025233
10.847246018149916	2.345953061616188	2251.698231924503	1294.3488890806127	508.76056175459377	2148.715350687481	8.391016024545086
10.83700305540939	2.3438754581493524	2268.4355020419243	1305.5070691588937	509.0702825171584	2164.0121619221077	8.430590838165418
10.82780624235698	2.3418069626453932	2285.172772159346	1316.665249237175	509.2943921076731	2179.282549595083	8.470042323828011
10.818601372847596	2.339747642577946	2301.9100422767683	1327.8234293154562	509.52015343965934	2194.545949058343	8.50937158623455
10.808746929846581	2.3376975582473323	2318.6473123941896	1338.9816093937372	509.8011007794077	2209.8149174708815	8.548580139055842
10.799498547255434	2.3356567615801436	2335.3845825116114	1350.1397894720183	510.03263651973776	2225.065260759267	8.58766930784029
10.790225409072212	2.333625301551973	2352.121852629033	1361.2979695502997	510.2674282706494	2240.309166693799	8.626640380708594
10.781721684843932	2.3316032172246586	2368.859122746456	1372.4561496285808	510.43858689180837	2255.5305853479167	8.66549462542974
10.772877329402515	2.32959054385509	2385.5963928638776	1383.6143297068618	510.6393410567806	2270.7517824214947	8.70423299641819
10.763014172085217	2.327587310754	2402.333662981299	1394.772509785143	510.92793697828733	2285.987266637065	8.742856786097452
10.755000252900162	2.325593542847063	2419.0709330987206	1405.930689863424	511.0612538449318	2301.177260857462	8.781367394811342
10.746179964968295	2.323609259385586	2435.808203216142	1417.0888699417053	511.26413403095944	2316.377206485531	8.819765925591792
10.737622571487009	2.3216344737910766	2452.545473333563	1428.2470500199865	511.44596778814235	2331.5646041871732	8.85805308481971
10.728959192832454	2.319669198746643	2469.282743450986	1439.4052300982676	511.63829772451083	2346.7474104950425	8.896230547262453
10.720558524788503	2.3177134395975565	2486.0200135684067	1450.5634101765488	511.80954043856985	2361.9175380870556	8.934299189967954
10.712054652083793	2.315767199163573	2502.757283685829	1461.72159025483	511.9911552851234	2377.0830907195023	8.972259900738957
10.703213812194852	2.3138304769432603	2519.4945538032503	1472.879770333111	512.2035039033306	2392.2495749134623	9.010114245250346
10.695516541876827	2.311903269074642	2536.2318239206725	1484.0379504113923	512.3184419021479	2407.382952066906	9.047862525070007
10.687353217430953	2.3099855671738476	2552.9690940380938	1495.1961304896734	512.4752503479009	2422.52012322894	9.085506525399342
10.67683768581176	2.3080773614426406	2569.7063641555164	1506.3543105679544	512.8387912203516	2437.706519353302	9.12304663212962
10.671282523154519	2.3061786381511946	2586.4436342729373	1517.5124906462356	512.7713783024531	2452.7678123657765	9.160484383964258
10.663243431662528	2.304289382318644	2603.1809043903595	1528.6706707245164	512.9222338139374	2467.8814992337625	9.197820203739303
10.655411654730608	2.3024095749595683	2619.9181745077817	1539.828850802798	513.0566011210566	2482.9832935439617	9.235055687613531
10.64744222480568	2.300539196155461	2636.6554446252035	1550.9870308810791	513.2047628827014	2498.0817035642644	9.272191000019692
10.639629641339946	2.298678221663402	2653.3927147426243	1562.14521095936	513.340871206565	2513.169435140358	9.309227809268808
10.631614843681273	2.296826627740566	2670.129984860046	1573.3033910376412	513.4966250731471	2528.2556191745916	9.346166567372176
10.624528737143311	2.2949843873575237	2686.867254977467	1584.4615711159224	513.5719718043083	2543.3110829459524	9.383008310259191
10.616980689642482	2.293151471368102	2703.6045250948896	1595.6197511942034	513.6899111560283	2558.3716075753573	9.419754159194145
10.609463097185708	2.2913278489247837	2720.3417952123114	1606.7779312724847	513.8069287491044	2573.424561707047	9.4564044535699
10.601588714513328	2.2895134908988766	2737.079065329733	1617.936111350766	513.9575749739352	2588.4804088286032	9.492960462379077
10.594683822260315	2.2877083601528443	2753.816335447155	1629.094291429047	514.0235797019991	2603.5033492349316	9.52942308509931
10.58665360127287	2.285912425011499	2770.5536055645766	1640.2524715073282	514.1920301255018	2618.550337692657	9.565792847903065
10.580271333353496	2.2841256471864972	2787.2908756819975	1651.4106515856095	514.2146728542723	2633.5450359007777	9.602070652925393
10.572905798282449	2.2823479910405995	2804.0281457994197	1662.5688316638903	514.3273215069198	2648.5602532683547	9.6382574834889
10.565973072344592	2.2805794159902435	2820.765415916841	1673.7270117421715	514.4029051976191	2663.5565092562597	9.674354111576857
10.275228624962454	2.2027246765566395	3657.6289217879284	2231.6360156562287	515.4599412581852	3402.960239236502	11.378762676823913
10.16530843349595	2.170454686444635	4076.0606747234733	2510.5905176132574	514.3964232933174	3764.9829065390345	12.169527323854766
10.072883181749773	2.141735756697925	4494.492427659015	2789.545019570286	512.69341403121	4121.940349641354	12.927428660653137
9.99774202534363	2.116030613220905	4912.924180594563	3068.4995215273148	509.9434348723046	4473.612817366646	13.65680233489577
9.924890719786495	2.092897741137801	5331.355933530108	3347.454023484343	508.4080307583266	4821.094122437085	14.361086694442626
9.865971353864573	2.071975089418143	5749.78768646565	3626.4085254413717	506.0434999083293	5163.29482673971	15.043065400252855
9.813467601399283	2.052964701274548	6168.21943940119	3905.3630273984004	503.68910550059394	5500.800714869624	15.70503148548172
9.765980769646788	2.035619884346081	6586.651192336733	4184.317529355429	501.0726541489614	5833.743187114438	16.348900756659347
9.725790980602394	2.0197349536191336	7005.082945272274	4463.272031312457	498.9940056775109	6161.724712933259	16.976295135346792
9.691022439166264	2.005137179874964	7423.514698207828	4742.226533269486	496.60938288069366	6484.888144008249	17.58860194480889
9.657269029756764	1.9916804709708271	7841.946451143366	5021.181035226515	494.5068611231922	6803.973109197434	18.18701955412899
9.628715280767736	1.9792404227051212	8260.378204078903	5300.1355371835425	492.30389289911733	7118.164724840584	18.772591904101926
9.60418812130037	1.9677104141092043	8678.809957014453	5579.090039140572	490.0772818107125	7427.586941341984	19.346235229310114
9.579514570755853	1.9569985031947976	9097.241709950005	5858.044541097601	488.184960069958	7733.190202628416	19.90875905452493
9.559420179533506	1.947024967503816	9515.673462885556	6136.9990430546295	486.15313650646897	8033.805004592667	20.460883149823562
9.540452973443916	1.937720299006164	9934.105215821095	6415.953545011657	484.2831381882214	8330.280487898903	21.00325082177608
9.524786005465922	1.9290236024691505	10352.536968756636	6694.908046968686	482.3501396000905	8621.954072413428	21.53644017557496
9.507207842209816	1.920881277665191	10770.96872169218	6973.862548925715	480.8148724632905	8910.49076384503	22.06097285860192
9.503488449100704	1.9132459379069793	11189.400474627722	7252.817050882743	478.2210661985896	9190.33091472573	22.577321631358434
9.481455013524014	1.906075524920499	11607.832227563269	7531.771552839771	477.4741407108641	9473.162267864114	23.085916821894024
9.469591667468757	1.8993325636219824	12026.263980498816	7810.726054796801	475.97611448852956	9748.564172070684	23.58715112278304
9.460316034947715	1.8929835444765797	12444.695733434353	8089.6805567538295	474.4043804755455	10019.206656216373	24.0813845548485
9.450346883545302	1.8869370604836102	12863.127486369885	8368.635058710857	473.03934098028685	10286.500347410796	24.568947811774102
9.4484180910635	1.881350042127451	13281.559239305425	8647.589560667886	471.0894499775357	10546.263657467462	25.050145763709274
9.435500558278168	1.8760141572085938	13699.990992240959	8926.544062624915	470.25387412720875	10807.826822015972	25.52526002488968
9.428719345354722	1.8709685144320793	14118.422745176505	9205.498564581943	468.9826264580216	11062.774074211664	25.99455162786558
9.420645258917611	1.8660897262062113	14536.854498112049	9484.453066538972	467.92788870611946	11314.946848649532	26.458262898682282
9.418185482713271	1.8616696149877967	14955.28625104758	9763.407568496	466.4932958291831	11560.357180974046	26.916619483333886
9.415393378224953	1.8573814442051908	15373.718003983124	10042.36207045303	465.16458692387147	11802.35099172992	27.369831756317996
9.40810280974808	1.8533133511385274	15792.149756918658	10321.316572410058	464.25993575774487	12043.76954811294	27.818096131166413
9.404083434365443	1.8494513884935306	16210.581509854203	10600.271074367085	463.0793232214696	12279.71926700476	28.261596842849272