12.832619117878476	0.5641486623449065	239.71107526072996	11.158180078281145	1.5301321320100998
12.801727893187476	0.6008071628892772	247.3630781443864	12.273998086109259	1.5768659064305086
12.764003793731058	0.6358587449198014	254.5138388520703	13.389816093937375	1.6203520757733725
12.742601735262133	0.6694701089753605	261.2305642307633	14.505634101765487	1.6610291206885213
12.7269539184376	0.7017774157089449	267.57212438141875	15.621452109593601	1.6992796493013858
12.717141582664121	0.7328937156225798	273.58538661725834	16.73727011742172	1.7354077740599387
12.708856985847424	0.7629142356252714	279.3097920757829	17.853088125249833	1.7696688332231074
12.704081069640297	0.7919200428808367	284.7785304560678	18.968906133077947	1.802277103830204
12.701470524615324	0.8199808532460735	290.02173242888813	20.084724140906058	1.8334265646446215
12.700755368997463	0.847157096427903	295.063739308068	21.200542148734172	1.8632733900762983
12.70457505950443	0.8735019422053439	299.9238289621013	22.316360156562286	1.891942287806474
12.698591073744245	0.8990628987790036	304.621101275134	23.4321781643904	1.919555482885627
12.704472941368685	0.9238818230195901	309.1726167446321	24.547996172218518	1.9462208159745562
12.704449315393697	0.9479958026529604	313.59502236614645	25.663814180046632	1.9720435447441274
12.706938703751652	0.9714379542242348	317.90213893469615	26.779632187874743	1.9971107877420518
12.710293237430832	0.9942381762838133	322.10548370917377	27.89545019570286	2.0214952522792426
12.712982900302633	1.0164239231184704	326.21345293577104	29.011268203530975	2.0452509506651158
12.720000996192667	1.0380213206771904	330.2268642615887	30.12708621135909	2.0683866789017644
12.718564062598313	1.0590570225109743	334.1364599651086	31.242904219187203	2.09085490802429
12.72091109179488	1.0795766808185028	337.6674498596873	32.35872222701532	2.111086823456367
12.724135207551633	1.0996505373266805	341.17471272198486	33.47454023484344	2.131121073493294
12.726776119299396	1.1192407916115386	344.96727895148103	34.590358242671556	2.152719831509171
12.729229638312482	1.1382928973867799	349.12526920445845	35.70617625049967	2.1763296072971756
12.731862682758578	1.1567425970249166	353.7818353119308	36.82199425832778	2.2026926478648776
12.734237323279	1.1745072557249507	359.1701790225501	37.937812266155895	2.23311031058402
12.73603949589517	1.1914645399953365	365.8015144001351	39.053630273984005	2.270437541660668
12.734939576092941	1.207378616270361	375.4423320372589	40.169448281812116	2.3245488876312206
12.735307042145852	1.217347153218388	499.4820578699867	41.28526628964023	3.0188422521538234
12.728079446725069	1.2213255329873431	502.7670432535598	42.401084297468344	3.0371990195666667
12.725032030933678	1.2251503904620538	504.9655092719881	43.51690230529646	3.0494604869284125
12.707773434953772	1.228976250904961	506.73019690865635	44.63272031312458	3.0592831611855384
12.695596401718245	1.2328662155929253	508.24750041459254	45.7485383209527	3.0677120829824416
12.681098469712484	1.2368533378689495	509.61069781692055	46.86435632878081	3.075271147997994
12.667119917083259	1.2409564015481593	510.8424014268234	47.980174336608926	3.0820865571560443
12.649371510769715	1.2451862094018777	511.9875001707739	49.095992344437036	3.0884112162894346
12.636735139015327	1.2495480017884675	513.1033181786022	50.211810352265154	3.0945624481808816
12.620273113061925	1.2540419002830112	514.2191361864303	51.327628360093264	3.100700792381243
12.604378251647775	1.2586656203307822	515.3349541942584	52.44344636792138	3.1068267541735457
12.587142702056775	1.2634154905386565	516.4507722020866	53.559264375749486	3.112941094293438
12.573129319469151	1.2682869708892173	517.5665902099147	54.6750823835776	3.1190438685249466
12.554777857764822	1.27327492330948	518.6824082177428	55.79090039140572	3.125134916773649
12.554777857764822	1.27327492330948	518.6824082177428	55.79090039140572	3.125134916773649
12.5520966946496	1.274539471084782	518.9613627196998	56.06985489336274	3.1266549227501184
12.54882439530387	1.2758108675517474	519.2403172216568	56.348809395319776	3.128174928726588
12.545148417082578	1.2770890200597176	519.5192717236139	56.6277638972768	3.1296949347030583
12.540826843962094	1.2783738383013046	519.7982262255708	56.90671839923384	3.131213006060612
12.536574027927053	1.2796652388946144	520.0771807275279	57.185672901190856	3.132730591645399
12.53240176876864	1.2809631191034538	520.356135229485	57.464627403147894	3.1342481772301864
12.525971439122022	1.282267397707528	520.6350897314419	57.74358190510491	3.1357645453860155
12.5242908250906	1.283577980227021	520.914044233399	58.02253640706195	3.1372797182751198
12.520386640377826	1.2848947724810824	521.192998735356	58.301490909018966	3.138794891164224
12.516778578352737	1.2862176841246007	521.4719532373131	58.580445410976004	3.140309571888164
12.523866516595872	1.2875466204151826	521.7509077392701	58.859399912933036	3.1418223397409366
12.50888603139533	1.2888814931809138	522.0298622412272	59.13835441489007	3.1433351075937086
12.51277409677352	1.2902222064276885	522.3088167431841	59.41730891684709	3.144847875446481
12.501024658634877	1.2915686718811967	522.5877712451412	59.69626341880411	3.146358486970728
12.497759710857101	1.2929207949465062	522.8667257470983	59.975217920761146	3.147868857410105
12.492567227738421	1.2942784854159497	523.1456802490553	60.25417242271817	3.1493792278494817
12.492386132030138	1.295641652295719	523.4246347510123	60.53312692467521	3.150888190696629
12.484972569841986	1.2970102041725748	523.7035892529693	60.812081426632226	3.152396171309361
12.478834906242856	1.2983840473149164	523.9825437549264	61.091035928589264	3.1539041519220925
12.477710517711925	1.2997630948881778	524.2614982568833	61.36999043054628	3.15541148145657
12.473612581260353	1.3011472561367816	524.5404527588404	61.64894493250332	3.1569170797934523
12.470005493907	1.302536443282631	524.8194072607974	61.927899434460336	3.158422678130335
12.468674106719996	1.3039305604116207	525.0983617627544	62.206853936417374	3.1599282764672174
12.46193723112369	1.305329525529936	525.3773162647115	62.4858084383744	3.1614316131719167
12.458379442400782	1.3067332501389322	525.6562707666685	62.76476294033144	3.1629348367480157
12.45478920587418	1.3081416416415923	525.9352252686256	63.043717442288454	3.1644380603241142
12.456676613015453	1.3095546165497232	526.2141797705825	63.32267194424548	3.1659398015633626
12.44684726255391	1.3109720890799414	526.4931342725396	63.60162644620251	3.1674406578582386
12.443155826504245	1.312393971813768	526.7720887744966	63.88058094815954	3.1689415141531145
12.439530213315463	1.3138201785677306	527.0510432764536	64.15953545011656	3.1704416748969724
12.435615621428964	1.31525062364202	527.3299977784106	64.4384899520736	3.1719401713549074
12.431710687208115	1.3166852256639474	527.6089522803677	64.71744445403063	3.1734386678128423
12.427761314869707	1.3181239003152314	527.8879067823248	64.99639895598766	3.1749371642707773
12.42421185659005	1.3195665495727447	528.1668612842818	65.27535345794469	3.1764334069442084
12.424188499129416	1.3210131352428864	528.4458157862388	65.5543079599017	3.1779295509744223
12.416579327452718	1.322463531887934	528.7247702881958	65.83326246185874	3.1794256950046367
12.413591582967426	1.3239176719920367	529.0037247901529	66.11221696381577	3.180920394146082
12.409663691487758	1.3253754770942001	529.2826792921098	66.3911714657728	3.1824141931229573
12.410677509257617	1.3268368661896752	529.561633794067	66.67012596772985	3.1839079920998334
12.408891170126255	1.328301760836085	529.840588296024	66.94908046968686	3.1854011622956806
12.398845280692196	1.3297700842943099	530.119542797981	67.2280349716439	3.1868926235589776
12.395385268688477	1.3312417564042955	530.3984972999381	67.50698947360091	3.1883840848222746
12.391889836129849	1.3327167031283815	530.6774518018951	67.78594397555796	3.189875546085571
12.385803911479098	1.3341948479165915	530.9564063038521	68.06489847751497	3.191364871399885
12.384495995464809	1.3356761137564648	531.2353608058091	68.34385297947202	3.1928540022549576
12.380835103531794	1.3371604244024362	531.5143153077661	68.62280748142904	3.19434313311003
12.377972381778944	1.3386477144350857	531.7932698097231	68.90176198338607	3.195830965581382
12.374287510525567	1.3401379025547868	532.0722243116802	69.1807164853431	3.1973177732993956
12.380731225776687	1.3416309191465556	532.3511788136371	69.45967098730013	3.198804581017409
12.367065191519176	1.3431266872104806	532.6301333155942	69.73862548925715	3.200290934858887
12.384818162710447	1.3446251474503823	532.9090878175513	70.01757999121418	3.2017754266770284
12.360463028754028	1.3461262209756732	533.1880423195082	70.29653449317121	3.2032599184951693
12.355812992233975	1.3476298410643675	533.4669968214653	70.57548899512823	3.2047444103133107
12.352856090775871	1.3491359351596794	533.7459513234223	70.85444349708526	3.206226990930625
12.350017410838845	1.3506444409293283	534.0249058253794	71.13339799904229	3.2077091740523143
12.346429335782286	1.3521552847506717	534.3038603273365	71.41235250099933	3.2091913571740043
12.343501872117194	1.353668412627876	534.5828148292934	71.69130700295635	3.2106724944256695
12.341337389695228	1.3551837374800006	534.8617693312505	71.97026150491338	3.2121523760207737
12.336955045391298	1.3567012146324278	535.1407238332075	72.2492160068704	3.2136322576158767
12.330499967809901	1.3582207660571433	535.4196783351646	72.52817050882744	3.2151119653517384
12.327744058836744	1.3597423379720708	535.6986328371215	72.80712501078446	3.2165895525567723
12.32554701896551	1.3612658612335848	535.9775873390786	73.08607951274149	3.2180671397618053
12.322596361929813	1.3627912727620013	536.2565418410356	73.36503401469851	3.2195447269668387
12.32039723970658	1.3643185167086427	536.5354963429926	73.64398851665555	3.221020731642194
12.317128583850174	1.3658475446095755	536.8144508449496	73.92294301861257	3.2224960315605324
12.3122162069482	1.3673782451201104	537.0934053469067	74.20189752056959	3.2239713314788707
12.311166817419078	1.3689106119906291	537.3723598488637	74.48085202252663	3.2254459410859306
12.316034314983675	1.3704445687453504	537.6513143508207	74.75980652448366	3.2269189607880118
12.30446211903005	1.3719800552749082	537.9302688527778	75.0387610264407	3.2283919804900933
12.301589378713503	1.373517013929238	538.2092233547348	75.31771552839771	3.2298650001921745
12.298185848801465	1.3750553958672205	538.4881778566918	75.59667003035476	3.2313359550487397
12.295191812428788	1.3765951357939894	538.7671323586488	75.87562453231178	3.2328067015722683
12.292146713046	1.3781361803150476	539.0460868606059	76.1545790342688	3.2342774480957974
12.293016933544708	1.3796784794781562	539.3250413625628	76.43353353622582	3.2357470417770777
12.285877574604385	1.3812219721011338	539.6039958645199	76.71248803818287	3.237215522127226
12.288795488507171	1.3827666087281905	539.882950366477	76.99144254013989	3.2386840024773744
12.279000884336835	1.3843123367626033	540.161904868434	77.27039704209692	3.240152248238558
12.276948232121676	1.3858591023761453	540.440859370391	77.54935154405395	3.2416184693881682
12.273644683536178	1.3874068557586874	540.719813872348	77.82830604601098	3.2430846905377777
12.271885523889042	1.388955545203545	540.998768374305	78.10726054796801	3.244550911687388
12.267612040819825	1.3905051206162058	541.277722876262	78.38621504992503	3.246015570420966
12.264853404653255	1.3920555334735187	541.5566773782191	78.66516955188207	3.2474795393107456
12.265908295723564	1.3936067303429867	541.8356318801762	78.94412405383909	3.2489435082005254
12.259656255778195	1.395158668741181	542.1145863821331	79.22307855579612	3.2504068521254426
12.257924996193143	1.396711298363553	542.3935408840903	79.50203305775315	3.2518685756641643
12.251805401858874	1.398264572285862	542.6724953860472	79.7809875597102	3.253330299202886
12.250486834093886	1.3998184437992924	542.9514498880043	80.05994206166721	3.254792022741608
12.247826673093991	1.4013728661829075	543.2304043899612	80.33889656362425	3.2562518263013396
12.243243090381242	1.4029277944520373	543.5093588919183	80.61785106558126	3.2577113113660356
12.241700860891818	1.4044831863303817	543.7883133938752	80.89680556753831	3.2591707964307317
12.2391239977023	1.4060389935326418	544.0672678958323	81.17576006949533	3.2606293177622545
12.235966507654068	1.4075951752358626	544.3462223977893	81.45471457145234	3.262086571198411
12.233221770479913	1.4091516864313425	544.6251768997464	81.73366907340937	3.263543824634568
12.231006191901647	1.4107084872909328	544.9041314017035	82.0126235753664	3.265001076424815
12.227500646199246	1.4122655340679697	545.1830859036605	82.29157807732344	3.2664561050465655
12.22532999928727	1.4138227854358496	545.4620404056175	82.57053257928045	3.267911133668316
12.220465651162307	1.4153802001700853	545.7409949075744	82.84948708123748	3.269366162290067
12.219535744633333	1.4169377395437937	546.0199494095315	83.12844158319453	3.2708199390964032
12.217650719269006	1.4184953635852635	546.2989039114885	83.40739608515156	3.272272749686718
12.214092453192896	1.4200530317833044	546.5778584134456	83.68635058710858	3.2737255602770325
12.211460156837711	1.4216107058407959	546.8568129154025	83.96530508906562	3.2751780993743993
12.209063615213317	1.4231683485509414	547.1357674173596	84.24425959102264	3.2766286986852764
12.207995205987789	1.4247259226094768	547.4147219193165	84.52321409297967	3.278079297996154
12.203975504388806	1.4262833875154668	547.6936764212736	84.80216859493669	3.279529897307031
12.199290202428367	1.427840710482453	547.9726309232306	85.08112309689372	3.280979006501468
12.198258948492368	1.429397854332529	548.2515854251876	85.36007759885075	3.2824274012541226
12.196160870294108	1.4309547814880792	548.5305399271447	85.63903210080777	3.283875796006777
12.193127315343695	1.4325114589527108	548.8094944291017	85.9179866027648	3.2853236988159424
12.189725785191131	1.4340678529991637	549.0884489310587	86.19694110472183	3.2867698957009903
12.18692399933098	1.4356239257972931	549.3674034330157	86.47589560667886	3.288216092586038
12.185594969525486	1.4371796463653124	549.6463579349728	86.75485010863589	3.289662289471086
12.183068862316947	1.4387349800973421	549.9253124369299	87.03380461059292	3.2911068068313516
12.179582849832434	1.4402898972701583	550.2042669388868	87.31275911254995	3.2925508125089977
12.178399878898984	1.441844360160223	550.4832214408439	87.59171361450699	3.2939948181866443
12.174024125645454	1.4433983428208208	550.7621759428009	87.870668116464	3.2954381599855247
12.173501645222052	1.444951810392349	551.0411304447579	88.14962261842105	3.2968799810857465
12.171025286373965	1.4465047323813378	551.320084946715	88.42857712037807	3.2983218021859684
12.168830791502165	1.4480570779670414	551.5990394486721	88.70753162233508	3.29976362328619
12.160293444746088	1.4496088182407063	551.877993950629	88.98648612429211	3.3012036234734405
12.16357247800678	1.4511599211985204	552.1569484525861	89.26544062624914	3.30264326659617
12.161191719950361	1.4527103620152058	552.435902954543	89.54439512820618	3.3040829097188986
12.15689489548778	1.4542601082279845	552.7148574565001	89.8233496301632	3.305521764677462
12.17350615544558	1.4558091318675739	552.9938119584571	90.10230413212022	3.3069592363927662
12.152961328773024	1.4573574091897044	553.2727664604141	90.38125863407727	3.3083967081080705
12.151339103170814	1.4589049011818926	553.5517209623712	90.6602131360343	3.309834179823375
12.148565080805495	1.460451596047129	553.8306754643282	90.93916763799132	3.311269736400819
12.146041058380524	1.46199745314819	554.1096299662852	91.21812213994835	3.312705043249082
12.1430297837549	1.4635424550067488	554.3885844682422	91.49707664190538	3.314140350097345
12.142989821489158	1.4650865754248141	554.6675389701993	91.77603114386241	3.315574791296066
12.140508296696803	1.4666297812358497	554.9464934721564	92.05498564581943	3.3170079397881658
12.14049238140394	1.4681720546213946	555.2254479741134	92.33394014777646	3.3184410882802653
12.134549854445758	1.469713369111835	555.5044024760704	92.61289464973349	3.3198742367723653
12.133565588195925	1.4712536995912338	555.7833569780274	92.89184915169052	3.321305422223528
12.134676973940064	1.4727930223959125	556.0623114799845	93.17080365364754	3.322736418841015
12.129196270347359	1.4743313133702978	556.3412659819415	93.44975815560458	3.3241674154585024
12.127092393612164	1.4758685455578924	556.6202204838985	93.7287126575616	3.3255975149064607
12.124802146475341	1.4774047031857946	556.8991749858556	94.00766715951863	3.3270263661017334
12.122654892816634	1.478939760244588	557.1781294878126	94.28662166147566	3.3284552172970057
12.1204914400943	1.4804736924104434	557.4570839897697	94.56557616343271	3.3298840684922775
12.118254928437864	1.4820064780788902	557.7360384917266	94.84453066538973	3.3313109542389157
12.11605006842193	1.4835380982978852	558.0149929936837	95.12348516734676	3.3327376664353925
12.113828333146285	1.4850685288599583	558.2939474956407	95.40243966930377	3.3341643786318693
12.111533140149419	1.4865977513267907	558.5729019975977	95.68139417126082	3.335590207284507
12.110115533907086	1.4881257443292215	558.8518564995547	95.96034867321784	3.337014786876804
12.10937546570277	1.4896524858162004	559.1308110015118	96.23930317517487	3.338439366469101
12.10540971754239	1.4911779564411949	559.4097655034687	96.51825767713188	3.339863946061398
12.101724063195615	1.4927021391601598	559.6887200054259	96.79721217908893	3.3412866024810772
12.099784002813625	1.4942250099039187	559.9676745073829	97.07616668104595	3.342709055835176
12.099308539942871	1.4957465530806138	560.2466290093399	97.35512118300298	3.3441315091892756
12.096944480968801	1.49726674875529	560.525583511297	97.63407568496	3.345553136965814
12.095298498127255	1.498785578182073	560.804538013254	97.91303018691704	3.3469734704192367
12.092648257303257	1.5003030252343563	561.0834925152111	98.19198468887407	3.348393803872659
12.091334942358728	1.5018190692654894	561.3624470171682	98.47093919083109	3.3498141373260815
12.089470773163297	1.5033336939617654	561.6414015191251	98.74989369278813	3.351232633769416
12.086874018765188	1.5048468772286718	561.9203560210822	99.02884819474517	3.35265085363139
12.085045624085632	1.5063586109133436	562.1993105230392	99.30780269670218	3.354069073493364
12.083236039324657	1.5078688748392304	562.4782650249963	99.58675719865921	3.355486569293889
12.08198766683546	1.5093776467759539	562.7572195269532	99.86571170061625	3.356902681845518
12.079147980144453	1.5108849196113066	563.0361740289103	100.14466620257328	3.3583187943971478
12.076891361417173	1.5123906725393486	563.3151285308672	100.4236207045303	3.359734906948777
12.07537938384833	1.513894890426806	563.5940830328243	100.70257520648732	3.3611493117563405
12.073677630742388	1.5153975558647472	563.8730375347814	100.98152970844436	3.3625633232507717
12.07144287865232	1.5168986558347486	564.1519920367384	101.26048421040139	3.3639773347452024
12.069612492441365	1.5183981769235437	564.4309465386954	101.5394387123584	3.3653907664674265
12.0686944314508	1.5198961004369682	564.7099010406524	101.81839321431544	3.3668026831300137
12.060496289637683	1.5213924158054986	564.9888555426095	102.09734771627247	3.3682145997926014
12.065339156707678	1.5228871074021584	565.2678100445664	102.3763022182295	3.369626516455189
12.062380002859152	1.5243801627933722	565.5467645465235	102.65525672018653	3.371036896974111
12.060507150220975	1.525871562133992	565.8257190484806	102.93421122214357	3.372446725002582
12.058766801255588	1.5273612981932903	566.1046735504375	103.21316572410059	3.373856553031054
12.056760794443766	1.5288493575467577	566.3836280523946	103.49212022605762	3.375265987586763
12.055008615044999	1.5303357256653682	566.6625825543516	103.77107472801464	3.3766737331513816
12.053542235056506	1.5318203887518829	566.9415370563087	104.05002922997168	3.3780814787159996
12.049021264760134	1.5333033357086339	567.2204915582656	104.3289837319287	3.3794892242806176
12.049271165408474	1.5347845510840874	567.4994460602227	104.60793823388573	3.3808956468808633
12.04797881549913	1.53626403269539	567.7784005621799	104.88689273584275	3.382301316124589
12.045541495015831	1.5377417561824565	568.0573550641369	105.16584723779978	3.3837069853683164
12.044422605832718	1.53921771789817	568.3363095660939	105.4448017397568	3.3851124886995065
12.046373484858524	1.5406919009300453	568.6152640680509	105.72375624171383	3.386516087738161
12.040509445805693	1.542164297695437	568.894218570008	106.00271074367086	3.3879196867768155
12.03730547290024	1.5436348986875816	569.173173071965	106.2816652456279	3.38932328581547
12.037097634552124	1.5451036862782235	569.452127573922	106.56061974758492	3.3907258159058102
12.0339339380949	1.5465706589276975	569.731082075879	106.83957424954195	3.3921273508282312
12.033642649120116	1.5480358002811387	570.010036577836	107.11852875149897	3.393528885750653
12.032462777517676	1.5494991016349762	570.288991079793	107.39748325345602	3.394930420673074
12.03047575179588	1.550960548194185	570.56794558175	107.67643775541303	3.396329999713564
12.028422722907314	1.552420142705424	570.846900083707	107.95539225737006	3.397729476581768
12.02674336018281	1.5538778687605008	571.1258545856641	108.2343467593271	3.399128953449971
12.023713058995233	1.5553337059138257	571.4048090876212	108.51330126128413	3.400527655493661
12.02360976807545	1.5567876598454413	571.6837635895782	108.79225576324114	3.401925080342996
12.021448583886558	1.5582397156956456	571.9627180915352	109.07121026519818	3.4033225051923313
12.020047887581137	1.559689864769239	572.2416725934922	109.3501647671552	3.4047199300416664
12.018855444824757	1.5611381015071242	572.5206270954493	109.62911926911224	3.406115718939477
12.017760705264681	1.5625844122636083	572.7995815974064	109.90807377106927	3.407511097778784
12.01416093800074	1.5640287904208114	573.0785360993633	110.1870282730263	3.408906476618091
12.01151820686399	1.565471225331888	573.3574906013204	110.46598277498333	3.4103014141482495
12.01213332215547	1.5669117148381702	573.6364451032774	110.74493727694036	3.4116947529600137
12.010883831641404	1.568350247361063	573.9153996052344	111.02389177889738	3.413088091771778
12.00916869155457	1.5697868155396488	574.1943541071914	111.30284628085441	3.4144814305835416
12.007477508143598	1.5712214139203218	574.4733086091485	111.58180078281144	3.4158734923596916
11.94958176678022	1.6269194957040867	585.6314886874296	122.73998086109259	3.471106454247487
11.90040118947419	1.6791724027636807	596.7896687657106	133.89816093937375	3.5254764385376425
11.862819639008201	1.7279154494480868	607.9478488439919	145.0563410176549	3.57902174607528
11.821458500604049	1.7732259749496917	619.1060289222731	156.21452109593602	3.6317793156948315
11.786868579443311	1.815258980675602	630.2642090005542	167.37270117421716	3.683783322107993
11.759292583273155	1.8542082228138936	641.4223890788353	178.53088125249832	3.735065209086197
11.729131516666012	1.8902828652257144	652.5805691571164	189.68906133077948	3.785652953221902
11.703581847677276	1.9236936846296937	663.7387492353976	200.84724140906062	3.8355752163657804
11.678761923873381	1.9546451449015887	674.8969293136788	212.00542148734172	3.8848574437983894
11.654066595452612	1.98333107486571	686.0551093919601	223.16360156562288	3.9335226410723463
11.63077020522979	2.009932567771747	697.2132894702411	234.32178164390402	3.9815947256326707
11.608411754850522	2.0346172201441757	708.3714695485221	245.47996172218518	4.0290945984445266
11.58650569679375	2.057539172595307	719.5296496268031	256.63814180046626	4.07604172684773
11.56514138732548	2.0788396224206656	730.6878297050846	267.79632187874745	4.122455012983604
11.544247796360995	2.0986475616986775	741.8460097833656	278.9545019570286	4.168352803130921
11.523749082215367	2.11708067915057	753.0041898616468	290.1126820353098	4.2137515882750955
11.502358282119909	2.13424623642885	764.162369939928	301.2708621135909	4.258667163416228
11.4833593429321	2.150241992224107	775.3205500182089	312.429042191872	4.303114663902441
11.463969748604974	2.165157047999934	786.4787300964903	323.58722227015323	4.347108599510639
11.444663329070094	2.1790726524589132	797.6369101747715	334.74540234843437	4.3906628864359405
11.425302253877081	2.1920629438748915	808.7950902530525	345.9035824267155	4.433789515713389
11.406322373228866	2.204195627591007	819.9532703313337	357.06176250499664	4.476501493693815
11.38778657863164	2.215532589845096	831.1114504096149	368.21994258327777	4.518810596390291
11.368648509695609	2.2261304582373675	842.269630487896	379.37812266155896	4.560727942694831
11.351082512523242	2.236041105107648	853.4278105661771	390.5363027398401	4.602263654569345
11.333129473175362	2.2453120961415505	864.5859906444583	401.69448281812123	4.643428859572901
11.31497944549889	2.253987095742384	875.7441707227395	412.85266289640236	4.684233037625437
11.297360153863421	2.2621062418819435	886.9023508010205	424.01084297468344	4.724685347973066
11.279682391645215	2.269706462339328	898.0605308793017	435.16902305296463	4.764794642633525
11.262831028723934	2.2768217760945944	909.2187109575827	446.32720313124577	4.804569479170731
11.247011167219721	2.2834835586766378	920.376891035864	457.48538320952696	4.844018132837222
11.22873718834167	2.289720777646206	931.5350711141452	468.64356328780804	4.883148608120621
11.21227323696679	2.2955602044138073	942.6932511924264	479.8017433660893	4.921968649728021
11.195458645529813	2.301026615524186	953.8514312707074	490.95992344437036	4.96048575303993
11.179302266963978	2.3061429564505844	965.0096113489885	502.1181035226515	4.9987058825290225
11.162665937954984	2.310930508290478	976.1677914272697	513.2762836009326	5.036636608822016
11.146726411050986	2.3154090178111	987.3259715055508	524.4344636792138	5.0742845356213335
11.13039609460624	2.319596839201347	998.4841515838318	535.5926437574949	5.111655115313609
11.115412592552449	2.3235110362114026	1009.6423316621132	546.7508238357761	5.148755177469445
11.09917430690626	2.327167499523905	1020.8005117403941	557.9090039140572	5.1855903155542435
11.084386384651143	2.3305810310564574	1031.9586918186753	569.0671839923383	5.222165475861109
11.069219179504984	2.333765438284309	1043.1168718969566	580.2253640706195	5.258487025299698
11.054339050002875	2.3367336091344875	1054.275051975238	591.3835441489007	5.2945599882362675
11.039376765944397	2.339497584622225	1065.433232053519	602.5417242271818	5.330388892715641
11.024662521790049	2.3420686233720773	1076.5914121318	613.699904305463	5.365978685869923
11.010472905825582	2.344457262355528	1087.7495922100811	624.858084383744	5.401334415157141
10.995161217974893	2.346673366444338	1098.9077722883624	636.0162644620251	5.436460594205591
10.979091508521403	2.348726187981165	1110.0659523666434	647.1744445403064	5.471361621331889
9.918661842036094	2.315227923776136	1121.2241324449246	658.3326246185874	5.506041783200011
10.95350940656877	2.3523761503447624	1132.3823125232059	669.4908046968686	5.5405052583418675
10.939471969441273	2.3539890854478758	1143.5404926014864	680.6489847751498	5.574755902015532
10.926208175166217	2.355470399463613	1154.6986726797677	691.8071648534309	5.608797272074083
10.918832797754748	2.356826854075647	1165.856852758049	702.965344931712	5.642633704804475
10.89898093621317	2.358064820432946	1177.01503283633	714.1235250099932	5.676268985328864
10.886091460975507	2.359190293960126	1188.1732129146114	725.2817050882744	5.709706549613981
10.87275164123319	2.3602089308481613	1199.3313929928927	736.4398851665554	5.742948987911862
10.860072359147416	2.3611260602886226	1210.4895730711737	747.5980652448367	5.7760009386244615
10.849265948847952	2.361946715388481	1221.647753149455	758.7562453231178	5.808864863180021
10.83419839856757	2.3626756459791953	1232.8059332277362	769.914425401399	5.841544090400192
10.821777658140975	2.3633173402794383	1243.9641133060172	781.07260547968	5.8740419520902085
10.808759454454774	2.3638760420050735	1255.1222933842985	792.2307855579612	5.906361019059972
10.796979481865444	2.3643557638702135	1266.2804734625797	803.3889656362423	5.93850448733205
10.784904286665482	2.364760302544601	1277.4386535408605	814.5471457145234	5.9704754057923655
10.772813338058143	2.365093254650338	1288.5968336191418	825.7053257928047	6.0022756532591774
10.760860523488157	2.365358025379227	1299.7550136974228	836.8635058710857	6.033909010850491
10.748902768616302	2.365557839680566	1310.9131937757038	848.0216859493669	6.065377641973048
10.7373477761378	2.365695769382645	1322.0713738539848	859.1798660276481	6.096683525706072
10.725695727665297	2.3657747067988018	1333.229553932266	870.3380461059293	6.127829938693542
10.713944902899373	2.3657974112040754	1344.3877340105473	881.4962261842104	6.158819208975537
10.702959414335831	2.3657665004952615	1355.5459140888288	892.6544062624915	6.189653619496932
10.691391798967638	2.365684459788079	1366.7040941671098	903.8125863407726	6.220335140005264
10.680226404047643	2.3655536507882107	1377.862274245391	914.9707664190539	6.250866081738356
10.670842327728112	2.3653763212044354	1389.0204543236723	926.128946497335	6.2812488745836905
10.658405581738508	2.365154604664423	1400.1786344019536	937.2871265756161	6.311485628256442
10.646924044613503	2.3648905354020453	1411.3368144802346	948.4453066538972	6.341578412603152
10.636578618736744	2.364586047645255	1422.4949945585158	959.6034867321786	6.37152925853908
10.626306532303241	2.3642429839843655	1433.6531746367968	970.7616668104596	6.4013401589592265
10.625339057441046	2.3638630989505676	1444.8113547150779	981.9198468887407	6.431013069623905
10.605252615674974	2.363448065237613	1455.969534793359	993.0780269670219	6.460549910019667
10.596364895636073	2.362999476561596	1467.1277148716401	1004.236207045303	6.489952527679222
10.584662758822699	2.3625188530891013	1478.2858949499212	1015.3943871235842	6.519222286088254
10.57443477372843	2.3620076440067397	1489.444075028202	1026.552567201865	6.548361428859673
10.564607519478345	2.3614672355833104	1500.602255106483	1037.7107472801463	6.57737174117304
10.55456752314324	2.3608989463731835	1511.7604351847642	1048.8689273584273	6.606254975823698
10.544667838986093	2.360304037548248	1522.9186152630455	1060.0271074367085	6.6350128539538105
10.534001181453739	2.3596837133743915	1534.0767953413265	1071.1852875149898	6.663646051570071
10.525008468149665	2.359039126266661	1545.2349754196077	1082.3434675932708	6.692157151256967
10.514360410733271	2.3583713797062185	1556.393155497889	1093.501647671552	6.720547795374589
10.50565657494856	2.357681508686558	1567.55133557617	1104.659827749833	6.748818713889014
10.49656112890959	2.356970536210063	1578.7095156544513	1115.8180078281143	6.776971873510626
10.47897204826905	2.3554890706935243	1601.0258758110135	1138.1343679846766	6.8329307983433045
10.46865383136783	2.354720378527422	1612.1840558892945	1149.2925480629576	6.860739506567322
10.459438225503616	2.3539341821003967	1623.342235967576	1160.450728141239	6.888435701169953
10.450629893714888	2.353131289059074	1634.500416045857	1171.6089082195201	6.9160213587026895
10.44159311353151	2.352312471213347	1645.658596124138	1182.7670882978011	6.9434973609302775
10.43260324653019	2.3514784690645567	1656.8167762024193	1193.9252683760824	6.9708653879534
10.423872832225111	2.350629991133699	1667.9749562807003	1205.0834484543634	6.99812621803912
10.414979830939764	2.349767717424175	1679.1331363589818	1216.2416285326447	7.025281863086475
10.406478854201081	2.348892298893466	1690.2913164372628	1227.399808610926	7.052332387572615
10.397937015259748	2.348004359474042	1701.4494965155438	1238.557988689207	7.0792802266354204
10.388069428958037	2.3471044985359395	1712.607676593825	1249.716168767488	7.106125671842762
10.381705265952611	2.3461932893829913	1723.7658566721066	1260.8743488457694	7.132870154707362
10.371662065767946	2.3452712851637973	1734.9240367503876	1272.0325289240504	7.159515234341921
10.364531242756977	2.3443390111455975	1746.0822168286686	1283.1907090023315	7.18606120966076
10.355888877676817	2.3433969771742276	1757.2403969069499	1294.3488890806127	7.212509577972089
10.347909777791648	2.3424456683266213	1768.3985769852306	1305.5070691588937	7.238861684252281
10.339885804178351	2.341485552457395	1779.5567570635121	1316.665249237175	7.265118440117813
10.331784136553699	2.340517078494822	1790.7149371417934	1327.8234293154562	7.29128019195978
9.470155157513798	2.3107115309931276	1801.8731172200744	1338.9816093937372	7.317348689522962
9.463956252222829	2.3098391493898704	1813.0312972983554	1350.1397894720183	7.343324884381632
9.45779431637485	2.308956350330658	1824.189477376637	1361.2979695502997	7.369209715207364
9.45167029264175	2.3080637048106527	1835.347657454918	1372.4561496285808	7.3950041052131805
9.445582935608874	2.307161301741292	1846.505837533199	1383.6143297068618	7.420708499132289
9.439531059950328	2.306249222189333	1857.6640176114802	1394.772509785143	7.446324332394664
9.433515807650881	2.305328039247608	1868.8221976897612	1405.930689863424	7.4718524929748025
9.427536140366286	2.3043978387751793	1879.9803777680424	1417.0888699417053	7.497293857015435
9.421592331914427	2.303458981496135	1891.1385578463237	1428.2470500199865	7.5226492890239225
9.415683864936527	2.302511641920554	1902.2967379246047	1439.4052300982676	7.547919642064784
9.409811075831001	2.301556173792202	1913.454918002886	1450.5634101765488	7.573105757948382
9.40397103406734	2.3005921836646506	1924.6130980811672	1461.72159025483	7.598208467415918
9.398165424052264	2.2996203043708343	1935.7712781594482	1472.879770333111	7.623228590320753
9.392392384359825	2.2986403576547776	1946.9294582377295	1484.0379504113923	7.648166935806225
9.38665448613071	2.297653166534472	1958.0876383160105	1495.1961304896734	7.673024302479941
9.380949079779311	2.2966583528585907	1969.2458183942913	1506.3543105679544	7.697801478584719
9.375276486829405	2.2956562081230825	1980.4039984725728	1517.5124906462356	7.72249924216618
9.36963431467474	2.2946463861569497	1991.5621785508538	1528.6706707245164	7.74711836123712
9.364023985404883	2.293629416369889	2002.720358629135	1539.828850802798	7.771659593938711
9.358443826764896	2.292605101013974	2013.8785387074163	1550.9870308810791	7.796123688698588
10.177913963493198	2.318881921584065	2025.0367187856973	1562.14521095936	7.820511384385924
10.170299489457257	2.317813844577582	2036.1948988639783	1573.3033910376412	7.844823297986125
10.163137654548649	2.316744044905069	2047.3530789422596	1584.4615711159224	7.869059890621003
9.336426703236105	2.2884384084983145	2058.5112590205413	1595.6197511942034	7.893222201024011
9.33099357968952	2.287379102130887	2069.6694390988223	1606.7779312724847	7.917310932181578
9.321363007743592	2.28553105873389	2080.8276191771038	1617.936111350766	7.9413267782375225
9.315822032903238	2.2844218314816205	2091.9857992553843	1629.094291429047	7.965270424631675
9.310304095708515	2.2833048323628926	2103.143979333666	1640.2524715073282	7.989142011993359
9.303327928525077	2.2827832742364635	2114.3021594119464	1651.4106515856095	8.012942535578082
9.297793635965144	2.2816957042480714	2125.4603394902274	1662.5688316638903	8.036672825952214
9.292281947791786	2.28060334093172	2136.6185195685084	1673.7270117421715	8.060333535840755
9.030280361408614	2.2158007978440946	2694.5275234825667	2231.6360156562287	9.165875106997495
9.739186154538912	2.2311932444880322	2973.4820254395954	2510.5905176132574	9.671407318485095
9.645471647821783	2.2084682318648388	3252.4365273966237	2789.545019570286	10.151815116059986
9.564479284990298	2.187328759164542	3531.3910293536524	3068.4995215273148	10.610509445894849
9.49972736724773	2.167684366515705	3810.345531310681	3347.454023484343	11.050192500148029
8.65954286520279	2.124198448728933	4089.3000332677098	3626.4085254413717	11.473048587793658
8.584938369489432	2.1002085764303233	4368.254535224738	3905.3630273984004	11.880873971749804
9.322715738729027	2.1165738039670683	4647.209037181768	4184.317529355429	12.275165670357282
9.274578854852166	2.101772041701395	4926.163539138796	4463.272031312457	12.657187445445977
8.44806928181556	2.0582882084552416	5205.118041095825	4742.226533269486	13.028018621619289
8.387127300584874	2.0375822206899787	5484.072543052855	5021.181035226515	13.388588388879555
8.324888899578102	2.0161874407961893	5763.027045009882	5300.1355371835425	13.739704271027705
8.265092513540823	1.9955870668803992	6041.98154696691	5579.090039140572	14.08207267150533
8.188587801859581	1.9688876828948203	6320.93604892394	5858.044541097601	14.41631699672405
9.066554203983545	2.0302598775857215	6599.890550880968	6136.9990430546295	14.742989248405337
9.046334568968474	2.0206143641965357	6878.845052837996	6415.953545011657	15.062581960863508
9.01846342722088	2.0114832292389253	7157.799554795025	6694.908046968686	15.375536489206853
8.994492132557824	2.0028272460130783	7436.754056752054	6973.862548925715	15.682249689144797
8.974584049261543	1.9946110862479145	7715.708558709083	7252.817050882743	15.983081073102959
8.95499950147773	1.9868028603172105	7994.663060666111	7531.771552839771	16.278356468845512
8.151059828908867	1.9556894252984571	8273.61756262314	7810.726054796801	16.56837278017387
8.920273893742406	1.972297490574579	8552.572064580167	8089.6805567538295	16.853401397841907
8.083541850791748	1.931145696914012	8831.526566537194	8368.635058710857	17.13369114958268
8.043546778761566	1.9167880760586717	9110.481068494222	8647.589560667886	17.409470860756805
7.999009945005647	1.900951867391711	9389.43557045125	8926.544062624915	17.68095131578928
8.863219134106233	1.9470765511124621	9668.39007240828	9205.498564581943	17.948327625315788
8.852800868015178	1.9414472588979867	9947.344574365308	9484.453066538972	18.211780529570664
8.8525525935301	1.9360557633650963	10226.299076322337	9763.407568496	18.47147781304167
8.830711491818809	1.930888047418254	10505.253578279366	10042.36207045303	18.727575592273418
7.955330445062767	1.881931025343986	10784.208080236396	10321.316572410058	18.9802197186664
8.81210380876994	1.9211732812295133	11063.16258219342	10600.271074367085	19.22954594196555