12.832619117878476	0.5641486623449065	239.71107526072996	11.158180078281145	1.5301321320100998
12.794061430445835	0.6008071633655994	247.36307814438572	12.273998086109259	1.5768659064305042
12.764764134081176	0.635858743694073	254.51383885200204	13.389816093937375	1.6203520757729584
12.741574222912346	0.6694701093892933	261.2305642272902	14.505634101765487	1.6610291206675163
12.734170334553468	0.7017774158795719	267.5721242792178	15.621452109593601	1.69927964868546
12.715889434458182	0.7328937158080903	273.5853847160994	16.73727011742172	1.7354077626498459
12.708676281579097	0.7629142421829164	279.30976781371317	17.853088125249833	1.7696686880711237
12.700471436359422	0.7919200783100989	284.7783087174416	18.968906133077947	1.8022757822579258
12.698826887750972	0.8199811187289582	290.0202335805096	20.084724140906058	1.8334176608072807
12.6976826983911	0.8471585966081566	295.0559041734539	21.200542148734172	1.8632270010275274
12.696971773325597	0.8735087451561799	299.89140560117454	22.316360156562286	1.8917509684320697
12.700918263625054	0.8990880971302576	304.51217247881215	23.4321781643904	1.918914531254478
12.700514634336573	0.9239593430370238	308.87386592312765	24.547996172218518	1.944468624330226
12.704871831586185	0.9481968447565523	312.90996529938525	25.663814180046632	1.9680365100521637
12.706050392709278	0.9718848277665528	316.57632134419083	26.779632187874743	1.9893762212259776
12.71069683952925	0.9951071535325967	319.86600636778394	27.89545019570286	2.008461821482456
12.713916818862558	1.0179359091465634	322.8251374901505	29.011268203530975	2.025575877672275
12.716189290703674	1.0404257863135924	325.50906600633954	30.12708621135909	2.0410494340455663
12.721128160849767	1.0626140639135195	327.9830911891116	31.242904219187203	2.0552691757918513
12.72853409404054	1.0845236367221707	330.2961608197109	32.35872222701532	2.0685222713431988
12.731675993373784	1.106166316237249	332.49821902344655	33.47454023484344	2.0811014114047337
12.739498111401813	1.1275458370657845	334.6246003913048	34.590358242671556	2.093211208666264
12.741683156158192	1.1486695478422553	336.4825787149625	35.70617625049967	2.1037626304674073
12.752588081145177	1.1696059711030145	338.0610079742585	36.82199425832778	2.1126995787839213
12.760044482535474	1.1903489327024892	339.68984235420544	37.937812266155895	2.1218945876375
12.766974152322154	1.2108742762771083	341.37456227997336	39.053630273984005	2.131376843858453
12.780583918295603	1.231159408310527	343.12151476514106	40.169448281812116	2.1411802230084724
12.78179355446827	1.2511831628932775	344.93808996953766	41.28526628964023	2.151344242549035
12.791810696407175	1.2709255602841047	346.83294275419433	42.401084297468344	2.161915258066185
12.797814872555373	1.290367443423106	348.81627320711766	43.51690230529646	2.1729479780271284
12.809507975107184	1.3094901100260687	350.9001853032292	44.63272031312458	2.184507400574758
12.814799304100793	1.3282747692384937	353.10669265005157	45.7485383209527	2.1967110637333183
12.822798256156672	1.3467018481809363	355.45219466945343	46.86435632878081	2.2096476110624272
12.830639808086831	1.3647502852007496	357.97488802604556	47.980174336608926	2.2235215498541456
12.838456521711358	1.3823961103291897	360.714042995203	49.095992344437036	2.2385443628823474
12.846031996415805	1.3996104416436157	363.7363303998389	50.211810352265154	2.2550745562900336
12.853371663718324	1.4163557640016473	367.16359615108064	51.327628360093264	2.2737675123577885
12.86000258446544	1.4325783472177327	371.2019538561192	52.44344636792138	2.295733856313939
12.869127879791805	1.4481875660759558	376.392005942798	53.559264375749486	2.3238877014278794
12.871334153533834	1.4629562854941565	385.7955251086647	54.6750823835776	2.374752798390075
12.869901905151245	1.466388326685133	598.8559103391051	55.79090039140572	3.5253175951384454
12.869901905151245	1.466388326685133	598.8559103391051	55.79090039140572	3.5253175951384454
12.8691860014339	1.4665758022929303	599.6927738449778	56.06985489336274	3.529830689078073
12.878136641458045	1.4667458786596534	600.4145704704218	56.348809395319776	3.5337214879953645
12.863953011743028	1.466902999682014	601.071866399405	56.6277638972768	3.537263284169645
12.865074509701927	1.4670502661368128	601.6862184755911	56.90671839923384	3.5405726652001897
12.86025472395411	1.4671899802949917	602.2441274795058	57.185672901190856	3.5435764427245457
12.86115201935538	1.4673238930612404	602.7726861371344	57.464627403147894	3.5464211973807807
12.856201506716747	1.4674534687109384	603.2748042406575	57.74358190510491	3.549122694689808
12.857756415144545	1.467579848800221	603.7460990393051	58.02253640706195	3.551657061580903
12.85501592490352	1.467704037126069	604.2025700425081	58.301490909018966	3.554111050746831
12.853434330830789	1.4678268458086903	604.6347813848503	58.580445410976004	3.5564333896386557
12.850858105344061	1.4679490054217248	605.0532131377861	58.859399912933036	3.5586809506210613
12.848637046870888	1.4680711030549218	605.4583477846618	59.13835441489007	3.560856286991617
12.843358299237785	1.4681937354999997	605.8445924796794	59.41730891684709	3.562929020627818
12.857756145314621	1.4683173443849278	606.2308138247466	59.69626341880411	3.5650016273133898
12.842114710154036	1.46844234633532	606.5894696129774	59.975217920761146	3.566924363668961
12.837126321228437	1.468569140561606	606.948125401208	60.25417242271817	3.5688471000245325
12.836904479664959	1.468698042989398	607.2972078098841	60.53312692467521	3.5707177332037996
12.834696268596199	1.4688293737580191	607.6319532122327	60.812081426632226	3.572510337139155
12.82900806787455	1.4689634070730069	607.9666986145813	61.091035928589264	3.5743029410745106
12.82908791136011	1.4691003712441455	608.2886578456548	61.36999043054628	3.5760258794529696
12.82481746119828	1.469240513119894	608.6024816603567	61.64894493250332	3.5777044919499805
12.822968356430785	1.4693840275621166	608.9163054750586	61.927899434460336	3.579383104446992
12.82062389232648	1.4695310942898323	609.2184532578797	62.206853936417374	3.5809980257202403
12.817651671920778	1.469681895332439	609.5138168481874	62.4858084383744	3.582575940112397
12.82070154052429	1.46983657991947	609.8091804384949	62.76476294033144	3.584153854504555
12.812195187183411	1.4699952823936546	610.0969341986756	63.043717442288454	3.585690207182847
12.810443558623069	1.4701581400973949	610.3758887006328	63.32267194424548	3.5871785019877827
12.80571901889855	1.470325276198448	610.6548432025901	63.60162644620251	3.588666796792719
12.803371098672073	1.470496790320398	610.9337977045471	63.88058094815954	3.5901548761926567
12.80678751214895	1.470672766024385	611.2127522065042	64.15953545011656	3.5916411039214737
12.797364725043634	1.4708532762546842	611.4917067084613	64.4384899520736	3.5931273316502907
12.793598244622343	1.4710383984727178	611.7706612104183	64.71744445403063	3.5946135593791078
12.791770396414831	1.4712281823674964	612.0496157123754	64.99639895598766	3.59609826174439
12.78809968826485	1.4714226911175394	612.3285702143324	65.27535345794469	3.5975824281310036
12.784396218558964	1.4716219623384497	612.6075247162894	65.5543079599017	3.5990665945176166
12.78142046711429	1.4718260386677473	612.8864792182464	65.83326246185874	3.600549998077492
12.775167595263731	1.472034958370395	613.1654337202034	66.11221696381577	3.602032108831991
12.775258358540569	1.4722487496818915	613.4443882221605	66.3911714657728	3.603514219586489
12.77188419847929	1.4724674408302447	613.7233427241174	66.67012596772985	3.6049963303409887
12.768511673858216	1.4726910612998438	614.0022972260745	66.94908046968686	3.6064763962253688
12.777643797868874	1.4729196113092535	614.2812517280315	67.2280349716439	3.607956457034149
12.761926675030022	1.4731531226016243	614.5602062299886	67.50698947360091	3.6094365178429295
12.770096414499362	1.4733916016121973	614.8391607319455	67.78594397555796	3.6109153126590963
12.755179425319556	1.4736350603795971	615.1181152339026	68.06489847751497	3.6123933291849917
12.751974776092093	1.4738835001188701	615.3970697358596	68.34385297947202	3.6138713457108866
12.746202475160102	1.4741369335117527	615.6760242378166	68.62280748142904	3.615348880357834
12.743240436027774	1.4743953542867578	615.9549787397737	68.90176198338607	3.6168248582402454
12.742059189693089	1.4746587630506862	616.2339332417307	69.1807164853431	3.6183008361226565
12.73543285022697	1.4749271572149576	616.5128877436878	69.45967098730013	3.6197768140050677
12.741444870249625	1.4752005397101344	616.7918422456447	69.73862548925715	3.621251066278818
12.73162453679549	1.4754788900815115	617.0707967476018	70.01757999121418	3.6227250111338427
12.727789816325636	1.475762219297293	617.3497512495588	70.29653449317121	3.6241989559888674
12.725588577311663	1.4760504910210805	617.6287057515158	70.57548899512823	3.625671975258137
12.721079050180018	1.476343715812234	617.9076602534728	70.85444349708526	3.6271438926786983
12.717649715475769	1.476641873113606	618.1866147554299	71.13339799904229	3.6286158100992596
12.71429195813526	1.4769449591678727	618.4655692573871	71.41235250099933	3.630087607014986
12.710868666309006	1.4772529326213586	618.744523759344	71.69130700295635	3.631557502570959
12.7076058704282	1.4775658002719245	619.0234782613011	71.97026150491338	3.633027398126932
12.701207482084426	1.4778835402908352	619.3024327632581	72.2492160068704	3.6344972936829043
12.705188959009753	1.4782061231156571	619.5813872652152	72.52817050882744	3.635965862504667
12.696167582826263	1.4785335505706578	619.8603417671721	72.80712501078446	3.637433741743004
12.693161753866246	1.4788657840834138	620.1392962691292	73.08607951274149	3.638901620981342
12.69002728178829	1.4792028065126421	620.4182507710862	73.36503401469851	3.640368994054995
12.686138780932886	1.47954459708496	620.6972052730432	73.64398851665555	3.641834862499855
12.68295987179229	1.4798911341992864	620.9761597750003	73.92294301861257	3.6433007309447154
12.677830556694865	1.4802423900983381	621.2551142769572	74.20189752056959	3.6447665993895755
12.672355571416505	1.4805983434554038	621.5340687789143	74.48085202252663	3.6462307818319264
12.671718005629252	1.4809589656612039	621.8130232808713	74.75980652448366	3.6476946449847967
12.66795263149308	1.4813242436198124	622.0919777828284	75.0387610264407	3.649158508137667
12.665136998291933	1.4816941342972856	622.3709322847853	75.31771552839771	3.6506215210565336
12.661538188266675	1.4820686197988109	622.6498867867424	75.59667003035476	3.652083384396353
12.655432992721602	1.4824476717298252	622.9288412886995	75.87562453231178	3.653545247736173
12.653958046217102	1.482831262421951	623.2077957906564	76.1545790342688	3.655007101374661
12.64957018031377	1.4832193670978862	623.4867502926135	76.43353353622582	3.656466970357946
12.645257465260633	1.483611952052544	623.7657047945704	76.71248803818287	3.6579268393412314
12.641518472090908	1.4840089820412734	624.0446592965274	76.99144254013989	3.6593867083245164
12.641055933480615	1.4844104552835287	624.3236137984844	77.27039704209692	3.660845423932723
12.635929515660832	1.4848163129649345	624.6025683004415	77.54935154405395	3.662303303993688
12.631805151470699	1.4852265317868152	624.8815228023985	77.82830604601098	3.663761184054653
12.625326561336047	1.4860599592988444	625.4394318063125	78.38621504992503	3.6666746626198785
12.621625052074007	1.4864831021296958	625.7183863082696	78.66516955188207	3.668130559170556
12.617917585847753	1.4869104812156495	625.9973408102267	78.94412405383909	3.669586455721234
12.612071434750327	1.4873420765581584	626.2762953121837	79.22307855579612	3.6710409360324117
12.608193317326032	1.4877778490417541	626.5552498141407	79.50203305775315	3.672494854462776
12.60700550975712	1.4882177770090297	626.8342043160977	79.7809875597102	3.6739487728931404
12.60213655749668	1.4886618228773678	627.1131588180547	80.05994206166721	3.6754021449309353
12.599892914280506	1.4891099539746353	627.3921133200118	80.33889656362425	3.676854090609019
12.596023830482102	1.4895621414824856	627.6710678219689	80.61785106558126	3.6783060362871036
12.59274314785805	1.490018351569942	627.950022323926	80.89680556753831	3.6797579819651878
12.588654013950338	1.4904785547416286	628.2289768258829	81.17576006949533	3.6812082881749206
12.585439080425381	1.4909427157389137	628.50793132784	81.45471457145234	3.6826582664469365
12.585930146036725	1.4914108022987198	628.786885829797	81.73366907340937	3.6841082447189524
12.576695813497118	1.4918827841271733	629.0658403317541	82.0126235753664	3.6855574676147973
12.57963723066299	1.492358630515687	629.344794833711	82.29157807732344	3.687005483805255
12.571123018542377	1.4928383048507805	629.6237493356681	82.57053257928045	3.688453499995712
12.566924276921252	1.4933217791498825	629.902703837625	82.84948708123748	3.6899015161861697
12.563739817162942	1.4938090187893607	630.1816583395821	83.12844158319453	3.6913477086842263
12.559485305805943	1.4942999909954753	630.4606128415392	83.40739608515156	3.6927937680960476
12.556084480616947	1.4947946648570916	630.7395673434962	83.68635058710858	3.694239827507869
12.554576531147646	1.4952930041561394	631.0185218454532	83.96530508906562	3.695684961296317
12.549695294633251	1.495794981125825	631.2974763474102	84.24425959102264	3.6971290692109573
12.545871048792911	1.4963005608601967	631.5764308493673	84.52321409297967	3.698573177125597
12.540400122441543	1.4968097127524242	631.8553853513242	84.80216859493669	3.7000172617450344
12.538617869013205	1.4973224032893062	632.1343398532813	85.08112309689372	3.701459423422592
12.535295518312234	1.4978385997377692	632.4132943552383	85.36007759885075	3.7029015851001503
12.531362476257927	1.4983582739704326	632.6922488571954	85.63903210080777	3.7043437467777087
12.528007669906348	1.498881383080635	632.9712033591524	85.9179866027648	3.70578485070499
12.52722739014819	1.4994079063906314	633.2501578611094	86.19694110472183	3.7072250713843276
12.519349200575107	1.4999378124556662	633.5291123630665	86.47589560667886	3.7086652920636656
12.525797257997205	1.500471054785226	633.8080668650234	86.75485010863589	3.7101053709248
12.51417526500197	1.501007614473445	634.0870213669805	87.03380461059292	3.7115436558236556
12.509715216123258	1.50154745837319	634.3659758689375	87.31275911254995	3.71298194072251
12.516240130184517	1.5020905534371074	634.6449303708946	87.59171361450699	3.7144202256213656
12.51979682268719	1.5026368651624857	634.9238848728515	87.870668116464	3.7158573581571055
12.499866899718219	1.5031863646465786	635.2028393748086	88.14962261842105	3.717293712472204
12.496046964511454	1.5037390196779417	635.4817938767658	88.42857712037807	3.7187300667873022
12.491175534366613	1.504294798567361	635.7607483787228	88.70753162233508	3.7201661980178122
12.4891798849793	1.5048536737508993	636.0397028806798	88.98648612429211	3.7216006269249813
12.484884821761813	1.5054156066590092	636.3186573826368	89.26544062624914	3.7230350558321503
12.48217321025368	1.5059805657408858	636.5976118845939	89.54439512820618	3.7244694847393194
12.477750402560908	1.5065485350441923	636.876566386551	89.8233496301632	3.725902703588059
12.475133606098423	1.5071194691995542	637.1555208885079	90.10230413212022	3.72733521224234
12.46973362726704	1.507693341634621	637.434475390465	90.38125863407727	3.728767720896621
12.466359337801862	1.5082701212297425	637.713429892422	90.6602131360343	3.7301999618643373
12.461793864127062	1.5088497769971445	637.992384394379	90.93916763799132	3.7316305554000966
12.460352226924407	1.5094322825292936	638.271338896336	91.21812213994835	3.733061148935856
12.457514325352498	1.5100176008971666	638.5502933982931	91.49707664190538	3.7344917424716155
12.453141562830854	1.5106057085849132	638.8292479002502	91.77603114386241	3.735921104584134
12.455154797584912	1.5111965745269234	639.1082024022071	92.05498564581943	3.7373497881151727
12.447270782720157	1.5117901649307084	639.3871569041642	92.33394014777646	3.7387784716462114
12.442062157038952	1.5123864524806545	639.6661114061211	92.61289464973349	3.7402068789703473
12.437648151031482	1.5129854082844851	639.9450659080782	92.89184915169052	3.7416336575900115
12.438470764448512	1.5135870174746575	640.2240204100351	93.17080365364754	3.7430604362096753
12.433885871599312	1.514191204949639	640.5029749119922	93.44975815560458	3.7444872148293395
12.430330858063973	1.514797990814533	640.7819294139492	93.7287126575616	3.7459127764137854
12.426541919713978	1.5154073248892859	641.0608839159063	94.00766715951863	3.7473376551950737
12.42339994858087	1.5160191810568138	641.3398384178633	94.28662166147566	3.7487625339763624
12.420272107024642	1.516633532481417	641.6187929198203	94.56557616343271	3.750187163538559
12.416709578894825	1.5172503479594666	641.8977474217774	94.84453066538973	3.7516101475342345
12.411671058826212	1.5178696006411094	642.1767019237344	95.12348516734676	3.75303313152991
12.414029617352893	1.5184912630856398	642.4556564256915	95.40243966930377	3.7544561155255862
12.404193658433853	1.5191153055627955	642.7346109276485	95.68139417126082	3.755877932058418
12.40307140304479	1.5197417030954785	643.0135654296055	95.96034867321784	3.7572990263011112
12.405801730787914	1.5203704228328576	643.2925199315625	96.23930317517487	3.758720120543804
12.396835463202123	1.5210014430643155	643.5714744335195	96.51825767713188	3.7601410274989826
12.393172254150649	1.5216347326896327	643.8504289354767	96.79721217908893	3.761560237001301
12.389947206366196	1.5222702640702859	644.1293834374337	97.07616668104595	3.762979446503619
12.386612553941093	1.5229080135428568	644.4083379393907	97.35512118300298	3.764398656005937
12.380883572416794	1.5235479527459421	644.6872924413477	97.63407568496	3.7658167822426813
12.380055215212234	1.5241900528424646	644.9662469433048	97.91303018691704	3.7672341119973147
12.376624395105178	1.5248342909343642	645.2452014452618	98.19198468887407	3.768651441751948
12.373555783234746	1.5254806377040442	645.5241559472189	98.47093919083109	3.77006868053898
12.368382065664507	1.5261290686610547	645.8031104491758	98.74989369278813	3.771484135518806
12.364402748360625	1.5267795527683823	646.0820649511329	99.02884819474517	3.772899590498631
12.363760521567038	1.5274320743884937	646.3610194530899	99.30780269670218	3.7743150454784566
12.358886285605644	1.5280865977397424	646.6399739550469	99.58675719865921	3.775729535464282
12.356932477482925	1.528743104408097	646.918928457004	99.86571170061625	3.777143120622469
12.353851667050003	1.5294015674169512	647.197882958961	100.14466620257328	3.7785567057806566
12.349622574905702	1.5300619525963988	647.476837460918	100.4236207045303	3.779970290938844
12.348643361091561	1.5307242384817688	647.755791962875	100.70257520648732	3.7813820504029727
12.343363178908174	1.5313884209752848	648.034746464832	100.98152970844436	3.7827937706730888
12.345318187352232	1.53205445379669	648.313700966789	101.26048421040139	3.7842054909432052
12.338096370504568	1.5327223092754223	648.5926554687461	101.5394387123584	3.785616398023316
12.334252405848604	1.5333919720852445	648.871609970703	101.81839321431544	3.787026258319427
12.331299045470061	1.5340634181523414	649.1505644726601	102.09734771627247	3.788436118615538
12.333862862223722	1.5347366213315021	649.4295189746172	102.3763022182295	3.789845978911649
12.32475908068516	1.5354115594364532	649.7084734765741	102.65525672018653	3.791254186787749
12.32173481796567	1.536088207223027	649.9874279785312	102.93421122214357	3.792662192004523
12.318303527493569	1.5367665420450958	650.2663824804882	103.21316572410059	3.794070197221297
12.321454828629154	1.5374465364539067	650.5453369824452	103.49212022605762	3.795477574051161
12.312017658009594	1.538128174557532	650.8242914844022	103.77107472801464	3.7968837290639703
12.309171634163468	1.5388114279070688	651.1032459863593	104.05002922997168	3.7982898840767803
12.305678588356582	1.5394962755660315	651.3822004883162	104.3289837319287	3.7996960390895893
12.301630436218133	1.5401826943864885	651.6611549902733	104.60793823388573	3.8011007476534457
12.29957493582146	1.5408706626076858	651.9401094922304	104.88689273584275	3.80250505731847
12.2941677736875	1.5415601500172154	652.2190639941875	105.16584723779978	3.8039093669834934
12.292489482755373	1.5422511501966412	652.4980184961446	105.4448017397568	3.805313265538886
12.290989162408517	1.5429436259159106	652.7769729981017	105.72375624171383	3.8067157346932086
12.28770873760555	1.5436375647751257	653.0559275000586	106.00271074367086	3.8081182038475303
12.284076254860251	1.5443329390071616	653.3348820020157	106.2816652456279	3.809520673001853
12.279508864368859	1.5450297313903278	653.6138365039726	106.56061974758492	3.8109219338549236
12.277851722429324	1.5457279166002682	653.8927910059297	106.83957424954195	3.812322567316636
12.278858179983908	1.5464274760574188	654.1717455078867	107.11852875149897	3.813723200778348
12.271998974528652	1.5471283893000647	654.4507000098437	107.39748325345602	3.8151236723652366
12.268776870672564	1.5478306288191321	654.7296545118007	107.67643775541303	3.8165224749335347
12.264749508154514	1.5485341877970045	655.0086090137578	107.95539225737006	3.8179212775018323
12.262812968980146	1.5492390316764928	655.2875635157149	108.2343467593271	3.819320080070131
12.259571562004323	1.549945146141858	655.5665180176719	108.51330126128413	3.8207179441493446
12.25684718722445	1.5506525095007027	655.8454725196289	108.79225576324114	3.8221149206046285
12.253862235989983	1.5513611013990731	656.1244270215859	109.07121026519818	3.8235118970599133
12.254527088314079	1.552070901945213	656.403381523543	109.3501647671552	3.824908873515199
12.24803335066628	1.5527818918919833	656.6823360254999	109.62911926911224	3.8263041474281487
12.246674504384476	1.5534940501929801	656.961290527457	109.90807377106927	3.827699302532123
12.242205880140018	1.5542073606796603	657.240245029414	110.1870282730263	3.8290944576360966
12.237009262657027	1.554921798386666	657.5191995313711	110.46598277498333	3.8304889752234823
12.235973973974485	1.5556373507875063	657.798154033328	110.74493727694036	3.8318823137192473
12.232825220926825	1.5563539956503736	658.0771085352851	111.02389177889738	3.833275652215013
12.22841156436616	1.557071708166941	658.356063037242	111.30284628085441	3.834668990710779
12.226129559726624	1.5577904768626143	658.6350175391991	111.58180078281144	3.836060947764143
12.118200955986483	1.5872074829762777	669.7931976174802	122.73998086109259	3.891345163359676
12.016886293095183	1.6172945622487305	680.9513776957614	133.89816093937375	3.945856619482261
11.928704095307495	1.6473353824915025	692.1095577740425	145.0563410176549	3.9996266474411852
11.847315441675907	1.6768415664228322	703.2677378523238	156.21452109593602	4.052683870924028
11.776914105820705	1.7054912676824963	714.4259179306048	167.37270117421716	4.105057912248156
11.711734920087377	1.7330819978923058	725.584098008886	178.53088125249832	4.15677193321747
11.651336678039108	1.7594957189688392	736.7422780871669	189.68906133077948	4.207852169584904
11.59839578326118	1.7846734926778471	747.9004581654483	200.84724140906062	4.258320911547473
11.547464117462855	1.80859726505704	759.0586382437294	212.00542148734172	4.308199416152857
11.500961823892968	1.8312768550640728	770.2168183220105	223.16360156562288	4.357507966471749
11.457547076206655	1.8527406855184898	781.3749984002918	234.32178164390402	4.406265926749443
11.417060990419198	1.8730292106867896	792.5331784785728	245.47996172218518	4.45449122411399
11.37741167529678	1.8921902718347903	803.6913585568537	256.63814180046626	4.5022001446780475
11.341008450071971	1.9102758207414168	814.8495386351351	267.79632187874745	4.54941041612461
11.307447138549014	1.9273396324718701	826.0077187134162	278.9545019570286	4.596135990965734
11.274305165468624	1.943435730899197	837.1658987916974	290.1126820353098	4.642392049752002
11.243234338845118	1.9586173081317586	848.3240788699785	301.2708621135909	4.688192720829907
11.21428376414978	1.972936006998546	859.4822589482595	312.429042191872	4.733550974102535
11.182352154686964	1.9864414793181806	870.6404390265408	323.58722227015323	4.778479291576932
11.155850551107674	1.9991810884834356	881.7986191048221	334.74540234843437	4.822989690092179
11.128654960478343	2.011199798063106	892.9567991831033	345.9035824267155	4.867093742788683
11.1018014260405	2.0225401001844547	904.1149792613842	357.06176250499664	4.9108025993992745
11.075907215640596	2.0332420331880536	915.2731593396654	368.21994258327777	4.9541261254020235
11.052635608475223	2.0433432403940954	926.4313394179467	379.37812266155896	4.99707440058814
11.027927854079822	2.0528790526091467	937.5895194962277	390.5363027398401	5.039657912367343
11.00582630149623	2.0618825886989445	948.747699574509	401.69448281812123	5.081884275214704
10.987973964427947	2.0703848684466917	959.9058796527901	412.85266289640236	5.123763694696383
10.960798558246916	2.078414927047774	971.064059731071	424.01084297468344	5.165304260240009
10.938997988659168	2.085999939684968	982.2222398093522	435.16902305296463	5.206513200324382
10.918795327441996	2.0931653283583547	993.3804198876335	446.32720313124577	5.2473992640611336
10.899988801305918	2.09993487621135	1004.5385999659147	457.48538320952696	5.287969768761258
10.876726542033655	2.106330844169619	1015.696780044196	468.64356328780804	5.328231812284997
10.857609400398301	2.1123740592072604	1026.854960122477	479.8017433660893	5.368192281207454
10.838718464307778	2.118084025778367	1038.013140200758	490.95992344437036	5.407857858622284
10.819185494239216	2.1234790055411352	1049.171320279039	502.1181035226515	5.447235031602066
10.80072993627686	2.128576109910805	1060.3295003573203	513.2762836009326	5.486330098332825
10.782156635110066	2.133391378037702	1071.4876804356013	524.4344636792138	5.5251491749392
10.764382840973424	2.137939847468952	1082.6458605138823	535.5926437574949	5.56369703343592
10.74542082978489	2.1422356280868793	1093.8040405921638	546.7508238357761	5.601980261887287
10.728928711547173	2.1462919677498773	1104.9622206704448	557.9090039140572	5.64000461276766
10.711999902727506	2.1501213058079425	1116.120400748726	569.0671839923383	5.677773589285292
10.694637330039118	2.153735330604762	1127.2785808270073	580.2253640706195	5.715294261665762
10.678577481067771	2.1571450344111316	1138.4367609052883	591.3835441489007	5.752569694615641
10.662671841927017	2.160360755641682	1149.5949409835696	602.5417242271818	5.789606252620481
10.646448866444299	2.1633922288902663	1160.7531210618506	613.699904305463	5.82640703117143
10.630685481301937	2.166248619881567	1171.9113011401316	624.858084383744	5.862977311726557
10.615022172422306	2.168938566299082	1183.0694812184129	636.0162644620251	5.899321526297119
10.599857518666507	2.1714702105985073	1194.227661296694	647.1744445403064	5.935443297852666
10.584696204940824	2.1738512346012477	1205.3858413749751	658.3326246185874	5.971346521519013
10.569843232931847	2.1760888923137927	1216.5440214532566	669.4908046968686	6.007035576331388
10.554841531456876	2.17819003036918	1227.7022015315376	680.6489847751498	6.042514179269901
10.540621606222818	2.1801611182213576	1238.860381609819	691.8071648534309	6.077785961796631
10.526343528153289	2.182008274738573	1250.0185616881	702.965344931712	6.112854472300998
10.51203258599609	2.183737283866319	1261.176741766381	714.1235250099932	6.147723178461691
10.498209601266668	2.185353623585036	1272.3349218446624	725.2817050882744	6.182395469528483
9.135687813040393	2.1187388656424817	1283.4931019229434	736.4398851665554	6.216874658527054
10.474250212809476	2.1882687560961367	1294.6512820012244	747.5980652448367	6.2511639843898585
10.457510856063276	2.189577115052855	1305.8094620795057	758.7562453231178	6.285266614015904
10.444137056875416	2.190791967446928	1316.967642157787	769.914425401399	6.319185000502722
10.43106443610984	2.1919175018739794	1328.125822236068	781.07260547968	6.3529224718756785
9.115168659834561	2.1309864903880946	1339.284002314349	792.2307855579612	6.386482207049088
9.110971706487339	2.1331514055138245	1350.4421823926305	803.3889656362423	6.419867004984983
9.106752737747069	2.1352303690020213	1361.6003624709113	814.5471457145234	6.453078529408376
10.38253809302025	2.1956030031958695	1372.7585425491925	825.7053257928047	6.486120722544683
10.367947413231164	2.196337720514477	1383.916722627474	836.8635058710857	6.518995538065489
10.355781558952005	2.1970041803680727	1395.0749027057548	848.0216859493669	6.551705438845568
10.34300018639667	2.1976053176138883	1406.2330827840362	859.1798660276481	6.5842533341087295
10.33212587012708	2.198143917388035	1417.3912628623175	870.3380461059293	6.616640945619038
10.320672453577862	2.1986226443983914	1428.5494429405983	881.4962261842104	6.6488712333096505
10.308844504318909	2.199044031726369	1439.7076230188793	892.6544062624915	6.680946166012753
10.297220689878381	2.199410489129047	1450.8658030971608	903.8125863407726	6.7128678041034116
10.285753148055024	2.199724322893381	1462.0239831754418	914.9707664190539	6.744639027633263
10.273982939108901	2.1999877274536956	1473.1821632537228	926.128946497335	6.776260903386018
10.263260346888346	2.200202797070788	1484.340343332004	937.2871265756161	6.807736173503115
10.251520107090457	2.2003715330084517	1495.498523410285	948.4453066538972	6.839067029272948
10.241512241910545	2.2004958432020003	1506.6567034885663	959.6034867321786	6.8702551756283325
10.230607929577426	2.200577553048078	1517.8148835668476	970.7616668104596	6.901302084120482
10.22009631657086	2.2006184051939233	1528.9730636451286	981.9198468887407	6.932210258533448
10.209476329912334	2.2006200648913534	1540.1312437234096	993.0780269670219	6.962981490268541
10.19807710902884	2.200584126137489	1551.289423801691	1004.236207045303	6.993617540017333
10.187921286977316	2.2005121110914456	1562.4476038799721	1015.3943871235842	7.024120138416917
10.178493918263484	2.2004054779335203	1573.6057839582531	1026.552567201865	7.054490986688461
10.168820854022757	2.2002656205165807	1584.7639640365344	1037.7107472801463	7.084731757259539
10.158393789179295	2.2000938764696305	1595.9221441148154	1048.8689273584273	7.114844094370748
10.14837448683253	2.1998915231554808	1607.0803241930967	1060.0271074367085	7.144829614667038
10.138549145781779	2.1996597845149854	1618.238504271378	1071.1852875149898	7.1746899077742246
10.128575153670644	2.1993998354609032	1629.3966843496587	1082.3434675932708	7.2044265368611
10.11934503707513	2.1991128000863562	1640.55486442794	1093.501647671552	7.234041039187587
10.109415610475535	2.1987997572185787	1651.7130445062214	1104.659827749833	7.263534926639302
10.100633192473907	2.198461740806152	1662.8712245845024	1115.8180078281143	7.292909686248949
10.089733869030031	2.198099743786053	1674.0294046627837	1126.9761879063956	7.322166780704902
10.08147818898766	2.1977147117862237	1685.1875847410645	1138.1343679846766	7.351307648847355
10.072123303614084	2.1973075665754025	1696.3457648193457	1149.2925480629576	7.380333706152384
10.063183398980282	2.19687917881535	1707.5039448976272	1160.450728141239	7.409245837008189
10.056595889274305	2.196430392090564	1718.6621249759085	1171.6089082195201	7.4380456244950075
10.045150221202006	2.195962014975803	1729.820305054189	1182.7670882978011	7.466734644456846
10.036108532914385	2.1954748225026175	1740.9784851324705	1193.9252683760824	7.495314225218458
10.027465656913334	2.194969560967156	1752.1366652107515	1205.0834484543634	7.523784867624718
10.019892584921838	2.194446946894357	1763.2948452890328	1216.2416285326447	7.552148392349698
10.009902593973095	2.19390767094014	1774.4530253673138	1227.399808610926	7.5804062765630205
10.0031981875626	2.1933523931615166	1785.611205445595	1238.557988689207	7.608558822332623
9.992978849124807	2.1927817527280395	1796.7693855238758	1249.716168767488	7.636607877699481
9.98465243291254	2.1921963607150756	1807.9275656021575	1260.8743488457694	7.664554630764293
9.97867634266867	2.1915968066905287	1819.0857456804383	1272.0325289240504	7.692399455962562
9.976154437697847	2.190983658142868	1830.2439257587196	1283.1907090023315	7.720144580059679
9.962602554485462	2.1903574611314256	1841.4021058370006	1294.3488890806127	7.747789735243188
9.951661291488742	2.189718739655928	1852.5602859152818	1305.5070691588937	7.77533733972518
9.937284529403106	2.1884057307120877	1874.8766460718443	1327.8234293154562	7.830141553017822
9.919922408989418	2.1870484559408445	1897.1930062284064	1350.1397894720183	7.884565064836366
9.91174903151334	2.1863543390637172	1908.3511863066876	1361.2979695502997	7.911636383145016
9.917230251358044	2.1856504642744445	1919.5093663849689	1372.4561496285808	7.938615726552312
9.907177011685544	2.184937240409248	1930.66754646325	1383.6143297068618	7.965503917292505
9.889125508577719	2.1842150529555533	1941.8257265415314	1394.772509785143	7.992301316669664
9.881544093833368	2.1834842788854085	1952.9839066198122	1405.930689863424	8.019009635676877
9.87577533757803	2.1827452803777194	1964.1420866980936	1417.0888699417053	8.045629313377601
9.87029425419553	2.1819984060485282	1975.3002667763749	1428.2470500199865	8.072161003985919
9.859186231914421	2.1812439940718	1986.458446854656	1439.4052300982676	8.098606132653407
9.851851065232138	2.1804823650337184	1997.616626932937	1450.5634101765488	8.124965497921954
9.844985665641708	2.179713836838239	2008.7748070112184	1461.72159025483	8.151239128805775
9.83688932871259	2.1789387102958395	2019.9329870894994	1472.879770333111	8.177428599145358
9.831225898859516	2.1781572757730983	2031.0911671677807	1484.0379504113923	8.20353469877642
9.822362440857066	2.1773698153565673	2042.2493472460617	1495.1961304896734	8.229558186995027
9.819747786427818	2.1765766018522825	2053.4075273243425	1506.3543105679544	8.255499511537044
9.809678190264021	2.1757778963504415	2064.5657074026235	1517.5124906462356	8.281359500096903
9.809874974072713	2.1749739515218525	2075.7238874809045	1528.6706707245164	8.30713915198472
9.800428188113782	2.174165013023349	2086.8820675591865	1539.828850802798	8.33283918965259
9.794253834507643	2.1733513161791818	2098.040247637467	1550.9870308810791	8.358460326915989
9.780222026185193	2.171710551817039	2120.3566077940295	1573.3033910376412	8.409468713078017
9.768991066881316	2.170883917061409	2131.51478787231	1584.4615711159224	8.434857347571228
9.763861902689438	2.1700533904569133	2142.672967950591	1595.6197511942034	8.46016975282772
9.757939051657734	2.169219168976841	2153.8311480288726	1606.7779312724847	8.485406662672212
9.747996489870339	2.16838144667365	2164.9893281071545	1617.936111350766	8.510568825393202
9.744630817700294	2.167540407039311	2176.1475081854355	1629.094291429047	8.535656897050874
9.738530220738983	2.166696228112234	2187.305688263716	1640.2524715073282	8.5606715260501
9.730743593244448	2.165849087305901	2198.463868341997	1651.4106515856095	8.585613353251775
9.724819707636355	2.1649991471240706	2209.622048420278	1662.5688316638903	8.61048301208221
9.717309272283583	2.1641465709206678	2220.7802284985596	1673.7270117421715	8.635281128640635
8.45366542002793	2.0773592830242733	2778.6892324126165	2231.6360156562287	9.795527282466148
8.352809614772568	2.05052936344448	3057.643734369645	2510.5905176132574	10.326917254796507
9.266076834438513	2.079511299683682	3336.598236326674	2789.545019570286	10.832288713289971
9.17822791278243	2.0606547173729357	3615.5527382837026	3068.4995215273148	11.315126223029118
9.105370598093673	2.0429431020290014	3894.507240240731	3347.454023484343	11.778198922320431
9.041959590420761	2.0263302082867343	4173.461742197759	3626.4085254413717	12.223752585714463
8.987506075122642	2.0107497389140323	4452.416244154787	3905.3630273984004	12.653636567695859
8.935166590691594	1.9961286017917401	4731.370746111816	4184.317529355429	13.069396464303725
8.887827676325397	1.9823936348342488	5010.325248068845	4463.272031312457	13.472338916506901
8.844721321761831	1.9694749059182741	5289.279750025875	4742.226533269486	13.863581356759541
7.858719667261061	1.9219757861940088	5568.234251982903	5021.181035226515	14.2440872450524
8.772280449007097	1.945830583678242	5847.18875393993	5300.1355371835425	14.614694806138074
8.739050463308276	1.9349903312773022	6126.14325589696	5579.090039140572	14.976138330963002
7.728999536002747	1.8791070522896283	6405.097757853988	5858.044541097601	15.329066039336325
7.663579623752637	1.85618417350345	6684.0522598110165	6136.9990430546295	15.674052776592132
7.591075639635717	1.830705426159557	6963.006761768044	6415.953545011657	16.011611570580932
8.626970518284782	1.8970668250003535	7241.961263725074	6694.908046968686	16.342202580088486
7.431208062895971	1.7748212088430255	7520.915765682103	6973.862548925715	16.66624030034104
8.58906228383064	1.880833778112612	7799.870267639131	7252.817050882743	16.984099578100466
8.565629616548925	1.8732897811693634	8078.82476959616	7531.771552839771	17.296120870018317
8.544830636166726	1.8660931264886482	8357.77927155319	7810.726054796801	17.602614507632424
8.528452873475418	1.8592208889732835	8636.73377351022	8089.6805567538295	17.903864394368902
8.51737188650352	1.8526521332968304	8915.688275467246	8368.635058710857	18.20013075930186
8.5003888195917	1.8463676966018667	9194.642777424275	8647.589560667886	18.491652754087934
8.483996072402503	1.8403500140329725	9473.597279381303	8926.544062624915	18.778651624933012
8.474712313531581	1.8345829533391267	9752.551781338332	9205.498564581943	19.061331441956288
8.457919677853482	1.829051675119273	10031.506283295359	9484.453066538972	19.339881644964912
8.446120498357466	1.8237425035558683	10310.460785252391	9763.407568496	19.6144778412633
8.439788465742186	1.8186428170930757	10589.41528720942	10042.36207045303	19.885283994437085
8.424861152836883	1.8137409467415413	10868.369789166447	10321.316572410058	20.15245262366396
8.418109281495951	1.8090260857257883	11147.324291123474	10600.271074367085	20.416126791520444