12.616258716453256	0.5980207880990116	202.1296407166339	11.158180078281145	123.12984598657874	201.90818829475404
12.687638600435253	0.6604589672818671	203.245546107449	12.273998086109259	143.15663185079316	203.01498198540705
12.767993487853007	0.7225542878572844	204.3613816376813	13.389816093937375	160.19736749365873	204.12109367671485
12.858331239138241	0.784050043721642	205.47720340664716	14.505634101765487	174.75592692011753	205.22652599655783
12.958766209545482	0.8447564925959486	206.59302290580257	15.621452109593601	187.38525760323532	206.331233378193
13.06499223895156	0.9045334386887154	207.70884123384906	16.73727011742172	193.90835984374152	207.43534984019612
13.17822644408807	0.9632780870404561	208.8246593023006	17.853088125249833	195.20363432467022	208.53879131414922
13.275857675275278	1.02091630943103	209.94047733711864	18.968906133077947	195.98998504285024	209.64253236379284
13.37853955984062	1.0773962056583954	211.0562953507984	20.084724140906058	196.66818037378277	210.7456792703029
13.48020637473528	1.132683259258341	212.1721133598114	21.200542148734172	197.24534040109623	211.84849228491106
13.579666451088146	1.1867566300340904	213.28793136815835	22.316360156562286	197.8125555164762	212.95102801984189
13.673695245522136	1.2396062828934036	214.40374937609337	23.4321781643904	198.36219732544097	214.0534549806475
13.769313245244717	1.2912307265998968	215.51956738394864	24.547996172218518	198.8879466048661	215.15542215556997
13.855842484667795	1.341635232862692	216.63538539178725	25.663814180046632	199.4207916039395	216.25749660543997
13.941745166759267	1.3908304083603167	217.75120339961734	26.779632187874743	199.94016602143418	217.35924235789994
14.024660660166402	1.4388310523837426	218.8670214074461	27.89545019570286	200.45293333230384	218.46079311676849
14.10500729344066	1.4856552326012529	219.98283941527447	29.011268203530975	200.95940060334704	219.56213656424558
14.180561654361568	1.5313235357942168	221.0986574231026	30.12708621135909	201.46541607318372	220.66341056905813
14.260330356686454	1.5758584623095158	222.21447543093075	31.242904219187203	201.9483357786125	221.76407001662758
14.326366731895185	1.6192839296380974	223.33029343875884	32.35872222701532	202.45533238950662	222.86525050106712
14.39323592787905	1.661624868293816	224.44611144658697	33.47454023484344	202.94912758181468	223.96605033664568
14.46042652090231	1.7029068928139388	225.56192945441506	34.590358242671556	203.4309250195153	225.06649558323852
14.52335273051812	1.7431560328649778	226.67774746224322	35.70617625049967	203.91369893946066	226.16690195526755
14.583600809524278	1.7823985145158259	227.79356547007131	36.82199425832778	204.39357222825203	227.2671742656331
14.64487247755472	1.8206605819033623	228.90938347789944	37.937812266155895	204.86001740644596	228.36704973457304
14.69790358133784	1.8579683541026515	230.02520148572754	39.053630273984005	205.34083426612145	229.46722059338293
14.7521694866846	1.8943477075882882	231.14101949355566	40.169448281812116	205.80826494928195	230.5669937678652
14.804117276216106	1.9298241855680986	232.25683750138373	41.28526628964023	206.27323177731532	231.66664139488736
14.85606271107492	1.9644229222126637	233.37265550921185	42.401084297468344	206.72871518830158	232.76598467896346
14.901660189004325	1.998168584009306	234.48847351703998	43.51690230529646	207.19540965974656	233.865549594022
14.947768098529107	2.0310853308395513	235.6042915248681	44.63272031312458	207.65165206818142	234.96478459149597
14.99318107132386	2.063196776222387	236.72010953269623	45.7485383209527	208.1014146919819	236.0637890185722
15.034759161993804	2.0945259661698494	237.83592754052435	46.86435632878081	208.5556300560186	237.1628445532819
15.0765394030564	2.1250953618516832	238.95174554835245	47.980174336608926	209.00083811292598	238.26160277980676
15.116095451188167	2.1549268293042876	240.06756355618054	49.095992344437036	209.44564600037927	239.36028632696238
15.153921122714781	2.1840416336953727	241.18338156400867	50.211810352265154	209.88866306567516	240.45885910641397
15.190813224400685	2.2124604388020024	242.2991995718368	51.327628360093264	210.32726535682525	241.5572517134588
15.226221221449485	2.2402033092886198	243.41501757966495	52.44344636792138	210.76368376988358	242.6555223869309
15.26039140268709	2.2672897155271787	244.53083558749302	53.559264375749486	211.19725171092955	243.75365314460217
15.293480446827107	2.293738541762652	245.64665359532114	54.6750823835776	211.6275907530617	244.8516333957537
15.324774398138294	2.3195680952594415	246.76247160314924	55.79090039140572	212.05770342979588	245.9495434635104
15.324774398138294	2.3195680952594415	246.76247160314924	55.79090039140572	212.05770342979588	245.9495434635104
15.332612432638323	2.3259308135952237	247.04142610510624	56.06985489336274	212.16407312432398	246.2239797584043
15.340343635660739	2.3322562108371496	247.3203806070633	56.348809395319776	212.27042321961738	246.49841152258992
15.347703758202334	2.3385445558637343	247.59933510902033	56.6277638972768	212.37781032661337	246.77286727137965
15.355248307000469	2.3447961172050893	247.87828961097736	56.90671839923384	212.48403478455916	247.0472876265456
15.362742015831572	2.3510111595036087	248.1572441129344	57.185672901190856	212.59003178364887	247.32169777739125
15.368518337177008	2.3571899461488144	248.43619861489142	57.464627403147894	212.7024937645849	247.5962793899676
15.377527553624258	2.3633327381536753	248.71515311684843	57.74358190510491	212.80154828482574	247.87049308663873
15.385997506680257	2.3694397941559995	248.99410761880546	58.02253640706195	212.90231109176648	248.14474874010043
15.390888735719333	2.375511372634612	249.2730621207625	58.301490909018966	213.01714150533164	248.41938336726042
15.39889620993162	2.3815477268290466	249.55201662271955	58.580445410976004	213.11892172521362	248.69365867563346
15.405888385370382	2.387549110253856	249.83097112467658	58.859399912933036	213.22441060839085	248.96803098223143
15.413408101092186	2.3935157735583754	250.10992562663358	59.13835441489007	213.32732270139041	249.2423287747853
15.419711224923908	2.399447965681741	250.3888801285906	59.41730891684709	213.43481267597076	249.51674784419612
15.426658353168259	2.4053459332568092	250.66783463054762	59.69626341880411	213.5392580656078	249.7910793272446
15.432542657391958	2.4112099210603257	250.94678913250465	59.975217920761146	213.6476900781384	250.06551647230287
15.44695098933358	2.417040172049009	251.22574363446168	60.25417242271817	213.72023655294512	250.33896410211585
15.446868857707177	2.4228369269297767	251.50469813641874	60.53312692467521	213.85272262165105	250.6140541450835
15.453432173009208	2.4286004246467865	251.78365263837574	60.812081426632226	213.95713133402506	250.88836878483727
15.46039447481682	2.4343309021027317	252.06260714033277	61.091035928589264	214.05946286732123	251.16262210246867
15.466854765499095	2.440028594385858	252.3415616422898	61.36999043054628	214.1635053206903	251.4369184688652
15.473357913721035	2.445693734442337	252.62051614424684	61.64894493250332	214.2669555719982	251.71119485822567
15.479518570308631	2.4513265539834745	252.89947064620387	61.927899434460336	214.37147322779666	251.9854965325172
15.494274626121017	2.4569272816697048	253.1784251481609	62.206853936417374	214.43889035035085	252.25876681037923
15.490543888968109	2.4624961456185424	253.4573796501179	62.4858084383744	214.5848937043145	252.53420981067953
15.499024187339325	2.468033371049977	253.73633415207496	62.76476294033144	214.6783029934833	252.8081912411453
15.504767829988152	2.473539181732956	254.015288654032	63.043717442288454	214.78305417361648	253.08248353220063
15.510709879727964	2.4790137997706547	254.294243155989	63.32267194424548	214.88658230684698	253.35673761911949
15.516832226190493	2.4844574453303947	254.57319765794603	63.60162644620251	214.98894334107283	253.6309553410404
15.522572408201283	2.489870336730217	254.85215215990306	63.88058094815954	215.09256605509228	253.90520476890143
15.52854215442385	2.495252690523441	255.1311066618601	64.15953545011656	215.1948358322333	254.17941179403152
15.538348861948759	2.5006047214885445	255.4100611638171	64.4384899520736	215.2798770453992	254.45313324206177
15.54051355913331	2.505926642734898	255.68901566577412	64.71744445403063	215.3980920838325	254.72777797394312
15.546146814072408	2.511218665563204	255.96797016773118	64.99639895598766	215.5007118550795	255.0019826760009
15.551877036117551	2.516480999499463	256.2469246696882	65.27535345794469	215.6025045124847	255.2761609908378
15.557397706017714	2.5217138524911555	256.5258791716452	65.5543079599017	215.70488796599005	255.55035104206624
15.562981834440354	2.5269174306792563	256.8048336736023	65.83326246185874	215.80658243266856	255.82451888971212
15.574460598162366	2.5372375788740986	257.36274267751634	66.3911714657728	216.0076045551275	256.3727722423418
15.57948668316399	2.5423545528238174	257.6416971794734	66.67012596772985	216.11068533592479	256.6469678788121
15.585122370354513	2.5474430600307123	257.9206516814304	66.94908046968686	216.21069106816336	256.9210718410564
15.590582939936777	2.5525032982706692	258.1996061833874	67.2280349716439	216.3111364957704	257.19518381920784
15.595569055345953	2.5575354638787204	258.47856068534446	67.50698947360091	216.41340919446637	257.46934269906063
15.600115669455452	2.5625397514421744	258.7575151873015	67.78594397555796	216.51731855063946	257.7435447466416
15.610014260039186	2.572465463311304	259.3154241912156	68.34385297947202	216.72049307274486	258.2918037442974
15.618848356125177	2.577387269034732	259.5943786931726	68.62280748142904	216.80360546535485	258.56540262390655
15.624178695259447	2.5822819596835234	259.8733331951296	68.90176198338607	216.90247560726263	258.83944519102624
15.62549455902869	2.587149722052063	260.15228769708665	69.1807164853431	217.01963326315143	259.11400515033796
15.631809189996483	2.5919907415132686	260.43124219904365	69.45967098730013	217.1132636922154	259.3878906101403
15.63652778954533	2.596805201872499	260.71019670100065	69.73862548925715	217.21396814939743	259.6619738405002
15.641635605549176	2.6015932854118073	260.9891512029577	70.01757999121418	217.31250945869692	259.9359912531716
15.64538194872359	2.60635517301833	261.2681057049147	70.29653449317121	217.41710582056243	260.2101780544728
15.651455655436346	2.611091044143807	261.5470602068718	70.57548899512823	217.51041074467364	260.48403739335436
15.656168298767653	2.6158010762578905	261.8260147088288	70.85444349708526	217.6097811155917	260.75806649203975
15.66065642218547	2.6204854461164993	262.10496921078584	71.13339799904229	217.70988084569237	261.03211258056814
15.665431810385586	2.625144329339498	262.38392371274284	71.41235250099933	217.80828211421192	261.30610587514184
15.670243947336271	2.629777898568529	262.6628782146999	71.69130700295635	217.90616948037555	261.58008034425796
15.671421224192462	2.6343863263566374	262.94183271665696	71.97026150491338	218.0211424446388	261.8545435338846
15.68220466473738	2.638969783450543	263.22078721861396	72.2492160068704	218.08969094031204	262.1276633115171
15.684076614213721	2.6435284393882488	263.499741720571	72.52817050882744	218.2007101727786	262.40200492086603
15.688409418077631	2.6480624616808517	263.778696222528	72.80712501078446	218.29957096213448	262.67599146938267
15.691046587104259	2.6525720178161354	264.0576507244851	73.08607951274149	218.4063380339966	262.9502031477279
15.697117198146243	2.6570572730097615	264.3366052264421	73.36503401469851	218.4961161143335	263.22391862042065
15.70155703550424	2.6615183905975703	264.6155597283991	73.64398851665555	218.59348296635207	263.4978499432342
15.704582072985954	2.6659555336099783	264.89451423035615	73.92294301861257	218.69745409154325	263.7719692575384
15.710251055387145	2.6703688632936555	265.17346873231315	74.20189752056959	218.78815049869416	264.04569862973494
15.714559410645794	2.6747585398183995	265.4524232342702	74.48085202252663	218.88519025431756	264.3196084041292
15.718678981239632	2.679124721674562	265.7313777362272	74.75980652448366	218.98284175042645	264.5935320166607
15.722738188143557	2.683467566601266	266.0103322381843	75.0387610264407	219.08047694468726	264.8674511944688
15.728648284084262	2.6877872308039574	266.2892867401413	75.31771552839771	219.1685933161091	265.14108809216003
15.731185163689215	2.692083868963097	266.56824124209834	75.59667003035476	219.27316799518198	265.41520220527366
15.735101039988947	2.6963576349404144	266.84719574405534	75.87562453231178	219.3705755511613	265.68910280284274
15.739252522418003	2.7006086811731924	267.1261502460124	76.1545790342688	219.46649231640032	265.9629557249449
15.743331938639315	2.704837158781237	267.4051047479694	76.43353353622582	219.56245654921634	266.2368060133983
15.747229148402866	2.7090432178915895	267.68405924992646	76.71248803818287	219.65902774168845	266.51067013377565
15.751066568334274	2.713227007278715	267.96301375188347	76.99144254013989	219.7555945267044	266.78453015808776
15.755775475552047	2.717388674557949	268.24196825384047	77.27039704209692	219.84735507634798	267.05824681182344
15.758908539592555	2.721528366116094	268.5209227557975	77.54935154405395	219.9468821438728	267.33218623519934
15.762741215213175	2.7256462273674624	268.79987725775453	77.82830604601098	220.04255186689446	267.60600798823884
15.772175204873763	2.729742402247867	269.07883175971153	78.10726054796801	220.10921961017834	267.8789681078389
15.770431804670467	2.7338170338265786	269.3577862616686	78.38621504992503	220.23284935881378	268.1536086935855
15.77369415801273	2.737870263748583	269.63674076362565	78.66516955188207	220.33054583508647	268.42747853450874
15.778235061646244	2.741902232813846	269.91569526558266	78.94412405383909	220.42134850936924	268.7011400232516
15.781568472641325	2.7459130805903373	270.19464976753966	79.22307855579612	220.51808521682153	268.9749734844813
15.784797602045492	2.749902945500433	270.4736042694967	79.50203305775315	220.6150760210331	269.24881062722716
15.788614692349578	2.7538719648324017	270.7525587714537	79.7809875597102	220.70871742641438	269.52254421902364
15.792070959362153	2.757820274985139	271.0315132734107	80.05994206166721	220.8039432600623	269.7963209669366
15.795549053487152	2.7617480109246846	271.3104677753678	80.33889656362425	220.89876389065037	270.0700816790002
15.797368790293813	2.7656553069327603	271.58942227732484	80.61785106558126	221.00201194282707	270.34409012105306
15.80555657442107	2.7695422959928204	271.86837677928185	80.89680556753831	221.07144390161943	270.6170840301453
15.805617469477866	2.773409110142507	272.14733128123885	81.17576006949533	221.18341440097163	270.891345706041
15.810619136964942	2.7772558802138008	272.4262857831959	81.45471457145234	221.2689992386063	271.1648138393282
15.812617791399003	2.7810827361345214	272.7052402851529	81.73366907340937	221.37021596065736	271.4387464060535
15.81603859412041	2.78488980688113	272.9841947871099	82.0126235753664	221.4636040916388	271.7124403481595
15.818190239851175	2.7886772202075374	273.263149289067	82.29157807732344	221.56349039835564	271.98632566092755
15.822200108820319	2.792445103088537	273.542103791024	82.57053257928045	221.65316375534366	272.25989999975786
15.825819610526988	2.7961935812872016	273.82105829298104	82.84948708123748	221.74463116200917	272.53352415889384
15.829127103854136	2.799922779723033	274.10001279493804	83.12844158319453	221.83748790298392	272.8071861203916
15.8321315880897	2.8036328222572693	274.3789672968951	83.40739608515156	221.93169955237556	273.08088499304097
15.83517237577522	2.807323831945493	274.6579217988521	83.68635058710858	222.02544039388738	273.3545657218456
15.837753718516455	2.8109959306286214	274.93687630080916	83.96530508906562	222.1214040703104	273.6283097971518
15.844402447497485	2.8146492392867697	275.21583080276616	84.24425959102264	222.19493481370904	273.90137032610875
15.844726000920964	2.8182838780059325	275.49478530472317	84.52321409297967	222.3026579817421	274.1754628635547
15.847681863493737	2.821899966046215	275.7737398066803	84.80216859493669	222.3957603615873	274.44910839398347
15.850021569130366	2.825497621531575	276.0526943086373	85.08112309689372	222.49197782890312	274.72284468614475
15.85370994366109	2.8290769615083473	276.33164881059434	85.36007759885075	222.58051075907997	274.9963433796758
15.858011571038679	2.8326381026672487	276.61060331255135	85.63903210080777	222.66536266875843	275.269725679503
15.858918489671868	2.8361811602997546	276.88955781450835	85.9179866027648	222.76871240281827	275.543667747727
15.862339518841452	2.839706248324419	277.1685123164654	86.19694110472183	222.85788645264046	275.81717372995655
15.866700666585107	2.8432134824133493	277.4474668184224	86.47589560667886	222.94154024441798	276.0905067931537
15.868100164299863	2.8467029733944926	277.7264213203794	86.75485010863589	223.0414237584635	276.36433202178705
15.870839030159537	2.8501748337855126	278.0053758223365	87.03380461059292	223.1335840037474	276.6379172060552
15.873760425945926	2.8536291747202642	278.2843303242935	87.31275911254995	223.2244569436879	276.91145897448183
15.876975868692414	2.857066106352031	278.56328482625054	87.59171361450699	223.313406917962	277.1849376880285
15.878725230568183	2.8604857380155444	278.84223932820754	87.870668116464	223.41035606324814	277.45865813814953
15.882162301872311	2.8638881782757935	279.1211938301646	88.14962261842105	223.4975217588407	277.732073961051
15.88480423741621	2.8672735347436444	279.4001483321216	88.42857712037807	223.5889171039647	278.00561583690114
15.890245016288219	2.8706419142876487	279.6791028340786	88.70753162233508	223.66413134400955	278.27865474505575
15.890169528508444	2.8739934229558264	279.9580573360357	88.98648612429211	223.77046918354324	278.55264952809546
15.892954796354083	2.877328165909957	280.2370118379927	89.26544062624914	223.86027000485404	278.82613027722573
15.894683971424136	2.8806462475892807	280.5159663399497	89.54439512820618	223.95586441057876	279.099786245758
15.89802784790069	2.8839477715742237	280.7949208419068	89.8233496301632	224.04194696322057	279.3731439846839
15.900507136156614	2.8872328406438177	281.0738753438638	90.10230413212022	224.13273474431912	279.64664335346976
15.902950110157	2.8905015570197077	281.35282984582085	90.38125863407727	224.22348071222547	279.9201374900912
15.905674545325324	2.893754021781792	281.63178434777785	90.6602131360343	224.31234592106415	280.19356925594855
15.907904194399569	2.896990335296436	281.91073884973486	90.93916763799132	224.40382637348637	280.4670783280443
15.908981638245214	2.9002105976998274	282.1896933516919	91.21812213994835	224.50177215970047	280.74078486517465
15.917175935700595	2.903414907560785	282.4686478536489	91.49707664190538	224.55796464193574	281.01318626883057
15.915168936588763	2.906603363200705	282.747602355606	91.77603114386241	224.6734388466229	281.2874316999542
15.917742068509183	2.9097760621673046	283.026556857563	92.05498564581943	224.7619236708036	281.5608316186637
15.920151707790827	2.9129331011722157	283.30551135952004	92.33394014777646	224.85111769293673	281.8342496866505
15.921687401750527	2.9160745760876554	283.58446586147704	92.61289464973349	224.94521776030902	282.1078173846636
15.92437433191284	2.919200582343256	283.86342036343416	92.89184915169052	225.03229119461164	282.3811612105728
15.927559562739491	2.9223112143452714	284.14237486539116	93.17080365364754	225.11615656549262	282.6544002704788
15.929210245333975	2.925406566095502	284.42132936734816	93.44975815560458	225.20886943792402	282.9279129330835
15.93176933653634	2.928486730466216	284.7002838693052	93.7287126575616	225.29594818543492	283.2012447236516
15.934125567895737	2.93155180049846	284.9792383712622	94.00766715951863	225.3839878275978	283.4746026844803
15.936088329990312	2.934601867354914	285.2581928732193	94.28662166147566	225.47413856007645	283.74802316820126
15.93832617467483	2.9376370222702906	285.5371473751763	94.56557616343271	225.56240659835672	284.02138040518946
15.939541127118417	2.9406573555735123	285.8161018771333	94.84453066538973	225.65658746868172	284.29492039712306
15.942635592186223	2.943662957084564	286.09505637909035	95.12348516734676	225.73922566304378	284.56809191579777
15.94365176096335	2.946653915744906	286.37401088104735	95.40243966930377	225.83416174637756	284.8416482967885
15.945697169857418	2.9496303199960474	286.6529653830044	95.68139417126082	225.92265819637234	285.11499716329536
15.948962558354014	2.952592257441677	286.9319198849614	95.96034867321784	226.0035110402442	285.38809968479416
15.952354080912016	2.95553981528562	287.2108743869184	96.23930317517487	226.08332681896957	285.6611648279251
15.95322678309606	2.9584730798286194	287.4898288888755	96.51825767713188	226.1782448032355	285.93470550393795
15.95513988402671	2.961392136849518	287.7687833908325	96.79721217908893	226.2665992917584	286.2080338676361
15.956023424303087	2.964297071516545	288.0477378927895	97.07616668104595	226.36104033286182	286.481552193291
15.961356193679407	2.967187968407909	288.3266923947466	97.35512118300298	226.42792929491907	286.7541884925772
15.961274159404605	2.9700649112686848	288.6056468967036	97.63407568496	226.5278609991905	287.02787422414883
15.963054911564262	2.9729279834994897	288.88460139866066	97.91303018691704	226.61611648859162	287.30118373459425
15.965049191192472	2.975777267624183	289.16355590061767	98.19198468887407	226.70282663004303	287.5744399349434
15.966973609716728	2.9786128457619867	289.44251040257467	98.47093919083109	226.78974130373027	287.84769871084933
15.968808582437667	2.981434799931794	289.72146490453173	98.74989369278813	226.8769857384714	288.1209641055386
15.970508913093784	2.984243209083568	290.00041940648873	99.02884819474517	226.9648460490573	288.3942453419709
15.971369765008493	2.9870381553733094	290.27937390844573	99.30780269670218	227.0577347162793	288.6676842328988
15.974378111329	2.989819718012041	290.5583284104028	99.58675719865921	227.13697219326127	288.9406806142966
15.975943092854239	2.9925879757882967	290.8372829123598	99.86571170061625	227.22501775603763	289.21395609988315
15.976737928233634	2.9953430073625444	291.1162374143168	100.14466620257328	227.3176971345036	289.48737707479836
15.979865021308258	2.9980848910605618	291.39519191627386	100.4236207045303	227.39546717656947	289.76031356723274
15.981581814942698	3.000813702823681	291.67414641823086	100.70257520648732	227.48189733683526	290.03352520857186
15.987145726312203	3.0035295209418686	291.9531009201879	100.98152970844436	227.5437182998551	290.30593725216755
15.984916176149936	3.006232421139983	292.2320554221449	101.26048421040139	227.65473323358776	290.5799359422552
15.98696752906187	3.0089224790790103	292.51100992410204	101.5394387123584	227.73837950081082	290.8530456488519
15.988895469569018	3.011599769941443	292.78996442605904	101.81839321431544	227.82258620703914	291.126169441867
15.989787287735549	3.014264368315675	293.0689189280161	102.09734771627247	227.9131993683157	291.39949718387044
15.991470241588582	3.01691634824503	293.3478734299731	102.3763022182295	227.99854579520905	291.67265015986607
15.993451386889467	3.0195557831461235	293.62682793193017	102.65525672018653	228.08175961159938	291.94572980439
15.994578586822563	3.0221827461574504	293.90578243388717	102.93421122214357	228.1702511167	292.2189772451582
15.996241352355534	3.0247973095971874	294.1847369358442	103.21316572410059	228.25508525704788	292.4921017294327
15.997164839396833	3.027399545928554	294.46369143780123	103.49212022605762	228.34448994187107	292.76537141426076
15.9999766467264	3.0299895255993015	294.74264593975823	103.77107472801464	228.42145263221622	293.0382309786167
16.00145899990224	3.032567320304812	295.0216004417153	104.05002922997168	228.50681157188714	293.3113606530058
16.002779763064414	3.0351330001734933	295.3005549436723	104.3289837319287	228.59301530652942	293.58451408323765
16.005587804060564	3.0376866351218728	295.5795094456293	104.60793823388573	228.66930214902308	293.85733865523906
16.005754022293736	3.04022829471533	295.85846394758636	104.88689273584275	228.76263547388734	294.1307179957895
16.007462054702938	3.042758047591164	296.13741844954336	105.16584723779978	228.84568488866904	294.4037562489094
16.009813378395453	3.0452759622793897	296.41637295150036	105.4448017397568	228.9242907521676	294.67664437799164
16.00980148358629	3.0477821068163946	296.6953274534574	105.72375624171383	229.01823772577248	294.95003307817797
16.012106377412284	3.0502765484824987	296.9742819554145	106.00271074367086	229.0967205238421	295.22290903872334
16.013430582164858	3.052759354442335	297.2532364573715	106.2816652456279	229.1814643412175	295.49598716335987
16.01487076418893	3.0552305908202073	297.5321909593285	106.56061974758492	229.26523739361457	295.7690293556222
16.01601155579958	3.0576903240365043	297.81114546128555	106.83957424954195	229.3507964719114	296.04212663102163
16.017615437690203	3.0601386194503433	298.09009996324255	107.11852875149897	229.4330743923942	296.31511154450493
16.018090736234367	3.062575542188911	298.3690544651996	107.39748325345602	229.52268015963114	296.5883351017864
16.020338421285544	3.0650011566724924	298.6480089671566	107.67643775541303	229.60024865406342	296.8611560937298
16.021792501288505	3.0674155277178037	298.9269634691137	107.95539225737006	229.6829129632404	297.13414185221325
16.022931668551852	3.06981871839215	299.2059179710707	108.2343467593271	229.7674905316698	297.4071871895271
16.024111034799855	3.0722107922468855	299.48487247302774	108.51330126128413	229.85160323594022	297.68021322579267
16.025791068164924	3.074591811886075	299.76382697498474	108.79225576324114	229.9321408625948	297.95311638375836
16.026720174135004	3.0769618400251364	300.04278147694174	109.07121026519818	230.0175497881634	298.2261777674089
16.027753944912604	3.079320938460321	300.3217359788988	109.3501647671552	230.1020619280268	298.49920547296506
16.029409702837	3.081669168675382	300.6006904808558	109.62911926911224	230.18215768774309	298.7720818888172
16.029946319966076	3.0840065918996014	300.8796449828129	109.90807377106927	230.26966667585774	299.04520199143
16.031927459116666	3.086333268694874	301.1585994847699	110.1870282730263	230.3471428876615	299.31798279079993
16.03318799279062	3.088649259299773	301.4375539867269	110.46598277498333	230.42933052884746	299.5909171223023
16.033758760178095	3.0909546235835292	301.716508488684	110.74493727694036	230.5160501158446	299.86399946470425
16.03552532771025	3.09324942098419	301.995462990641	111.02389177889738	230.59438165181268	300.1367966351884
16.036735357159657	3.0955337103611615	302.27441749259805	111.30284628085441	230.67633404269995	300.4097112654446
16.040256869593517	3.097807550479406	302.55337199455505	111.58180078281144	230.7421498561025	300.68207916676323
16.073956347938022	3.1808183122084053	313.71155207283624	122.73998086109259	233.96571703965176	311.5934269894439
16.095418179767243	3.25038891310101	324.8697321511174	133.89816093937375	237.01233162658735	322.4923400982977
16.103564456545858	3.3090311487038937	336.02791222939857	145.0563410176549	239.92802702465661	333.3802555613664
16.10227491732009	3.3586988958708086	347.18609230767976	156.21452109593602	242.7138651888989	344.2570604667383
16.09389564371755	3.400930547540133	358.34427238596083	167.37270117421716	245.3749265920332	355.1227870339866
16.07953134606978	3.436950883156596	369.50245246424197	178.53088125249832	247.92532199692218	365.97785185950914
16.060758400757624	3.467744962122717	380.6606325425232	189.68906133077948	250.36811479476938	376.8222435120876
16.037586622647108	3.4941124519659414	391.8188126208043	200.84724140906062	252.72045740005973	387.6565843497375
16.013495500018706	3.516708084696902	402.97699269908543	212.00542148734172	254.95719748417352	398.4796026490302
15.986808173251598	3.5360721462634537	414.1351727773665	223.16360156562288	257.1091632840029	409.2925533515862
15.957348213407379	3.5526537098538653	425.29335285564764	234.32178164390402	259.1905431488145	420.0960326566118
15.927484323966826	3.5668285279361327	436.4515329339289	245.47996172218518	261.1809518248212	430.88893232332623
15.895502207074806	3.57891294348423	447.6097130122099	256.63814180046626	263.1115907262003	441.67273077161946
15.423395263484341	3.588494782820744	458.7678930904911	267.79632187874745	271.3874067270196	452.78838966496664
15.398361720126283	3.597377706956576	469.92607316877223	278.9545019570286	273.27570652487947	463.5680416113884
15.372630686937613	3.6049049076317123	481.08425324705337	290.1126820353098	275.0947687127355	474.3382313787988
15.346309481205736	3.6112055713204754	492.24243332533456	301.2708621135909	276.8488457386255	485.09909524769057
15.73479310964297	3.6160940987475603	503.4006134036156	312.429042191872	271.66419893075914	495.44121905142384
15.702253800905817	3.620080516728512	514.5587934818968	323.58722227015323	273.19604284723823	506.1662650359371
15.26293995831382	3.62314251572592	525.716973560178	334.74540234843437	281.7890958166702	517.3287894050051
15.235372086247896	3.625711236697213	536.8751536384591	345.9035824267155	283.3162368933419	528.0534399199763
15.207766638221187	3.6276004433049587	548.0333337167402	357.06176250499664	284.79189527020264	538.7691460127746
15.180183553053341	3.628880907404031	559.1915137950214	368.21994258327777	286.2183169972218	549.4759723838098
15.541206603090933	3.628951379429522	570.3496938733025	379.37812266155896	280.1186621955555	559.6534740350284
15.125271489221896	3.6298561612335143	581.5078739515837	390.5363027398401	288.93191334485164	570.8632398814306
15.098014726957738	3.6296534557363964	592.6660540298649	401.69448281812123	290.22307919450236	581.5438060014943
15.448760831751946	3.6279525571805755	603.8242341081459	412.85266289640236	283.7245417510768	591.6359516559695
15.419433621239145	3.6268744028390065	614.9824141864269	424.01084297468344	284.82703389537636	602.2776645585116
15.390952048423841	3.6254864918354195	626.1405942647082	435.16902305296463	285.8878840217478	612.9096317377438
15.359117031121414	3.623820535524591	637.2987743429893	446.32720313124577	286.9928478364991	623.5392055698687
15.331000510745561	3.6219049216220514	648.4569544212704	457.48538320952696	287.9940784901135	634.1542812930431
15.302520159230058	3.6197651094342844	659.6151344995516	468.64356328780804	288.97943820699624	644.7619679991976
15.274545203982287	3.6174239706189812	670.7733145778328	479.8017433660893	289.9315647453219	655.3607550316667
15.24668382657699	3.6149020859509986	681.931494656114	490.95992344437036	290.86034761168435	665.9514637071198
15.21940294179993	3.612218002831115	693.0896747343951	502.1181035226515	291.75630104989216	676.533198381847
15.19280133546893	3.6093884604783324	704.2478548126762	513.2762836009326	292.6172609389433	687.1057207933595
14.804676967613439	3.6053413422421974	715.4060348909574	524.4344636792138	302.24902641184826	698.4902156100417
14.7800646872177	3.602145189894288	726.5642149692385	535.5926437574949	303.1522367608568	709.0719183222296
15.113804200609593	3.6001713140195157	737.7223950475197	546.7508238357761	295.09185140388615	718.7755894254334
14.731643553655854	3.5953878657238993	748.8805751258008	557.9090039140572	304.88428758526373	730.2114864891374
14.707828327977545	3.5918465623747116	760.038755204082	569.0671839923383	305.71509906582054	740.7694532029069
14.68427849533007	3.5882091008387738	771.1969352823631	580.2253640706195	306.52349919011203	751.3195917157714
15.014608735146584	3.586615952536826	782.3551153606443	591.3835441489007	298.0220141078829	760.8829066373478
14.9898515861863	3.583063522955326	793.5132954389254	602.5417242271818	298.72286325338973	771.3914350537895
14.966512319955706	3.57946073964377	804.6714755172065	613.699904305463	299.3759251558939	781.8886819244243
14.945151645052455	3.5758139915370837	815.8296555954875	624.858084383744	299.96586342465116	792.3726474012567
14.924026449283975	3.572129109756958	826.9878356737688	636.0162644620251	300.5386681755272	802.848395616154
14.898428661544274	3.568411416210504	838.14601575205	647.1744445403064	301.2225085707994	813.3312818721201
14.876273359965056	3.56466577659513	849.304195830331	658.3326246185874	301.79869985540194	823.7961573572028
14.854338997448549	3.5608966341405477	860.4623759086121	669.4908046968686	302.36776907209503	834.2532407466421
14.486978390109474	3.555732480395834	871.6205559868932	680.6489847751498	312.81160115927827	845.9143343604924
14.81156563775105	3.5533037540875534	882.7787360651745	691.8071648534309	303.45257162630406	855.1425912672643
14.790726972862629	3.549487137535137	893.9369161434555	702.965344931712	303.96888161080125	865.5748344893602
14.76995639019074	3.5456613170075633	905.0950962217366	714.1235250099932	304.4766920004571	875.999911602369
14.748981098612912	3.5418291431693794	916.2532763000179	725.2817050882744	304.9843701402505	886.4189706872866
14.72956470394588	3.5379932253730737	927.4114563782989	736.4398851665554	305.4410205378439	896.8250278508908
14.70986919210904	3.534155952551941	938.5696364565803	747.5980652448367	305.9001285057296	907.2253194344538
14.690322441173947	3.530319511631022	949.7278165348614	758.7562453231178	306.34963841131196	917.6181982997429
14.671101255621268	3.526485904553359	960.8859966131425	769.914425401399	306.784582771332	928.0029318608078
14.652167962998133	3.5226569634387466	972.0441766914236	781.07260547968	307.2062812029174	938.379669117176
14.633504446967613	3.5188343643915827	983.2023567697047	792.2307855579612	307.6154793649458	948.7484832032774
14.61536546322424	3.515019640507425	994.3605368479859	803.3889656362423	308.0045773488804	959.1081720260984
14.596675922322637	3.5112141931526373	1005.5187169262671	814.5471457145234	308.40671326211555	969.4638079292336
14.578754681098376	3.507419302660374	1016.6768970045482	825.7053257928047	308.7816676584847	979.8091703228399
14.561142590574638	3.5036361379794374	1027.8350770828295	836.8635058710857	309.1436181210134	990.1463881022464
14.543617056042791	3.4998657652801146	1038.9932571611105	848.0216859493669	309.49968312190293	1000.4765783057254
14.526513873082086	3.4961091563816438	1050.151437239392	859.1798660276481	309.8394845413633	1010.798019765651
14.170478827866862	3.488761608745922	1061.3096173176727	870.3380461059293	321.2577170293548	1022.9179835494982
14.157192253031534	3.4865229920229703	1072.4677973959538	881.4962261842104	321.53433644694496	1033.2456230702087
14.138486961947539	3.4815603068611307	1083.625977474235	892.6544062624915	321.99049447045695	1043.596153504335
14.124632420636761	3.478865217422653	1094.7841575525163	903.8125863407726	322.2787279556305	1053.913816317273
14.108618094327653	3.475050032405904	1105.9423376307975	914.9707664190539	322.6374667082574	1064.2372059340107
14.09277556498534	3.4712445037597965	1117.1005177090788	926.128946497335	322.98761358401686	1074.5534939158824
14.077101121779009	3.4674490266081452	1128.25869778736	937.2871265756161	323.3294378729948	1084.8627066723318
14.061590999905617	3.4636638888300997	1139.4168778656408	948.4453066538972	323.6632054784416	1095.164871326847
14.046241668977853	3.4598894123403667	1150.5750579439223	959.6034867321786	323.98916896485144	1105.4600140021766
14.031049485146388	3.456125792361072	1161.7332380222033	970.7616668104596	324.3075801427381	1115.7481619346624
14.01601110716492	3.452373296005238	1172.8914181004843	981.9198468887407	324.6186754423607	1126.029340894738
14.00111733032834	3.4486294122771866	1184.0495981787656	993.0780269670219	324.9228992128876	1136.3036159420808
13.986356004379264	3.444890258966988	1195.2077782570468	1004.236207045303	325.2208027619256	1146.5710758307966
13.971737126859102	3.4411621132096464	1206.365958335328	1015.3943871235842	325.51212997748706	1156.8316615669917
13.957257740879237	3.4374451759998963	1217.5241384136089	1026.552567201865	325.7970877183019	1167.085398601477
13.94291462730143	3.4337394730836417	1228.68231849189	1037.7107472801463	326.0758887732439	1177.3323146191985
13.928520489152344	3.4299616229578906	1239.8404985701711	1048.8689273584273	326.35556612827446	1187.5737753918647
13.914168612152048	3.426156021147215	1250.9986786484524	1060.0271074367085	326.6328293835769	1197.8091695586702
13.899925320491455	3.422354221473216	1262.1568587267336	1071.1852875149898	326.90532476919475	1208.0380386055494
13.885772019366984	3.418549229685424	1273.3150388050146	1082.3434675932708	327.1738393852406	1218.2605388202414
13.871704484512543	3.4147405199606924	1284.4732188832959	1093.501647671552	327.4386252332559	1228.476723535686
13.85773665032069	3.4109356125823727	1295.631398961577	1104.659827749833	327.6992427026797	1238.6865033058705
13.84384140246762	3.40712367219975	1306.789579039858	1115.8180078281143	327.95680320068635	1248.8901120359458
13.830018694926405	3.40330593548103	1317.9477591181394	1126.9761879063956	328.2113950375089	1259.0875753156047
13.816304858015352	3.399499621923324	1329.1059391964206	1138.1343679846766	328.4617022459144	1269.2786137093362
13.802624543116966	3.3956726106200206	1340.2641192747014	1149.2925480629576	328.71069573887274	1279.463876712336
13.789050670104189	3.391858112009048	1351.422299352983	1160.450728141239	328.9556383510547	1289.6427732118984
13.775507419492083	3.388023915739242	1362.5804794312642	1171.6089082195201	329.1995369633782	1299.8159779952316
13.7620596430031	3.384199438618948	1373.738659509545	1182.7670882978011	329.43993960397023	1309.9829511378482
13.748677645319928	3.380372654268474	1384.8968395878262	1193.9252683760824	329.67806319889917	1320.1439736323482
13.753602718134974	3.3844099719415186	1396.055019666107	1205.0834484543634	329.2024841137236	1330.130086645749
13.7463929456463	3.3831327164229075	1407.2131997443885	1216.2416285326447	329.1969940042107	1340.2196553191416
13.72675801758431	3.3765439680014904	1418.3713798226697	1227.399808610926	329.67638237969385	1350.4207863555177
13.72263490954239	3.376508728996151	1429.529559900951	1238.557988689207	329.5490018452161	1360.468162176999
13.710874407428681	3.373204280050579	1440.6877399792318	1249.716168767488	329.7206487061042	1370.5828401637855
13.699197637598763	3.3699078755723924	1451.8459200575132	1260.8743488457694	329.88928175554196	1380.691103330635
13.68759540041676	3.3666163655831602	1463.0041001357945	1272.0325289240504	330.05530406643345	1390.7930541974558
13.654511787023042	3.3542434774489007	1474.1622802140753	1283.1907090023315	331.0820918653351	1401.1118849507623
13.64202457412431	3.3505507121851816	1485.3204602923565	1294.3488890806127	331.28828886242127	1411.2155751549944
13.64994109473353	3.35540169058162	1496.4786403706375	1305.5070691588937	330.66924621809676	1421.0961347516397
13.638429682481142	3.3520532581453866	1507.6368204489188	1316.665249237175	330.8342387486537	1431.1758232452478
13.626983928736376	3.348709671715536	1518.7950005272	1327.8234293154562	330.9972441268761	1441.249424526287
13.615600638134355	3.345370207171919	1529.953180605481	1338.9816093937372	331.1584264194808	1451.3169878628366
13.604248262311293	3.3420223768358412	1541.1113606837619	1350.1397894720183	331.3191040469006	1461.3788835040043
13.592970461934524	3.3386848883791935	1552.2695407620436	1361.2979695502997	331.4775389835087	1471.4346419572291
13.581742727517014	3.335348137847257	1563.4277208403244	1372.4561496285808	331.6347600748528	1481.4845552065672
13.570540353952184	3.332002505276798	1574.5859009186056	1383.6143297068618	331.7918183489955	1491.5289330350956
13.559416106247415	3.3286702757244804	1585.7440809968869	1394.772509785143	331.94657231485064	1501.567177377205
13.548320839783406	3.3253317346010824	1596.9022610751679	1405.930689863424	332.10107810569735	1511.5998868283361
13.537255686913268	3.3219878939287177	1608.0604411534491	1417.0888699417053	332.25532417346363	1521.6270759908966
13.52623220438348	3.3186440013075997	1619.2186212317301	1428.2470500199865	332.4088598817445	1531.6486297843921
13.515190199769211	3.3152759937285765	1630.3768013100114	1439.4052300982676	332.5642374771615	1541.6653309307742
13.504163972029243	3.3118984346091644	1641.5349813882926	1450.5634101765488	332.7200615842776	1551.676789083581
13.493180680565068	3.3085228603346057	1652.6931614665739	1461.72159025483	332.87521674511925	1561.6826868466862
13.482226391383023	3.3051440471096467	1663.851341544855	1472.879770333111	333.0303127382925	1571.6832265240955
13.471294480776084	3.3017597565888046	1675.0095216231362	1484.0379504113923	333.1856543686539	1581.6785225684505
13.460398923636026	3.2983760745588504	1686.1677017014172	1495.1961304896734	333.34066975597176	1591.6684165688662
13.449509265677747	3.294981119248744	1697.3258817796982	1506.3543105679544	333.49667872027607	1601.65334560367
13.438670942277572	3.2915936227619174	1708.4840618579794	1517.5124906462356	333.6517594723723	1611.6327201233673
13.427846077587764	3.2881987066178335	1719.6422419362602	1528.6706707245164	333.80755028056774	1621.6070831338293
13.41702025848485	3.2847909970030393	1730.8004220145417	1539.828850802798	333.96469426326314	1631.5766718929897
13.40625373568044	3.2813950307768756	1741.958602092823	1550.9870308810791	334.12061091484213	1641.5406631699016
13.39549681671613	3.2779912361666446	1753.116782171104	1562.14521095936	334.277457931	1651.4997864677555
13.759028194011059	3.296592022391517	1764.274962249385	1573.3033910376412	319.0814830951023	1655.889419434052
13.374028966880054	3.271168490592149	1775.4331423276662	1584.4615711159224	334.5932690970864	1671.4033113322996
13.363313719903436	3.267748516198452	1786.5913224059475	1595.6197511942034	334.7524523365945	1681.3478400437073
13.352623334146719	3.264328181679569	1797.7495024842285	1606.7779312724847	334.9119637694076	1691.287400242332
13.341938041942626	3.26089995672056	1808.9076825625098	1617.936111350766	335.07268068419546	1701.2223224543525
13.717475985934005	3.284287769686905	1820.065862640791	1629.094291429047	319.23180688483313	1705.0505811200776
13.710110897449333	3.281875307368728	1831.224042719072	1640.2524715073282	319.2276679610783	1714.8502111016037
13.702278346588342	3.279478649409142	1842.382222797353	1651.4106515856095	319.24313686466644	1724.65143927766
13.694766529769424	3.2770976581766	1853.5404028756343	1662.5688316638903	319.24691235144155	1734.4415144294837
13.686137584055004	3.274732197095128	1864.6985829539153	1673.7270117421715	319.29639164344974	1744.2443810681484
13.3723834789312	3.1735481850741296	2422.607586867973	2231.6360156562287	318.3447282018378	2224.871690537983
12.837331692109652	3.0982391595399763	2701.562088825002	2510.5905176132574	335.8304483095616	2473.003747090131
13.15757233154329	3.0977300798145753	2980.5165907820297	2789.545019570286	316.02701997606977	2688.7533561571813
13.07434945764053	3.0665829437827172	3259.4710927390593	3068.4995215273148	314.59133286076474	2914.589202483554
13.002403323506947	3.038950820970088	3538.425594696087	3347.454023484343	313.0795004738878	3136.486231449508
12.94160278155772	3.0142840640621196	3817.3800966531157	3626.4085254413717	311.5507930136826	3354.3816769911614
12.53637314125886	2.984876425995867	4096.334598610144	3905.3630273984004	325.57039723055624	3594.3059777573712
12.465902886029548	2.9576546994971022	4375.289100567173	4184.317529355429	325.1764848189763	3809.8189466777144
12.39202979260942	2.9293962269244576	4654.2436025242005	4463.272031312457	325.27529198752336	4023.0305840139804
12.311085499949144	2.898989134562619	4933.19810448123	4742.226533269486	326.00833803066297	4234.579710188022
12.73291234490351	2.92261053029059	5212.152606438258	5021.181035226515	305.20942020333064	4387.160213265351
12.704656076089144	2.9088634714651005	5491.107108395286	5300.1355371835425	304.0211031784086	4582.7289028113255
12.679153669606254	2.896242155389771	5770.061610352314	5579.090039140572	302.70738526193594	4774.811482092942
12.657285541599515	2.884624371872497	6049.016112309343	5858.044541097601	301.57271300609926	4963.289505352159
12.194982009591797	2.8425168079531975	6327.970614266373	6136.9990430546295	319.1884770000858	5218.9406578552
12.140262231628636	2.821436923568292	6606.9251162234	6415.953545011657	319.7954984277227	5412.434590024131
12.603549611860188	2.854810675572794	6885.879618180429	6694.908046968686	298.6284192628553	5508.5211741040075
12.589563206015024	2.84628761720313	7164.834120137458	6973.862548925715	297.9149992510869	5683.543089871931
12.576897010768885	2.838363767040003	7443.788622094487	7252.817050882743	296.98781449764044	5855.3874213591325
12.56497227698688	2.8309857211716554	7722.743124051514	7531.771552839771	296.1408135363671	6024.193520072195
12.555336233311227	2.8241061915868886	8001.697626008543	7810.726054796801	295.31867061788546	6189.629364439318
12.546316251011373	2.817683148118065	8280.652127965574	8089.6805567538295	294.5833852737885	6352.082631322874
12.097497583910137	2.7850234180302933	8559.606629922602	8368.635058710857	311.47404132263273	6628.901600939619
12.050263795170075	2.767277958584307	8838.56113187963	8647.589560667886	312.40375970514947	6802.8896276944215
12.523890893377226	2.8007972003124695	9117.515633836658	8926.544062624915	292.9042477139308	6821.603395457611
12.518895487494591	2.7958620982144855	9396.470135793686	9205.498564581943	291.96861312060344	6971.961689070801
12.127201150849508	2.783132783892232	9675.424637750715	9484.453066538972	306.0522282289952	7245.586379605709
12.107875608326413	2.7744581998832603	9954.379139707744	9763.407568496	306.01800425370476	7401.432347679767
12.083246851182233	2.7642116571180746	10233.333641664773	10042.36207045303	306.26120972397916	7557.11496582768
12.054773952485961	2.7528559056117947	10512.288143621801	10321.316572410058	306.71104664305875	7712.3999146482565
12.021238529539229	2.740016921226444	10791.242645578828	10600.271074367085	307.4082162621198	7867.999121713548
