12.89646427402759	0.5737748392649274	238.19704723903948	11.158180078281145	111.77079880083389	235.87604248131254
12.855517137436209	0.6104163122553253	246.25135391545624	12.273998086109259	121.58382647201677	243.89990617666666
12.830119271363774	0.6452419656213644	253.8756863699147	13.389816093937375	128.59024102512618	251.4859723387094
12.811803567802443	0.6784292352898298	261.1205345880094	14.505634101765487	134.0755108205037	258.699072071319
12.799168007824308	0.7101288671822683	268.03552337738387	15.621452109593601	139.18462111387979	265.5766962401486
12.78250488454657	0.7404701647429879	274.6554110821607	16.73727011742172	144.16187325803548	272.1637533421342
12.768061610257035	0.7695650760591686	281.01103454874027	17.853088125249833	148.8900301701157	278.4869074784712
12.76389604616317	0.797511295031788	287.1298151941708	18.968906133077947	153.20162815450306	284.5669264299466
12.758226941529987	0.8243946541554148	293.02911735464625	20.084724140906058	157.3815066317224	290.4352673054525
12.75162727203254	0.8502910492097194	298.7340566232112	21.200542148734172	161.42478368574342	296.1037409822018
12.749754315722324	0.8752680190632487	304.25528352125946	22.316360156562286	165.21943704120974	301.5916611636511
12.746497768675882	0.8993860195549876	309.6101539312979	23.4321781643904	168.91029029243117	306.91438837166413
12.744081458176943	0.9226993373159998	314.81124583897	24.547996172218518	172.46156328025745	312.08284346850735
12.74186951362442	0.9452570021062813	319.86943131259045	25.663814180046632	175.89524132496004	317.1082497747428
12.739666236050201	0.9671034642606998	324.79477152911227	26.779632187874743	179.2228792899746	322.0008297619921
12.73545260804647	0.9882791865300173	329.5965865301961	27.89545019570286	182.50207779862086	326.77087006501966
12.733106644092928	1.00882109082536	334.2792511437018	29.011268203530975	185.64138269123706	331.42536028866783
12.734354936646989	1.0287629814926844	338.85392184949893	30.12708621135909	188.60076129614612	335.9669213009447
12.735446468189274	1.04813599363217	343.32725780451824	31.242904219187203	191.4810218844741	340.4074359390458
12.730012227317243	1.0669687341757355	347.70109548612857	32.35872222701532	194.45397330980572	344.7542132906575
12.728231244603784	1.0852876854205136	351.9858227043325	33.47454023484344	197.2602240184522	349.0083737119612
12.723519327680814	1.1031173049548602	356.1820810278867	34.590358242671556	200.0759116078793	353.1766041789393
12.737398737304076	1.1204803761805662	360.2966699965411	35.70617625049967	202.32400177478755	357.2559064625162
12.722567808938619	1.1373980085527875	364.3345839981058	36.82199425832778	205.28381013929513	361.26977085713895
12.719991978264323	1.1538899009224806	368.29690434503027	37.937812266155895	207.8547450765169	365.203420583467
12.724726904201997	1.1699744797557547	372.188087435589	39.053630273984005	210.16750933034024	369.06372627431654
12.717792351948102	1.1856689399027538	376.01236073362173	40.169448281812116	212.74880455289065	372.8628818451745
12.713183952046673	1.2009893972002301	379.7724631948263	41.28526628964023	215.21397209170487	376.5967971565227
12.710391575972823	1.2159509775849062	383.47101606204967	42.401084297468344	217.58219583735755	380.2683333432516
12.70737684794533	1.2305678974600136	387.1105287586158	43.51690230529646	219.90824253968864	383.8810299752058
12.705224138907662	1.2448535409934955	390.6934044465464	44.63272031312458	222.16559383508596	387.4367487024181
12.701299627133686	1.2588205031833741	394.2219452710983	45.7485383209527	224.43261515933523	390.9391598475202
12.699994459678708	1.272480693938321	397.69835731152153	46.86435632878081	226.57958092979925	394.38820698607964
12.698087256111911	1.2858453527049913	401.12475525653946	47.980174336608926	228.7060631179959	397.78768119839873
12.694230389761074	1.2989251124089625	404.50316682175554	49.095992344437036	230.8531390566179	401.1403401640592
12.691000657539785	1.311730045941379	407.8355369249996	50.211810352265154	232.94177142484952	404.44678809871715
12.688091551665632	1.324269703165661	411.1230961009884	51.327628360093264	234.98729206548583	407.70905380533037
12.684792437411698	1.3365531296739386	414.3658648201617	52.44344636792138	237.01179814142174	410.9272349370697
12.681568156219292	1.3485889284116703	417.567643217	53.559264375749486	239.0018985847467	414.10344929680684
12.677676434108578	1.3603852898527078	420.73010086730005	54.6750823835776	240.9780639628038	417.24089629283657
12.67485257013485	1.3719500153060173	423.8533576224472	55.79090039140572	242.89221086721537	420.33997418445307
12.67485257013485	1.3719500153060173	423.8533576224472	55.79090039140572	242.89221086721537	420.33997418445307
12.673605928240598	1.374805865387267	424.62738595456244	56.06985489336274	243.38314946229238	421.1073395979558
12.673064629024761	1.3776478345956664	425.3999306376448	56.348809395319776	243.85217063351033	421.8740515809945
12.671940929414637	1.3804759943574036	426.17056603008336	56.6277638972768	244.33367855339856	422.638017178079
12.676001490716397	1.383290491393438	426.937580770867	56.90671839923384	244.6545311549146	423.39661228537915
12.670499498788002	1.386091410566005	427.7045955116506	57.185672901190856	245.27075196674315	424.15982613956004
12.669361643136984	1.3888788613374186	428.4664931553799	57.464627403147894	245.7492507097418	424.9158434814586
12.669100704447441	1.3916529663138049	429.2280372752639	57.74358190510491	246.19762097866945	425.6713671234101
12.670121851778937	1.3944137998247277	429.9868492864859	58.02253640706195	246.6056645652722	426.42242588336217
12.667255400958771	1.3971615023265411	430.7429812591981	58.301490909018966	247.13467897793876	427.17398924167514
12.666313670433867	1.3998961444384328	431.49882710561764	58.580445410976004	247.5984487090893	427.92324846445655
12.670709255726619	1.4026178446911917	432.2496045723404	58.859399912933036	247.8950190357592	428.66534362436664
12.664540473912488	1.405326706071525	433.00038203906314	59.13835441489007	248.52149112194633	429.4134133552468
12.663743146791708	1.4080228040083984	433.7480808664028	59.41730891684709	248.97787471630485	430.15450160515707
12.66260461974893	1.4107062697054509	434.4935606505754	59.69626341880411	249.44157302500568	430.8944179131323
12.661761199760496	1.4133771707014509	435.2385804153633	59.975217920761146	249.89586326368712	431.63291624779936
12.660953756736586	1.4160356182615517	435.97881853716876	60.25417242271817	250.34881692930594	432.3673923013476
12.658591325865434	1.4186817091363875	436.7190566589743	60.53312692467521	250.84639283701947	433.1027550460251
12.65907988420971	1.4213155170569096	437.4563218833857	60.812081426632226	251.25312276497638	433.83279381441724
12.6581646986617	1.4239371637674918	438.19137357393026	61.091035928589264	251.7037862547519	434.5621319817767
12.65687427604099	1.426546713963582	438.92623366265923	61.36999043054628	252.16537261591102	435.29084870227894
12.656868650385398	1.429144272954819	439.65615337785107	61.64894493250332	252.5818939029923	436.01452374870496
12.655060644692153	1.4317299348259784	440.38607309304285	61.927899434460336	253.05526481061713	436.739231228963
12.654610283397723	1.4343037616553405	441.1135551445803	62.206853936417374	253.48536148027995	437.4601463859193
12.653569007170685	1.4368658743956841	441.83839657871636	62.4858084383744	253.9319089339146	438.179326106859
12.652617257707618	1.4394163407426899	442.5632380128524	62.76476294033144	254.3726431659335	438.89844756932763
12.651626860526028	1.441955242839141	443.2835509936001	63.043717442288454	254.81444349188868	439.6125676177972
12.651275681083769	1.4444826851442185	444.0033670926673	63.32267194424548	255.23554448190154	440.32630876570147
12.64965620031816	1.4469987227420589	444.72168863853483	63.60162644620251	255.69379837746902	441.0388661867541
12.647803490073082	1.4495034665514572	445.4365316132323	63.88058094815954	256.157877272098	441.7485031608122
12.648103148604207	1.4519969864832554	446.1513745879298	64.15953545011656	256.5527190038357	442.45687731513084
12.646624289799885	1.4544793509546754	446.862880248689	64.4384899520736	257.0045697459221	443.1626005499664
12.6460363408014	1.456950668807177	447.5728015871796	64.71744445403063	257.423147756913	443.86656613571665
12.640021055813495	1.459410992572403	448.28255884689287	64.99639895598766	258.01626196780944	444.57326013579444
12.64350395877105	1.4618604133857822	448.98760932728845	65.27535345794469	258.3027377071793	445.26996594975
12.642943313799384	1.4642990172171246	449.69265980768404	65.5543079599017	258.7191146964076	445.9690330427708
12.640841178319286	1.4667268552623036	450.3959401954729	65.83326246185874	259.180810283112	446.6670246296605
12.641335729211374	1.4691440320941098	451.09616989806227	66.11221696381577	259.55835588910514	447.36064320528664
12.638512147596614	1.4715506101216758	451.7963996006516	66.3911714657728	260.04351381986015	448.05621425458645
12.639079178784057	1.4739466556880927	452.49339220919376	66.67012596772985	260.4171821760659	448.7464068065887
12.638524040456852	1.4763322625890856	453.18885052841694	66.94908046968686	260.8235072606488	449.4358612340323
12.637046715668008	1.4787074862647331	453.8843088476402	67.2280349716439	261.2596659384476	450.1258571839706
12.635550397999278	1.48107240347876	454.5751987924483	67.50698947360091	261.696424581638	450.81123249272963
12.642560177040593	1.4834270991062055	455.2659344486257	67.78594397555796	261.85320681754865	451.49142978380365
12.634625187909508	1.4857716185425691	455.95557756641125	68.06489847751497	262.49606348466074	452.1794731315504
12.635179315312534	1.488106056732712	456.64163861723114	68.34385297947202	262.8604267039938	452.8588497532353
12.633094627040665	1.4904304747626111	457.327699668051	68.62280748142904	263.3112091293381	453.53980052179355
12.6318554820344	1.4927449270839697	458.01155138494005	68.90176198338607	263.7332741515493	454.21810807124683
12.629008096219408	1.495049508133933	458.6929852367126	69.1807164853431	264.2044383403929	454.8948957823342
12.62786117421546	1.4973442687152403	459.3744190884852	69.45967098730013	264.6198022498621	455.570654972812
12.628200401263264	1.4996292677728524	460.0526537773252	69.73862548925715	264.98578855129296	456.2424592977608
12.627688918861793	1.501904594005219	460.7295071960065	70.01757999121418	265.3788559900851	456.9132492082939
12.632982845877102	1.504170299790105	461.40636061468786	70.29653449317121	265.5763329960465	457.5805020620998
12.631866394508993	1.5064264433255168	462.07914901821454	70.57548899512823	265.9846492434075	458.2478163800096
12.62432310096377	1.5086731089423173	462.7514681402076	70.85444349708526	266.60689383790964	458.91832509764004
12.623816925151198	1.5109103351190627	463.42346623430296	71.13339799904229	266.9951508740824	459.5845284059552
12.62261030467975	1.5131382053878426	464.09129657703954	71.41235250099933	267.40250792157184	460.2467051487349
12.621938512518756	1.5153567762228342	464.75912691977624	71.69130700295635	267.7919319402554	460.90855157164356
12.620598350490942	1.5175660963702897	465.42596474872215	71.97026150491338	268.2034960715227	461.5701667864576
12.622812509419994	1.5197662460081258	466.0893512210327	72.2492160068704	268.4955568570318	462.2258011219803
12.618657997597882	1.5219572821848215	466.7527376933433	72.52817050882744	268.9975641825454	462.885327885616
12.617675163552184	1.5241392476097197	467.41457620345864	72.80712501078446	269.3925067583797	463.54178987557844
12.614305087625747	1.5263122239204174	468.0735631157325	73.08607951274149	269.8676141499251	464.1964429282346
12.615280457218224	1.5284762632314672	468.7325500280063	73.36503401469851	270.196426644317	464.8484185622883
12.612468222832145	1.5306314089419184	469.38954684890035	73.64398851665555	270.649212843167	465.50123010279583
12.613399174197815	1.532777742030269	470.04417792304366	73.92294301861257	270.975229870082	466.1488743856787
12.613037735289623	1.534915308897057	470.6988089971869	74.20189752056959	271.34429129561516	466.79730965497134
12.611764183151935	1.537044152910411	471.3511185177261	74.48085202252663	271.743981695583	467.44455320552623
12.60882064247423	1.5391643575880698	472.00143689692055	74.75980652448366	272.19794071922934	468.09027529735977
12.609490954295193	1.5412759631420305	472.65175527611507	75.0387610264407	272.527749688261	468.73374976542743
12.608401998724986	1.543379012597583	473.2995287184704	75.31771552839771	272.9167108914272	469.3764069514619
12.607040228133904	1.54547358969516	473.9455769767385	75.59667003035476	273.31484752246917	470.01687450206623
12.606586331488721	1.5475597280755493	474.5916252350065	75.87562453231178	273.6813013102886	470.6567694908596
12.603764727960028	1.5496374763725236	475.2350107268351	76.1545790342688	274.1246418753366	471.29618564422344
12.604568981220757	1.5517069092132372	475.8768308784141	76.43353353622582	274.4446831103286	471.9310683789543
12.603073320702793	1.5537680648337586	476.5186510299932	76.71248803818287	274.84282313822376	472.5673828599119
12.602462658911794	1.5558209879539402	477.15779367480235	76.99144254013989	275.2105527874637	473.20123956534184
12.600565518155769	1.5578657522821202	477.7954271833292	77.27039704209692	275.6189669112505	473.8336219042685
12.605071617001185	1.559902394111276	478.43306069185616	77.54935154405395	275.80745554805407	474.46195926164563
12.60074126110699	1.5619309559883041	479.0681026375797	77.82830604601098	276.2979164590307	475.09413082743055
12.596619061763462	1.563951512880438	479.7015904250541	78.10726054796801	276.78192231490743	475.72376836846195
12.595924877563915	1.5659640981291596	480.3350782125286	78.38621504992503	277.1460382641951	476.3512417762602
12.595710956817937	1.5679687539829106	480.9661587182159	78.66516955188207	277.4915564110823	476.97691158456325
12.594853192273577	1.569965550255385	481.5955411735024	78.94412405383909	277.8589488499247	477.60038245755305
12.595980227643814	1.5719545238154125	482.2249236287889	79.22307855579612	278.15748098827544	478.22258324741983
12.592798617994857	1.5739357123168185	482.85217912851544	79.50203305775315	278.60498338007125	478.8463808138613
12.590665123817242	1.5759091856242897	483.4774961135994	79.7809875597102	279.012429906701	479.466595253036
12.59050223057428	1.5778749803514749	484.1028130986833	80.05994206166721	279.3514892383139	480.08554943127496
12.589479480574782	1.5798331315860445	484.7263772571638	80.33889656362425	279.7200765447814	480.70434528711945
12.587488842830911	1.5817837062314104	485.34766809820013	80.61785106558126	280.1222750813338	481.32044104305123
12.587379878416401	1.5837267431695097	485.9689589392366	80.89680556753831	280.4571971867658	481.9353319552269
12.58651368430273	1.5856622756484229	486.5889626698641	81.17576006949533	280.81618612959437	482.5505321023751
12.585784759662987	1.587590363826716	487.20626603893874	81.45471457145234	281.1702205908123	483.16183164844443
12.584579236950708	1.5895110567143198	487.82356940801344	81.73366907340937	281.5407268666616	483.7734327298015
12.58762121513464	1.591424376746744	488.4401407356422	82.0126235753664	281.76208160781914	484.3822801109761
12.582539003977264	1.5933303857530288	489.05349374057397	82.29157807732344	282.2654927093949	484.99289902350574
12.581022840399582	1.595229129055214	489.6668467455056	82.57053257928045	282.6427905239827	485.60075197679924
12.583363608152107	1.5971206353494531	490.2801104569538	82.84948708123748	282.88471159101357	486.2060951557751
12.578953693041276	1.5990049556497592	490.8895419859678	83.12844158319453	283.36342259705975	486.81308352347406
12.577879215969297	1.6008821413334147	491.4989735149817	83.40739608515156	283.7242766895023	487.4167374527354
12.575919763656254	1.6027522244963215	492.10840504399556	83.68635058710858	284.1131002939861	488.02096369758243
12.576366669556837	1.604615236252005	492.7145391522584	83.96530508906562	284.41726887410795	488.6217137418543
12.575049480354446	1.6064712458540766	493.32002155139793	84.24425959102264	284.78329830356114	489.22164972436
12.573607587980623	1.608320276668361	493.92550395053746	84.52321409297967	285.15369075571573	489.8216630026696
12.57196779596408	1.61016236924504	494.5282626447033	84.80216859493669	285.5291193201535	490.4208080795966
12.578658934066866	1.6119975763548435	495.12936203942076	85.08112309689372	285.6085299516687	491.0116603548685
12.570713278722879	1.6138259393579426	495.7304614341382	85.36007759885075	286.20460131018496	491.6120869784057
12.569757482167457	1.6156474874649975	496.3286362428492	85.63903210080777	286.5536991085561	492.20793390486915
12.568547183550836	1.6174623120114868	496.9220276144254	85.9179866027648	286.9117443148169	492.80010081847075
12.59571674299755	1.6192704479421367	497.51541898600163	86.19694110472183	286.2554542977623	493.37354963870087
12.566364645842519	1.6210719318927287	498.10615467391983	86.47589560667886	287.6130074591826	493.9842795214338
12.5651387435632	1.6228669687642652	498.6701008101952	86.75485010863589	287.9678032902859	494.57345384798583
12.564552423043946	1.6246557203550562	499.2340469464706	87.03380461059292	288.2996992906077	495.1610376474652
12.563259442369553	1.6264382162247093	499.79799308274596	87.31275911254995	288.65679466914366	495.7491408300956
12.568979042998656	1.6282147038923451	500.29340575854593	87.59171361450699	288.7608447835394	496.3297478973158
12.560221133961937	1.6299860624546358	500.7474836483907	87.870668116464	289.38068026574757	496.9156125318132
12.5607287897249	1.6317524233703344	501.20156153823547	88.14962261842105	289.67008420800664	497.49565179897604
12.558136505226342	1.6352703469198246	502.0694339815675	88.70753162233508	290.37854390826686	498.6288120713203
12.556906329172737	1.637022975122399	502.3942073371993	88.98648612429211	290.7273884149415	499.18194964942575
12.555617750234514	1.6387720783490163	502.7189806928311	89.26544062624914	291.07876740655263	499.7355246546073
12.55467072314183	1.6405176923422942	503.0437540484629	89.54439512820618	291.41827348626697	500.2348469196221
12.553732450211976	1.6422598471404894	503.3685274040948	89.8233496301632	291.7578432811328	500.68083120106303
12.552216069159174	1.643998566626291	503.6933007597266	90.10230413212022	292.11823906743206	501.1272524243876
12.551395754118449	1.6457338852146879	504.0076084636913	90.38125863407727	292.45102724450174	501.5734393447595
12.550679861137914	1.6474660910756627	504.2936384447612	90.6602131360343	292.7804418981526	502.0050736098784
12.547743266518415	1.6491953119233511	504.5796684258311	90.93916763799132	293.19087139239497	502.32517670817776
12.548198572144015	1.6509215675270783	504.8656984069009	91.21812213994835	293.47869921922114	502.64405529946237
12.546877492466948	1.6526448718074682	505.1517283879708	91.49707664190538	293.8307493865834	502.9636262750831
12.546126861841943	1.6543652362377699	505.43775836904064	91.77603114386241	294.15998819405405	503.2830140480642
12.544678286427905	1.6560826727921667	505.72378835011045	92.05498564581943	294.51504165701647	503.6026848108029
12.54384862217555	1.6577971936760134	506.0074324155923	92.33394014777646	294.84807539477686	503.9221435433055
12.54243009784307	1.6595088519123982	506.2873585104856	92.61289464973349	295.20311698483624	504.2046788287487
12.542687761432845	1.6612176657730244	506.5672846053789	92.89184915169052	295.4965829451493	504.48568104057836
12.540506452815196	1.6629236399813099	506.8472107002722	93.17080365364754	295.87694288996954	504.767495085907
12.541330353388167	1.6646267860311657	507.1271367951656	93.44975815560458	296.14806891538154	505.048310021829
12.538411937240497	1.6663270971653197	507.40706289005885	93.7287126575616	296.5566383669633	505.3303762555332
12.535390363062843	1.6680245854673184	507.68698898495217	94.00766715951863	296.9699353544345	505.61247932160023
12.536357077044546	1.6697192522230409	507.9666301407253	94.28662166147566	297.23576618948806	505.8932419653329
12.53722573627405	1.6714111047274993	508.2457157384263	94.56557616343271	297.50371602503924	506.16814272334534
12.537971968725678	1.6731001473736247	508.52480133612727	94.84453066538973	297.77623922803184	506.4429757488974
12.532141244404205	1.6747863812045947	508.80388693382827	95.12348516734676	298.291595736771	506.71998128380756
12.531981351797024	1.6764698086821237	509.08297253152926	95.40243966930377	298.5985541086214	506.99511466338737
12.530927796124102	1.6781504288258116	509.36205812923026	95.68139417126082	298.9378259449515	507.2705338293985
12.53020226943868	1.6798282433270653	509.6411437269312	95.96034867321784	299.2633458445546	507.54584646958045
12.529278741626122	1.6815032531141547	509.920201788212	96.23930317517487	299.59659815400767	507.82121466980516
12.52784150463147	1.6831754540128503	510.1991739351539	96.51825767713188	299.9493673854199	508.0960802483275
12.526825210354971	1.6848448528300695	510.47814608209586	96.79721217908893	300.28702946017813	508.3706520416098
12.525518028540189	1.6865114456037873	510.75711822903787	97.07616668104595	300.6348272593767	508.64531524757615
12.52499954428853	1.6881752307582227	511.03609037597977	97.35512118300298	300.95172930255245	508.91970738000424
12.522827139619327	1.6898362094070307	511.3150625229217	97.63407568496	301.33051840545704	509.19464981641977
12.522181254087737	1.6914943791979264	511.5940346698636	97.91303018691704	301.65305665507356	509.4690865529552
12.521944580340604	1.6931497421505715	511.8730049801639	98.19198468887407	301.96065584047903	509.7433686193568
12.520649067803804	1.6948022950123836	512.1519618561607	98.47093919083109	302.307318268635	510.01792097443445
12.51955902660714	1.6964520325979064	512.4309187321575	98.74989369278813	302.64447005057616	510.2924023938062
12.519877980066557	1.6980989619270443	512.7098756081543	99.02884819474517	302.92938926492695	510.56637481877084
12.517802547034666	1.6997430751854792	512.9888324841512	99.30780269670218	303.30427951551593	510.84116007954873
12.516781269270323	1.7013843737470307	513.267789360148	99.58675719865921	303.64019248390525	511.11557233254587
12.515282364984095	1.703022855885984	513.5467462361447	99.86571170061625	303.993712583445	511.39013748704957
12.514268785374503	1.7046585193629844	513.8257031121416	100.14466620257328	304.3270700003997	511.66457016404144
12.505952501528242	1.7062913632843224	514.104657986578	100.4236207045303	304.93555149580834	511.94146906492836
12.51239990062583	1.7079213859347304	514.3836128079182	100.70257520648732	304.98912721394856	512.2132862198889
12.513956342783297	1.7095485858059762	514.6625676292583	100.98152970844436	305.2265869927864	512.4868050155837
12.510391163280472	1.7111729612495685	514.9415224505984	101.26048421040139	305.65763264395895	512.7620710642449
12.509548359402432	1.7127945114920464	515.2204772719386	101.5394387123584	305.98352543477944	513.0363631867391
12.508272197176955	1.7144132326157882	515.4994320932788	101.81839321431544	306.3261835007788	513.3108305505503
12.507528685062468	1.7160291265545118	515.7783869146189	102.09734771627247	306.6491344043861	513.5851065703048
12.506247477985015	1.7176421898395149	516.0573415135206	102.3763022182295	306.99288887048345	513.8595664880174
12.504141395201552	1.7192524208861883	516.3362960584421	102.65525672018653	307.36795581132907	514.1343106390023
12.504204486035741	1.7208598187486033	516.6152506033636	102.93421122214357	307.65858773450805	514.4082880314905
12.50270126964207	1.7240661091842113	517.1731596932067	103.49212022605762	308.30245581626326	514.9568083532567
12.501513712553262	1.7256649984083912	517.4521142381283	103.77107472801464	308.6415745594403	515.2312151353054
12.50047007546235	1.727261048556689	517.7310687830497	104.05002922997168	308.9756275527089	515.5055677177644
12.499460121284484	1.7288542599499326	518.0100233052144	104.3289837319287	309.30594705191726	515.7799046448525
12.498659383958477	1.7304446283538024	518.2889778129509	104.60793823388573	309.6284011507733	516.0541630988777
12.497371308184842	1.732032154759467	518.5679323206873	104.88689273584275	309.96986368349826	516.3285913934222
12.496695088460557	1.7336168362867033	518.8468868284237	105.16584723779978	310.288295926224	516.6027974730179
12.495867807847242	1.7351986751119746	519.1258413361602	105.4448017397568	310.6128675065091	516.8770524337737
12.50044874185948	1.7367776668963886	519.4047958438966	105.72375624171383	310.72887442694366	517.1493622335097
12.493438859925938	1.7383538166007912	519.6837503516331	106.00271074367086	311.287593349444	517.4258324944955
12.492721335872943	1.7399271090355193	519.9627048573889	106.2816652456279	311.60603488371373	517.7000375415826
12.491784784709996	1.7414975584546248	520.2416593601232	106.56061974758492	311.93324796880523	517.9743175970233
12.490498497051147	1.7430651555502794	520.5206138628577	106.83957424954195	312.27435742557867	518.2487205279491
12.489619539250661	1.7446299031868056	520.799568365592	107.11852875149897	312.5983891617822	518.5229723677796
12.489041314197882	1.746191800645891	521.0785228683264	107.39748325345602	312.9098645491453	518.7971108296628
12.48778389397457	1.7477508444511627	521.3574773710609	107.67643775541303	313.2478687134671	519.071492380302
12.487156319251637	1.7493070377554027	521.6364318737953	107.95539225737006	313.56189071759286	519.3456406013197
12.485992339914034	1.7508603723190075	521.9153863764243	108.2343467593271	313.8970466631909	519.6199809595726
12.483051646337218	1.7524108628166637	522.1943408784858	108.51330126128413	314.30020232958043	519.8949697996005
12.48721025407587	1.7539584961266599	522.4732953805475	108.79225576324114	314.42717494616716	520.1673471746707
12.479676617874306	1.755503272240021	522.752249882609	109.07121026519818	315.0073428707527	520.4440217331063
12.481683979480461	1.7570451950004546	523.0312043846707	109.3501647671552	315.2177912939295	520.717179450984
12.481540206529816	1.7585842626054842	523.3101588867322	109.62911926911224	315.5119538319682	520.9911247094971
12.480420166633536	1.7601204753738897	523.5891133887939	109.90807377106927	315.84440174682413	521.2654269876183
12.478524635099538	1.7616538320347002	523.8680678908554	110.1870282730263	316.2044269848056	521.5400139406462
12.47845631197508	1.763184334431441	524.1470223928361	110.46598277498333	316.49372584692486	521.813918136217
12.49031378703063	1.76471198093243	524.4259768948071	110.74493727694036	316.31710599453197	522.083364105897
12.476775494641453	1.766236772292062	524.7049313967783	111.02389177889738	317.13332270289476	522.3622885415655
12.475792694746689	1.7677587084833837	524.9838858987493	111.30284628085441	317.45918621560986	522.6365211978494
12.474870070191084	1.7692777879865629	525.2628404007204	111.58180078281144	317.7808263014913	522.9107275431243
12.439845617218072	1.827709187247609	536.4210204790512	122.73998086109259	330.3897341548326	533.87511757877
12.406987189120104	1.8816722881155301	547.5792005573323	133.89816093937375	342.48533643837163	544.832481679042
12.382914225224235	1.9313654484373841	558.7373806356134	145.0563410176549	353.75080184902373	555.7795866371556
12.351430607566646	1.9770509842535489	569.8955607138947	156.21452109593602	364.87314052124924	566.7238962095712
12.32547127176778	2.019019060550229	581.0537407921757	167.37270117421716	375.29544264369605	577.6592395779262
12.302597860567602	2.05756472762531	592.2119208704568	178.53088125249832	385.12510907663176	588.586575596813
12.27671641980725	2.0929744353979793	603.3701009487382	189.68906133077948	394.6716595648521	599.5093688015736
12.25133022152923	2.1255187252370433	614.5282810270193	200.84724140906062	403.7901317380028	610.4257839636157
12.228488312646872	2.1554487433322334	625.6864611053003	212.00542148734172	412.3965297270868	621.3344106199395
12.20542456947356	2.1829950902964095	636.8446411835815	223.16360156562288	420.652168636858	632.2370957503922
12.182724582330776	2.2083679790911273	648.0028212618627	234.32178164390402	428.5456052744438	643.1334928273726
12.160336460295998	2.231758207255637	659.1610013401438	245.47996172218518	436.1019584083348	654.0236857635534
12.1381541323077	2.2533384545501947	670.3191814184249	256.63814180046626	443.3457009739293	664.9078130927405
12.116129938988283	2.2732647781586715	681.4773614967062	267.79632187874745	450.2987398260942	675.7859763832697
12.094292142170282	2.291678104305493	692.6355415749872	278.9545019570286	456.97392227378083	686.6582101231257
12.07263201399391	2.308705699259381	703.7937216532684	290.1126820353098	463.3924298990322	697.5245798137568
12.051576181409233	2.3244625317759016	714.9519017315496	301.2708621135909	469.5392382715414	708.3846803959809
12.030089919861602	2.339052533473505	726.1100818098306	312.429042191872	475.4925509794931	719.2396723488813
12.010806092731155	2.35256974697956	737.2682618881119	323.58722227015323	481.10680827872073	730.0865819952471
11.988242729009706	2.3650993568013763	748.4264419663931	334.74540234843437	486.72634221694165	740.9319288893422
11.967633367885512	2.376718617788997	759.5846220446741	345.9035824267155	492.0443398445319	751.769566522767
11.946651021243774	2.3874976838132955	770.7428021229551	357.06176250499664	497.2018763428934	762.6023569742458
11.926767454802608	2.3975003398479284	781.9009822012364	368.21994258327777	501.5634519347649	773.4285010297172
11.907148640609238	2.4067846641014556	793.0591622795175	379.37812266155896	504.27705088072537	784.2488775485883
11.894072534760465	2.4154036073379657	804.2173423577988	390.5363027398401	506.33821022633055	795.0540515026171
11.867272265650572	2.423405513035348	815.3755224360799	401.69448281812123	508.75794469166294	805.875049142875
11.847445189077892	2.4308345793101704	826.5337025143609	412.85266289640236	510.91000041064166	816.6803583566426
11.828380055743434	2.4377312652552816	837.6918825926421	424.01084297468344	512.9970110222633	827.4793853959092
11.810528520336733	2.444132660787582	848.8500626709233	435.16902305296463	515.0040196740111	838.2712577907929
11.790109470515851	2.4500728081281413	860.0082427492044	446.32720313124577	517.0639766522908	849.0627557932972
11.771566470938351	2.455582992021755	871.1664228274856	457.48538320952696	519.0237711824135	859.8459960318161
11.753256510081174	2.4606920047947343	882.3246029057667	468.64356328780804	520.9414889546011	870.6239118988153
11.735081274375911	2.4654263699016528	893.4827829840478	479.8017433660893	522.8218886270049	881.3967231845999
11.716839411973623	2.4698105535878585	904.640963062329	490.95992344437036	524.6738578601951	892.1648917793153
11.69911980515416	2.4738671511832666	915.7991431406101	502.1181035226515	526.4772472071769	902.9272161359098
11.681107042771083	2.477617052251679	926.9573232188912	513.2762836009326	528.261531930124	913.6854812295567
11.663763063218905	2.48107959103494	938.1155032971724	524.4344636792138	529.992484369095	924.4375845907385
11.646342242968336	2.484272683017126	949.2736833754535	535.5926437574949	531.7001995379667	935.1852256626728
11.628739039889112	2.4872129438330326	960.4318634537348	546.7508238357761	533.3901266815468	945.9287426609757
11.611871211361946	2.489915800991085	971.5900435320158	557.9090039140572	535.0252825331559	956.6659088725852
11.595585472666171	2.4923955929484527	982.748223610297	569.0671839923383	536.6118840181377	967.3970195007258
11.57921575292545	2.4946656582913773	993.9064036885782	580.2253640706195	538.1786817438448	978.1237913632369
11.562196375395674	2.4967384176900937	1005.0645837668593	591.3835441489007	539.751750935329	988.8478666121833
11.546496925664977	2.498625445475966	1016.2227638451404	602.5417242271818	541.2456659574668	999.5638498323299
11.530032467286198	2.500337540226222	1027.3809439234215	613.699904305463	542.7529736548015	1010.2775844608246
11.5141819614791	2.5018847829157584	1038.5391240017025	624.858084383744	544.2130103411016	1020.9851643812214
11.501734196843678	2.503276592685009	1049.6973040799842	636.0162644620251	545.4964164200932	1031.67788289861
11.483661941115741	2.504521779037811	1060.8554841582647	647.1744445403064	547.0213213649976	1042.383576588611
11.468785010424357	2.505628585392998	1072.013664236546	658.3326246185874	548.3799782757454	1053.0749951734695
11.452706952722789	2.506604734121339	1083.171844314827	669.4908046968686	549.7783266140978	1063.7660687248163
11.4391185705959	2.5074574606077547	1094.3300243931083	680.6489847751498	551.0402342050874	1074.4445174533953
11.423079293450334	2.50819355727593	1105.48820447139	691.8071648534309	552.4051570619632	1085.1270958565342
11.40893081909636	2.5088193926891718	1116.6463845496708	702.965344931712	553.6618236444077	1095.7988703112555
11.394297797929227	2.5093409531075173	1127.8045646279515	714.1235250099932	554.927293058791	1106.468150608969
11.380057460386558	2.509763864106225	1138.962744706233	725.2817050882744	556.1584556933459	1117.131802015386
11.365729702023174	2.51009341734342	1150.1209247845143	736.4398851665554	557.3799849826804	1127.791623772299
11.351083823947286	2.5103345915839483	1161.2791048627955	747.5980652448367	558.6046842980857	1138.4486008714052
11.33794028077648	2.510492075514208	1172.4372849410765	758.7562453231178	559.7379979888726	1149.09549565039
11.323689702952821	2.5105702889896175	1183.5954650193578	769.914425401399	560.9166036315145	1159.7427491269927
11.30869244445694	2.510573396257349	1194.7536450976386	781.07260547968	562.1235565345638	1170.3891909622416
11.297300725089103	2.5105053274444216	1205.9118251759198	792.2307855579612	563.1247408151943	1181.0162229981183
11.283954508734011	2.5103697926295765	1217.0700052542013	803.3889656362423	564.21919170785	1191.6474815065967
11.27265358676267	2.510170293080093	1228.2281853324823	814.5471457145234	565.1895435473762	1202.2654680409066
11.257883593981829	2.5099101391000396	1239.3863654107633	825.7053257928047	566.3408096486822	1212.8951311116823
11.244417238842477	2.5095924586172877	1250.5445454890446	836.8635058710857	567.4099257070247	1223.5149909187005
11.235736209121116	2.5092202120464338	1261.7027255673254	848.0216859493669	568.1981004854462	1234.1079047769585
11.219738586172182	2.508796196941735	1272.860905645607	859.1798660276481	569.3912137525914	1244.7320792021228
11.207416747390587	2.508323065722154	1284.0190857238883	870.3380461059293	570.3657700747705	1255.3345144888601
11.201122150503206	2.507803328923296	1295.1772658021691	881.4962261842104	570.9801294285944	1265.9020587441646
11.183028771702789	2.5072393653121194	1306.3354458804502	892.6544062624915	572.2731883914053	1276.5262024366657
11.170712955062143	2.5066334304201665	1317.4936259587314	903.8125863407726	573.2208735080787	1287.1168173728072
11.158726015201994	2.505987662524965	1328.6518060370126	914.9707664190539	574.1407600097903	1297.701802338492
11.1463122611365	2.505304090249549	1339.8099861152941	926.128946497335	575.077890611817	1308.2852880372238
11.135297829790563	2.50458464057145	1350.9681661935751	937.2871265756161	575.9225970577651	1318.8571189553913
11.12369746422548	2.5038311403667173	1362.126346271856	948.4453066538972	576.7945623790243	1329.4283297401732
11.112202229098274	2.503045327416228	1373.2845263501372	959.6034867321786	577.663775966342	1339.9950887461341
11.100845481035723	2.5022288518603566	1384.4427064284182	970.7616668104596	578.5249860297017	1350.5572000022446
11.089681902076789	2.501383283040529	1395.6008865066995	981.9198468887407	579.4024910455726	1361.114321941267
11.078496035560873	2.5005101114457866	1406.7590665849807	993.0780269670219	580.2208846116531	1371.6677652054557
11.066717216860772	2.4996107565087438	1417.9172466632617	1004.236207045303	581.070211662371	1382.221182636673
11.056882874656495	2.4986865680827703	1429.0754267415427	1015.3943871235842	581.7892455078704	1392.758480101711
11.045055575092745	2.497738830684923	1440.2336068198235	1026.552567201865	582.629359745782	1403.3048240998266
11.034954925326346	2.4967687684740887	1451.391786898105	1037.7107472801463	583.3521735158103	1413.8361380485474
11.024806382617964	2.495777545640268	1462.5499669763856	1048.8689273584273	584.0716501821922	1424.363895020686
11.013629028655153	2.4947662724483033	1473.7081470546673	1060.0271074367085	584.7784798031543	1434.8948089516466
11.003426364444548	2.4937360070647823	1484.866327132948	1071.1852875149898	585.4988093131662	1445.4154992318215
10.992366858199423	2.4926877567957355	1496.024507211229	1082.3434675932708	586.2735487654555	1455.9385511213986
10.985491664229258	2.4916224834867515	1507.1826872895106	1093.501647671552	586.743616155419	1466.427709392559
10.972614927822192	2.490541103604047	1518.3408673677916	1104.659827749833	587.614084205867	1476.9566716230026
10.96267695043957	2.4894444914652194	1529.4990474460728	1115.8180078281143	588.3692404780932	1487.4605794467097
10.952896601217402	2.4883334817395566	1540.657227524354	1126.9761879063956	589.0275025297456	1497.9595049787556
10.942969000069324	2.4872088709357154	1551.815407602635	1138.1343679846766	589.6911776088656	1508.4558750819801
10.933160711190109	2.486071418246157	1562.9735876809161	1149.2925480629576	590.2680850585336	1518.9484706478747
10.92357754377345	2.4849218512726035	1574.1317677591976	1160.450728141239	590.901767064222	1529.4348672682834
10.914019019165256	2.483760861780656	1585.2899478374786	1171.6089082195201	591.5321277698438	1539.917405835278
10.906107836388754	2.482589112130403	1596.4481279157596	1182.7670882978011	592.0498709947072	1550.382709844414
10.895071845505159	2.4814072352938212	1607.606307994041	1193.9252683760824	592.8000031693375	1560.8701914513956
10.885651101025276	2.4802158355230213	1618.764488072322	1205.0834484543634	593.4530462579772	1571.3407299372477
10.876496655656341	2.4790154912075315	1629.9226681506032	1216.2416285326447	594.0368494757776	1581.8053906530333
10.867378302485937	2.4778067536056545	1641.0808482288844	1227.399808610926	594.6143472872187	1592.266119499513
10.858147681639107	2.4765901513697473	1652.2390283071654	1238.557988689207	595.1963621709474	1602.7242534433149
10.848821178235537	2.4753661896701336	1663.3972083854462	1249.716168767488	595.7820140282348	1613.1797185904873
10.84049260764319	2.4741353516642426	1674.555388463728	1260.8743488457694	596.2919160790253	1623.6225478666736
10.832394070307894	2.472898098075659	1685.7135685420087	1272.0325289240504	596.7813193879244	1634.0595129102985
10.823957702797944	2.4716548719481013	1696.87174862029	1283.1907090023315	597.2918780119959	1644.495914062393
10.813598226648065	2.470406096073645	1708.029928698571	1294.3488890806127	597.941265517287	1654.94710684692
10.805502412441596	2.4691521747846665	1719.1881087768522	1305.5070691588937	598.4208706078215	1665.3732186317748
10.797043104201881	2.467893495349353	1730.3462888551333	1316.665249237175	598.924392497854	1675.7992398518659
10.78832595455501	2.4666304286007383	1741.5044689334147	1327.8234293154562	599.4444457804766	1686.2242924944044
10.780212123945523	2.4653633294291866	1752.6626490116957	1338.9816093937372	599.916580982938	1696.6397829162647
10.771326827402087	2.4640925372932507	1763.8208290899768	1350.1397894720183	600.4443762587268	1707.0596130073475
10.763491516039943	2.462818377254944	1774.9790091682582	1361.2979695502997	600.8902915824938	1717.465159276267
10.754731505244683	2.46154116100946	1786.1371892465393	1372.4561496285808	601.4041329861873	1727.8768562724483
10.747292083672239	2.460261187096593	1797.2953693248203	1383.6143297068618	601.8148323509337	1738.2710914968661
10.739281506890844	2.4589787405571357	1808.4535494031015	1394.772509785143	602.2668770268806	1748.667844835597
10.731331786540256	2.457694095443715	1819.6117294813826	1405.930689863424	602.7120979864375	1759.0604405080446
10.723441555585177	2.456407513521004	1830.7699095596638	1417.0888699417053	603.1505977344973	1769.4488925713188
10.715524047729376	2.455119244209103	1841.9280896379448	1428.2470500199865	603.5892902599359	1779.834179489843
10.707655753456729	2.4538295304637936	1853.086269716226	1439.4052300982676	604.0223197910325	1790.21546366794
10.699949527174908	2.4525386003573235	1864.2444497945073	1450.5634101765488	604.4408855736564	1800.5914408492692
10.69268938690478	2.451246675679516	1875.4026298727886	1461.72159025483	604.822453278612	1810.9587304315266
10.684287485446744	2.449953967388216	1886.5608099510694	1472.879770333111	605.2925715139926	1821.3360262825263
10.677257657277199	2.4486606778645097	1897.7189900293508	1484.0379504113923	605.6526225282722	1831.6936139816532
10.669746110255394	2.447367000349296	1908.8771701076319	1495.1961304896734	606.0492380557313	1842.0534868887964
10.662262488043066	2.4460731211072853	1920.0353501859129	1506.3543105679544	606.442191193358	1852.4095991883185
10.65483966672494	2.4447792180229637	1931.1935302641941	1517.5124906462356	606.8289661156998	1862.76155082406
10.647624744302778	2.4434854616777697	1942.3517103424751	1528.6706707245164	607.1977129153951	1873.1074763650297
10.641870096943089	2.4421920148168756	1953.5098904207564	1539.828850802798	607.4470225321245	1883.4312642135844
10.63312942913637	2.4408990340029475	1964.6680704990376	1550.9870308810791	607.9367659740457	1893.789885510095
10.626523204160588	2.4396066690803417	1975.8262505773187	1562.14521095936	608.252411646428	1904.1175906967685
10.619027763120274	2.4383150634071042	1986.9844306555997	1573.3033910376412	608.6394548789632	1914.453539701275
10.611651023167845	2.4370243539303242	1998.142610733881	1584.4615711159224	609.0159587808097	1924.7846350205766
10.604962865805723	2.4357346723556694	2009.3007908121622	1595.6197511942034	609.3350749679153	1935.1030952858828
10.59761307090145	2.4344461455082786	2020.4589708904432	1606.7779312724847	609.7078882172653	1945.4271850875166
10.591206935535482	2.43315889231609	2031.6171509687244	1617.936111350766	610.0018977966347	1955.7349042295948
10.584420926965395	2.431873029310755	2042.7753310470057	1629.094291429047	610.3265275905785	1966.044450856751
10.5775780113422	2.4305886663267073	2053.9335111252867	1640.2524715073282	610.6552164980317	1976.3514311222516
10.57098676812239	2.4293059094284737	2065.0916912035677	1651.4106515856095	610.9622764300303	1986.6514482532223
10.564598311827414	2.428024859601804	2076.249871281849	1662.5688316638903	611.2517154753382	1996.945111205738
10.557531398248477	2.4267456134428533	2087.4080513601307	1673.7270117421715	611.5975897879032	2007.2453277368945
10.279562044291616	2.3663419926173703	2645.317055274189	2231.6360156562287	622.0341505989338	2516.798614132548
10.170812570317679	2.339303081145688	2924.2715572312177	2510.5905176132574	624.6386654092175	2767.877000504985
10.076549421713608	2.3143931665722746	3203.226059188246	2789.545019570286	626.1464923620354	3016.555886818486
9.994460202789448	2.291462549357135	3482.180561145275	3068.4995215273148	626.7963273561986	3262.85932550016
9.923738538813533	2.2703332864011623	3761.1350631023033	3347.454023484343	626.6715974203046	3506.7378443478515
9.857185356220617	2.2508282559054216	4040.089565059332	3626.4085254413717	626.4568645835346	3748.500392877568
9.798357576227486	2.232702284154662	4319.044067016359	3905.3630273984004	625.3968687232315	3987.9575129415985
9.748246092262018	2.2160479928042727	4597.998568973395	4184.317529355429	624.4613322433657	4224.9721598436945
9.703831945240141	2.200492101822736	4876.953070930423	4463.272031312457	623.3223594648395	4459.671753444544
9.657497990687856	2.18599848178181	5155.907572887451	4742.226533269486	622.6364754774321	4692.678605605385
9.620820163279175	2.172464554724597	5434.86207484448	5021.181035226515	621.0860791172655	4922.984978834536
9.584415365119357	2.159800039609733	5713.816576801509	5300.1355371835425	618.5965360836598	5151.4116552939695
9.552285501193053	2.1479253847381274	5992.7710787585365	5579.090039140572	617.2213802505528	5377.548183161197
9.526247131565217	2.1367703358372934	6271.725580715565	5858.044541097601	615.528920061496	5601.094996184865
9.495266785878735	2.126272700893823	6550.680082672595	6136.9990430546295	614.660743613647	5823.468378950106
9.473318775742353	2.1163772600996635	6829.634584629623	6415.953545011657	613.1957962817751	6042.769891859081
9.447191794429772	2.107034845505861	7108.589086586651	6694.908046968686	612.4263827730708	6260.912581708742
9.427229863660658	2.098201547320701	7387.54358854368	6973.862548925715	610.7948367645777	6476.263487231137
9.406631263108236	2.089838034262021	7666.498090500709	7252.817050882743	609.424641596367	6689.931995325206
9.38782477185655	2.0819089753275133	7945.4525924577365	7531.771552839771	608.0332147546267	6901.500701877725
9.371361252205428	2.0743825444322375	8224.407094414768	7810.726054796801	606.5498820022098	7110.8266245728955
9.357024761597945	2.0671664111545702	8503.361596371795	8089.6805567538295	604.9975117116414	7317.907415764279
9.341421104750966	2.060425291589055	8782.31609832882	8368.635058710857	603.7144687089202	7523.512996092446
9.327433652723368	2.0539448008695587	9061.27060028585	8647.589560667886	602.3966251102808	7726.998710202075
9.303085847181622	2.0418723043286655	9619.179604199908	9205.498564581943	599.7556334308457	8127.826234789489
9.290756794287212	2.0362427413553306	9898.134106156938	9484.453066538972	598.6511191422782	8325.71763212377
9.280492747530017	2.0308618909143052	10177.088608113967	9763.407568496	595.717619560675	8521.296631727757
9.273178056060532	2.0257146689075345	10456.043110070994	10042.36207045303	594.5503027442716	8714.20821991229
9.261703836294833	2.0207872018768933	10734.997612028023	10321.316572410058	595.0407465379382	8906.794035938898
9.254696044917363	2.016066706398394	11013.95211398505	10600.271074367085	593.7467019322753	9096.173193726509