12.89669014375289	0.5742556220068806	235.35406626085398	11.158180078281145	111.87865861638605	234.51953079821803
12.858995407220647	0.6142086013183852	236.99027361512873	12.273998086109259	122.51940172598603	236.58303190508545
12.841648104874023	0.6554515335470114	238.22296995564983	13.389816093937375	130.13910190058863	237.88958781623467
12.838198560379634	0.6976436966891477	239.37209752034562	14.505634101765487	136.9047026158357	239.04257998374496
12.848171279681582	0.7404376199191942	240.49440448833562	15.621452109593601	143.4813790102692	240.15621464598837
12.865409853998486	0.783548480487264	241.61179444504788	16.73727011742172	149.94751924827278	241.2661712170034
12.897758941258106	0.8267492807614899	242.72819735810037	17.853088125249833	156.07349144706197	242.3727271162857
12.932255840890896	0.8698598846944451	243.84413387742632	18.968906133077947	162.10929637408378	243.47828222792143
12.969824440742324	0.9127379571697541	244.95997980903974	20.084724140906058	168.00146857011393	244.5834157995967
13.012887592088154	0.9552710747980326	246.0758086684035	21.200542148734172	173.67331711180051	245.6879779436908
13.060854423029882	0.9973705735308721	247.19162883863942	22.316360156562286	179.1223379838223	246.7920095219302
13.118928612737147	1.0389667948579557	248.3074474162797	23.4321781643904	184.20778431645135	247.8951704402703
13.163785841004525	1.0800053694404537	249.42326563511645	24.547996172218518	189.47588193055307	248.9989097801573
13.20979033312287	1.1204442950881113	250.53908368239777	25.663814180046632	194.58558879354516	250.10234193448477
13.260048864597422	1.160251626636441	251.65490170303724	26.779632187874743	199.4555767351779	251.20524846012958
13.309903109668252	1.199403630071524	252.77071971513007	27.89545019570286	204.19680045928808	252.30792826661423
13.359847818134053	1.237883300117638	253.88653772367795	29.011268203530975	208.79737491206612	253.41034528230472
13.406343596127055	1.2756791599480384	255.00235573180782	30.12708621135909	213.3468864646243	254.51275415855628
13.457425064739068	1.312784283110541	256.1181737397245	31.242904219187203	217.64612446472157	255.61457014316923
13.503214775755055	1.349195491286954	257.2339917475658	32.35872222701532	221.94212719370609	256.7165213463883
13.551388854628897	1.3849126954407287	258.3498097554011	33.47454023484344	226.0503984421219	257.818032377937
13.596926758619684	1.4199383517833666	259.465627763231	34.590358242671556	230.08643065119145	258.9194898407377
13.641520914665195	1.454277004796097	260.58144577105946	35.70617625049967	233.58779283212752	260.02076674941384
13.684874449093156	1.4879349127621417	261.69726377888776	36.82199425832778	235.2330110286527	261.12189063237986
13.726613888615761	1.520919724878298	262.8130817867159	37.937812266155895	236.13766101374924	262.22289795935546
13.770190441499944	1.5532402304284036	263.928899794544	39.053630273984005	236.7792286412897	263.32349264478165
13.808876767802948	1.5849061203505574	265.04471780237213	40.169448281812116	237.4135817068784	264.4242648180486
13.84784223734975	1.6159278091066303	266.16053581020026	41.28526628964023	237.9274562715266	265.5247668893269
13.886165766865178	1.6463162729009508	267.2763538180284	42.401084297468344	238.43566985137159	266.62508114280763
13.922922632799045	1.676082919496375	268.3921718258565	43.51690230529646	238.941996123129	267.7252975108468
13.95890557683714	1.7052394717023942	269.50798983368463	44.63272031312458	239.427054197717	268.8253458215417
13.993899173012206	1.7337978759744141	270.62380784151276	45.7485383209527	239.90713840353658	269.9252500872057
14.03333009592117	1.7617702202857481	271.7396258493409	46.86435632878081	240.3619731855755	271.0244625905854
14.09229249507683	1.81600539645143	273.97126186499713	49.095992344437036	241.3264888276074	273.2242077155511
14.123454518184458	1.8422925564563943	275.0870798728252	50.211810352265154	241.79095380424343	274.32356436429836
14.153529795926994	1.8680422288959126	276.2028978806533	51.327628360093264	242.25309570842998	275.42280810606235
14.180375624565142	1.8932663885615268	277.3187158884815	52.44344636792138	242.7220713935989	276.5221841863402
14.211261274769898	1.9179768809225708	278.4345338963096	53.559264375749486	243.16696900096255	277.6208814673489
14.23794754748404	1.942185396069805	279.55035190413764	54.6750823835776	243.6235970078213	278.71983094989974
14.264620166054623	1.9659034524284884	280.6661699119657	55.79090039140572	244.07391687227636	279.8185621395287
14.264620166054623	1.9659034524284884	280.6661699119657	55.79090039140572	244.07391687227636	279.8185621395287
14.271083248063535	1.9717576643468326	280.94512441392277	56.06985489336274	244.18642179729773	280.09323482492385
14.278813600935973	1.9775821069467898	281.2240789158798	56.348809395319776	244.29279261433996	280.36774229858645
14.288620101794443	1.9833769542310695	281.5030334178369	56.6277638972768	244.3892883006666	280.6419852060061
14.289606324765751	1.9891423803452908	281.7819879197939	56.90671839923384	244.52554657490916	280.9172755256051
14.295946798437036	1.9948785573044523	282.06094242175095	57.185672901190856	244.63706495859964	281.1919088777275
14.303018573404966	2.0005856574973366	282.33989692370795	57.464627403147894	244.74483579614437	281.4664395748043
14.309543243906473	2.006263851656612	282.618851425665	57.74358190510491	244.85472015769258	281.74102278799324
14.316616360024282	2.0119133103030897	282.897805927622	58.02253640706195	244.96167393213662	282.01552475756733
14.3209838024534	2.0175342027122505	283.176760429579	58.301490909018966	245.08078398720028	282.29034627805976
14.327704184612825	2.0231266974224678	283.4557149315361	58.580445410976004	245.18860580142382	282.56486453454977
14.338648383224632	2.028690962301397	283.7346694334931	58.859399912933036	245.2762757397855	282.8388424749197
14.339574110843996	2.0342271639097866	284.01362393545014	59.13835441489007	245.41042566829483	283.1140551852267
14.345747272739771	2.039735468521105	284.29257843740714	59.41730891684709	245.51965502940126	283.3886006493591
14.350004041819862	2.0452160410279805	284.57153293936415	59.69626341880411	245.63755690279012	283.6633744123949
14.357319532667306	2.0506690459140646	284.85048744132115	59.975217920761146	245.74064005503436	283.93774895556584
14.363560005340139	2.0560946463032246	285.1294419432782	60.25417242271817	245.84841904749513	284.21224548172967
14.368689967474173	2.0614930049443494	285.4083964452352	60.53312692467521	245.96111552573768	284.4868703218721
14.374150504824184	2.066864283063375	285.6873509471922	60.812081426632226	246.07188248421858	284.76144020334146
14.379753354604935	2.0722086417827956	285.96630544914933	61.091035928589264	246.18160859796527	285.0359788421893
14.386139432700217	2.0775262408529023	286.24525995110633	61.36999043054628	246.28719770330426	285.310402930382
14.391600510950383	2.0828172391663826	286.5242144530634	61.64894493250332	246.39687401315945	285.5849334368941
14.397113359416753	2.0880817948313006	286.8031689550204	61.927899434460336	246.5059427337601	285.85944423566644
14.40316253544352	2.0933200650912593	287.08212345697746	62.206853936417374	246.61204103862346	286.1338716090848
14.408239688893584	2.0985322059493026	287.36107795893446	62.4858084383744	246.72251237077893	286.40841349187986
14.413727003175742	2.103718373272472	287.6400324608915	62.76476294033144	246.83062967109674	286.6828885025986
14.418742017112674	2.108878721244766	287.9189869628485	63.043717442288454	246.94071165737526	286.95741327192735
14.423561850613927	2.1140134035129607	288.1979414648055	63.32267194424548	247.0514154237509	287.23195157739184
14.429777381528826	2.1191225729058005	288.4768959667626	63.60162644620251	247.15487515723854	287.5062903796594
14.435293825256428	2.1242063811947665	288.7558504687196	63.88058094815954	247.26142632785604	287.78070940369435
14.440287390913296	2.1292649792120186	289.0348049706766	64.15953545011656	247.3702242461855	288.0551859992968
14.445031786637173	2.13429851699126	289.31375947263365	64.4384899520736	247.47992635849909	288.3296838661833
14.4504031937123	2.139307144029487	289.59271397459065	64.71744445403063	247.58615283140023	288.60408389983576
14.454744199305118	2.144291008211058	289.8716684765477	64.99639895598766	247.69720843410093	288.87861203522397
14.460783773479909	2.1492502571262544	290.15062297850477	65.27535345794469	247.7993753992634	289.1528946497513
14.465463828122308	2.154185037055642	290.4295774804618	65.5543079599017	247.90804924449964	289.42735121128806
14.470852916331893	2.159095493754828	290.7085319824188	65.83326246185874	248.0127932956862	289.70169712237856
14.47545305401816	2.1639817717516996	290.98748648437584	66.11221696381577	248.12120299140236	289.9761397948457
14.480756743553313	2.1688440151239154	291.26644098633284	66.3911714657728	248.22569097270846	290.25047182122
14.485275339161735	2.173682366562006	291.54539548828984	66.67012596772985	248.3338531549397	290.52490104735716
14.488511725429818	2.1784969685137687	291.8243499902469	66.94908046968686	248.44828305949966	290.7994989230063
14.494799534842093	2.183287961718652	292.1033044922039	67.2280349716439	248.5466934597507	291.0736539896566
14.500083631455292	2.188055486856918	292.3822589941609	67.50698947360091	248.64991573347285	291.34793750309876
14.50424353258502	2.192799683195162	292.66121349611797	67.78594397555796	248.75862272818648	291.6223684216812
14.514202789309119	2.1975206892749566	292.94016799807497	68.06489847751497	248.83682805862895	291.89595592285593
14.515378973608065	2.202218642866665	293.21912250003203	68.34385297947202	248.96039959469888	292.1707894381147
14.518534754534556	2.2068936807811097	293.49807700198903	68.62280748142904	249.07338547561793	292.4453283613154
14.52316229095089	2.211545939231817	293.7770315039461	68.90176198338607	249.1783590630959	292.71964298516224
14.527700963824499	2.2161755530514706	294.05598600590315	69.1807164853431	249.28347488716716	292.99395813068486
14.532134578319036	2.2207826567342965	294.3349405078602	69.45967098730013	249.38882294956474	293.26827630932934
14.536679366920996	2.225367383310473	294.6138950098172	69.73862548925715	249.4932606456636	293.54256592554646
14.540836376601451	2.22992986577038	294.8928495117743	70.01757999121418	249.5994376253411	293.8169003632113
14.54557085446534	2.2344702356451625	295.1718040137313	70.29653449317121	249.70222391603727	294.09113734923676
14.55138909841952	2.238988624023734	295.4507585156883	70.57548899512823	249.79888275218863	294.3652005455241
14.553897433441469	2.243485160542303	295.72971301764534	70.85444349708526	249.91293859881168	294.63974394842995
14.558349362838811	2.247959974935456	296.00866751960234	71.13339799904229	250.0162765801647	294.91398602084826
14.561554364218445	2.2524131957178484	296.2876220215594	71.41235250099933	250.12602594900204	295.1884033816393
14.573558992080065	2.2568449490775953	296.5665765235164	71.69130700295635	250.18785215637956	295.46148024803693
14.570708420230389	2.261255363167515	296.8455310254734	71.97026150491338	250.3297880850341	295.73678931292557
14.57523045213729	2.2656445644823906	297.12448552743047	72.2492160068704	250.4314817235274	296.0109718573692
14.585372034824225	2.2700126751195207	297.40344002938747	72.52817050882744	250.50215917602398	296.2842826345479
14.591065789705123	2.274359822366935	297.68239453134447	72.80712501078446	250.59670513600062	296.5582568666699
14.587582177514632	2.2786861285502713	297.96134903330153	73.08607951274149	250.74131322659437	296.8336316414757
14.591685388013833	2.282991716687901	298.2403035352586	73.36503401469851	250.84405177573498	297.107829681644
14.595716412026945	2.287276708254096	298.5192580372156	73.64398851665555	250.9468871847024	297.38202689667463
14.599920556730329	2.291541224612342	298.79821253917265	73.92294301861257	251.0484499250547	297.6561851611332
14.607501488735972	2.295785385851624	299.07716704112966	74.20189752056959	251.13093585669048	297.92980268122466
14.61472394710901	2.300009311575546	299.35612154308666	74.48085202252663	251.21500090786492	298.20346010366563
14.612485560943403	2.3042131205498366	299.6350760450437	74.75980652448366	251.35156282673887	298.47859426659704
14.615290777817979	2.3083969306521746	299.9140305470007	75.0387610264407	251.45972890317447	298.75292523660664
14.618824892180296	2.312560858962698	300.1929850489578	75.31771552839771	251.5635389790587	299.02712981705025
14.622932464079106	2.316705021984191	300.4719395509148	75.59667003035476	251.6638275057991	299.3012314689161
14.626688279009263	2.3208295353984942	300.7508940528718	75.87562453231178	251.7658047166096	299.5753773121385
14.630808465359301	2.324934508916907	301.02984855482885	76.1545790342688	251.86571185050826	299.849452842314
14.63211360120504	2.329020071731624	301.30880305678585	76.43353353622582	251.98073084942473	300.1239704915008
14.636916103704486	2.3330863220874787	301.58775755874285	76.71248803818287	252.07588310270512	300.3979128395435
14.64153899806462	2.3371333778789163	301.8667120606999	76.99144254013989	252.17173697153018	300.6718713282676
14.645073063268198	2.3411613505878113	302.1456665626569	77.27039704209692	252.27351404676145	300.94599470682596
14.648294646761784	2.3451703514875115	302.42462106461403	77.54935154405395	252.37680116161258	301.22015777099233
14.65223047340712	2.3491604910252604	302.70357556657103	77.82830604601098	252.47569491592634	301.4941922172441
14.655635701424933	2.3531318788662423	302.9825300685281	78.10726054796801	252.57736285201452	301.7683022258597
14.659360122326852	2.35708462371964	303.2614845704851	78.38621504992503	252.6768893581069	302.0423479461778
14.66263969820174	2.3610188340224134	303.5404390724421	78.66516955188207	252.77871473004814	302.3164558626619
14.665686396623034	2.3649346171475747	303.81939357439916	78.94412405383909	252.8816220343069	302.59059140200014
14.669450840933715	2.3688320798424467	304.09834807635616	79.22307855579612	252.9800693520858	302.864595679711
14.673044242631319	2.3727113282220444	304.37730257831316	79.50203305775315	253.07925924869784	303.1386168425311
14.676355144294018	2.376572467726605	304.6562570802702	79.7809875597102	253.17977493281322	303.41267401867776
14.679683463354426	2.380415602710616	304.9352115822272	80.05994206166721	253.27990519799778	303.6867169020263
14.682138430116394	2.384240837380488	305.2141660841843	80.33889656362425	253.38492248699376	303.96089695808104
14.686653486054755	2.38804827480552	305.4931205861413	80.61785106558126	253.47752150451583	304.23471503416135
14.688364369371884	2.391838017982019	305.7720750880983	80.89680556753831	253.58642426774395	304.5090007072909
14.704432915101808	2.3956101683428215	306.05102959005535	81.17576006949533	253.60953857994846	304.7808070024996
14.695478196942576	2.399364827212297	306.32998409201235	81.45471457145234	253.78152745017712	305.0569066708319
14.699679080336333	2.40310209520951	306.60893859396936	81.73366907340937	253.8748341950768	305.33073051681527
14.701711559638529	2.4068220721681475	306.8878930959265	82.0126235753664	253.98084164025656	305.6049188558783
14.705630121013238	2.410524857300064	307.1668475978835	82.29157807732344	254.07518041185216	305.87876824816567
14.70845793680316	2.414210549165573	307.4458020998405	82.57053257928045	254.1758727161179	306.15279647019594
14.711073206882729	2.417879245508142	307.72475660179754	82.84948708123748	254.2776200722298	306.42685121830016
14.715091786949344	2.421531043504813	308.00371110375454	83.12844158319453	254.37089313942997	306.7006478256182
14.718167678710032	2.4251660402835893	308.2826656057116	83.40739608515156	254.46898584735413	306.97459897039886
14.719792588028872	2.4287843313780937	308.5616201076686	83.68635058710858	254.5759402794273	307.24879676570066
14.724122708711098	2.4323860118567393	308.84057460962566	83.96530508906562	254.66610428022508	307.52250280037623
14.727103059759315	2.4359711764816008	309.11952911158266	84.24425959102264	254.76430195083648	307.79643760260524
14.730258742323995	2.4395399195702856	309.3984836135397	84.52321409297967	254.86146285431312	308.0703298243533
14.732850601702749	2.4430923342365465	309.6774381154967	84.80216859493669	254.96118314133216	308.3443123630778
14.736033765545912	2.446628513638904	309.95639261745373	85.08112309689372	255.05730597653007	308.61817732300943
14.738682587289693	2.4501485495512667	310.2353471194108	85.36007759885075	255.15681656827132	308.8921279184781
14.741930521631199	2.453652533640523	310.5143016213678	85.63903210080777	255.25168970106375	309.1659586581239
14.743273337403147	2.4571405567287683	310.7932561233248	85.9179866027648	255.35845764126768	309.4401262540104
14.747341733466143	2.4606127093393084	311.0722106252819	86.19694110472183	255.44810080163674	309.71378471578817
14.74995526074435	2.4640690810330996	311.3511651272389	86.47589560667886	255.54649807564147	309.9876985086548
14.753534241233393	2.4675097611469075	311.630119629196	86.75485010863589	255.63883461970633	310.2614232049126
14.755367931213442	2.4709348379233225	311.909074131153	87.03380461059292	255.74160958223746	310.5354596062133
14.75837222162021	2.474344399653681	312.18802863311004	87.31275911254995	255.8367713273203	310.809268476235
14.760267237324653	2.4777385333404576	312.46698313506704	87.59171361450699	255.93869030342285	311.08327327268023
14.763737688154215	2.4811173259464976	312.74593763702404	87.870668116464	256.0303889502269	311.3569730604332
14.766978238655874	2.484480863322159	313.0248921389811	88.14962261842105	256.12327320236216	311.6307042264462
14.769215061775183	2.4878292320110837	313.3038466409381	88.42857712037807	256.22228816042434	311.90461324859984
14.771834764966933	2.491162516104014	313.58280114289516	88.70753162233508	256.3186192793878	312.17843951307856
14.773281203434664	2.494480800604006	313.86175564485217	88.98648612429211	256.4222197944013	312.45247795322695
14.776917230820732	2.497784169182906	314.14071014680917	89.26544062624914	256.51154414337645	312.72608967128104
14.779333738498504	2.5010727052959445	314.41966464876623	89.54439512820618	256.6081794622073	312.9999226051852
14.78201173675316	2.504346491721165	314.69861915072323	89.8233496301632	256.7034086916389	313.27369481443395
14.784331595023332	2.5076056107943496	314.97757365268035	90.10230413212022	256.8004443869316	313.5475251491996
14.787206139618696	2.510850144120374	315.25652815463735	90.38125863407727	256.89364346149955	313.82123784532786
14.789604472745593	2.514080173019732	315.5354826565944	90.6602131360343	256.9896842567746	314.0950317683471
14.792857919758186	2.517295778116572	315.8144371585514	90.93916763799132	257.0799098226764	314.3686487153926
14.794558320992065	2.5204970393740687	316.0933916605085	91.21812213994835	257.1800187024861	314.6425573268202
14.796626936144856	2.523684036492343	316.3723461624655	91.49707664190538	257.27749781370466	314.9163841582007
14.798941843751543	2.5268568482020757	316.6513006644225	91.77603114386241	257.3731304986803	315.1901524476568
14.801424899732632	2.5300155536192372	316.9302551663795	92.05498564581943	257.46741964301884	315.46387711478974
14.804202308850778	2.533160230444844	317.20920966833654	92.33394014777646	257.55952446476556	315.7375328286266
14.806340970473311	2.536290955653553	317.48816417029354	92.61289464973349	257.6556042199075	316.01130434771693
14.808543110307937	2.539407807351832	317.76711867225055	92.89184915169052	257.7510327804268	316.285052981915
14.810999835273249	2.5425108609118805	318.0460731742076	93.17080365364754	257.8445368958346	316.55874037835474
14.813193857778975	2.5456001928432013	318.3250276761646	93.44975815560458	257.9395516180109	316.8324698147892
14.815694643583637	2.54867587844368	318.6039821781216	93.7287126575616	258.0322859078743	317.10612716243116
14.817452036079816	2.551737992711112	318.88293668007867	94.00766715951863	258.1297567630181	317.3799239309923
14.819865406829873	2.5547866101753094	319.1618911820358	94.28662166147566	258.2226079694033	317.6535779945736
14.821985564678027	2.557821804580142	319.4408456839928	94.56557616343271	258.3171940754471	317.92728103905364
14.824222955398994	2.5608436497020675	319.7198001859498	94.84453066538973	258.410761480136	318.20094990921
14.826546205824581	2.5638522220355697	319.99875468790685	95.12348516734676	258.50351684663235	318.47459078223227
14.828859886477721	2.566847583115473	320.27770918986386	95.40243966930377	258.5961028585495	318.7482230759794
14.83166270606561	2.5698298161293627	320.5566636918209	95.68139417126082	258.6851331761321	319.02174403188457
14.8329773035033	2.572798988813188	320.8356181937779	95.96034867321784	258.7840455213942	319.2955614696928
14.835596164323249	2.575755172410014	321.114572695735	96.23930317517487	258.8738569173292	319.56909916866624
14.840043378756313	2.5786984372445336	321.393527197692	96.51825767713188	258.95092027300535	319.84224534061644
14.839240074187334	2.581628853920866	321.67248169964904	96.79721217908893	259.06367783732344	320.11647441165707
14.843116277843828	2.584546491626776	321.95143620160604	97.07616668104595	259.1441472328571	320.38971684357864
14.84623411343732	2.587451420626167	322.23039070356305	97.35512118300298	259.22955738782804	320.66310592170015
14.845352802960843	2.590343708695038	322.5093452055201	97.63407568496	259.34231756352744	320.93732660963883
14.846757465883476	2.593223424462408	322.7882997074771	97.91303018691704	259.4391301675416	321.2110574671056
14.84843143904433	2.596090636082557	323.0672542094341	98.19198468887407	259.53387233467004	321.48472181930606
14.853524387005589	2.5989454106724237	323.3462087113912	98.47093919083109	259.6046374901835	321.75764848627693
14.853866830209613	2.6017878154989194	323.62516321334823	98.74989369278813	259.70818026218535	322.0315754719289
14.855500561117234	2.6046179171680963	323.9041177153053	99.02884819474517	259.80253752693045	322.3052178162195
14.858070961370332	2.607435781644514	324.1830722172623	99.30780269670218	259.89012983641817	322.5786490979658
14.85929819774332	2.6102414747730376	324.4620267192193	99.58675719865921	259.9869055945539	322.8523590852251
14.870553755018253	2.6130350617320044	324.7409812211763	99.86571170061625	260.01297307358783	323.12388947457254
14.864085343447925	2.615816607706308	325.01993572313336	100.14466620257328	260.16343190830156	323.39924529206286
14.871392132783857	2.618586176856252	325.29889022509036	100.4236207045303	260.21664317176175	323.671602059078
14.866691471263602	2.6213438331819936	325.5778447270474	100.70257520648732	260.3544669989381	323.9465649020916
14.868465604001662	2.6240896405276435	325.8567992290044	100.98152970844436	260.44634632231504	324.22010757905093
14.869071309821251	2.62682366190869	326.1357537309614	101.26048421040139	260.5463216369186	324.4938972004715
14.872395972711143	2.6295459601981803	326.4147082329185	101.5394387123584	260.62674567775406	324.76707888909374
14.87404347694073	2.6322565979696395	326.6936627348755	101.81839321431544	260.7188875677587	325.0406195331434
14.874321607682104	2.634955636614994	326.9726172368325	102.09734771627247	260.8206244225237	325.3144543325086
14.878846602733063	2.640319164175374	327.53052624074667	102.65525672018653	260.9950715306011	325.8612140077963
14.880733417305194	2.642983774756543	327.80948074270367	102.93421122214357	261.0846625622582	326.1346620554441
14.882787800236072	2.6456370305376726	328.0884352446607	103.21316572410059	261.1728291673441	326.4080623210754
14.883345960667583	2.648278991554298	328.36738974661773	103.49212022605762	261.27160608006017	326.6817895662646
14.884932738528974	2.6509097175603134	328.64634424857474	103.77107472801464	261.362750001212	326.9552759185761
14.887018864492783	2.6535292676100353	328.9252987505318	104.05002922997168	261.45005974181674	327.2286392755013
14.889382522795408	2.6561377006793925	329.2042532524888	104.3289837319287	261.5351277190274	327.5019290448503
14.891243178552461	2.6587350752125185	329.4832077544458	104.60793823388573	261.62364011849337	327.77532282189856
14.892469767089093	2.6613214490792245	329.76216225640286	104.88689273584275	261.71658027856705	328.04885169033844
14.892625326862538	2.6638968804221608	330.04111675835986	105.16584723779978	261.81718302767695	328.3226173542082
14.896302242973274	2.666461426511968	330.32007126031687	105.4448017397568	261.89174862042404	328.5955639322632
14.897545955390251	2.6690151444782817	330.59902576227387	105.72375624171383	261.9839662390746	328.8690601915419
14.899131470179347	2.6715580904723106	330.8779802642309	106.00271074367086	262.07346931129484	329.1424679438201
14.90047491314965	2.6740903212173732	331.15693476618793	106.2816652456279	262.1645607515506	329.41592224616727
14.901898601930162	2.6766118924560187	331.435889268145	106.56061974758492	262.25501612664124	329.689346321802
14.90367337429365	2.6791228596593473	331.714843770102	106.83957424954195	262.3425152631924	329.9626807299846
14.905261357929415	2.6816232782827694	331.99379827205905	107.11852875149897	262.4311973281191	330.2360489471672
14.917431708008355	2.68411320288739	332.2727527740161	107.39748325345602	262.44072262830815	330.5069149319101
14.909869220599935	2.689061788281691	332.8306617779301	107.95539225737006	262.69720485641574	331.0561319233449
14.910153365306364	2.691520557013332	333.1096162798872	108.2343467593271	262.7948742044647	331.32977092960294
14.90875146523198	2.6939690499604327	333.3885707818442	108.51330126128413	262.9050698652167	331.6038037586614
14.914124207528028	2.6964073138661924	333.6675252838012	108.79225576324114	262.9640802426249	331.876211855977
14.915507134961969	2.6988354079098054	333.94647978575824	109.07121026519818	263.05291625547693	332.1495612188542
14.916937333956241	2.701253382664959	334.22543428771525	109.3501647671552	263.14120084634163	332.42288970556007
14.918006620306924	2.7036612898820334	334.5043887896723	109.62911926911224	263.2320291387489	332.69629567282254
14.918123528399043	2.7060591781034944	334.7833432916293	109.90807377106927	263.32991568723617	332.96992299194477
14.921173270376983	2.708447109303613	335.06229779358637	110.1870282730263	263.4053032661134	333.24283093282844
14.922352728158705	2.710825123915874	335.34125229554337	110.46598277498333	263.494725358216	333.5161821456884
14.922868723341127	2.7131932766445805	335.6202067975004	110.74493727694036	263.58903770505907	333.78968609648547
14.925213392183553	2.7155516177307644	335.89916129945743	111.02389177889738	263.66916491292767	334.0627340114975
14.926463041672395	2.717900197616429	336.1781158014145	111.30284628085441	263.75748248044545	334.3360399135412
14.928008125219023	2.720239065856956	336.4570703033715	111.58180078281144	263.8433380026488	334.60926369512765
14.970320777954937	2.806366573587092	347.61525038165263	122.73998086109259	267.2808798359189	345.5355322357801
15.000026400295587	2.8797863172972917	358.7734304599338	133.89816093937375	270.55453973311796	356.4509753652843
15.017277360819229	2.9427106701675014	369.9316105382149	145.0563410176549	273.7003755944173	367.3565877406307
15.02499196040041	2.9968941309618424	381.0897906164961	156.21452109593602	276.72132092701395	378.2524500178019
15.02563929784805	3.043741560736685	392.2479706947773	167.37270117421716	279.6210901687543	389.13850551325993
15.020254863387057	3.084388240570475	403.40615077305836	178.53088125249832	282.41091535087355	400.01506092137254
15.01075942404377	3.1197595353152603	414.56433085133955	189.68906133077948	285.088376620436	410.8818940807132
14.996960631040816	3.150615803417592	425.72251092962074	200.84724140906062	287.67232650312025	421.7396409656176
14.98061358751525	3.1775865247747856	436.8806910079018	212.00542148734172	290.15563562590484	432.5878980217777
14.961855895357466	3.201196476166967	448.03887108618295	223.16360156562288	292.5486945579082	443.42698579020356
14.940362020559965	3.2218859957187247	459.19705116446414	234.32178164390402	294.8676128173423	454.25752496554185
14.917974781030308	3.240026807737467	470.3552312427453	245.47996172218518	297.0962694791787	465.0786957691818
14.893541808812442	3.255934489030876	481.51341132102635	256.63814180046626	299.2603869142063	475.89159372081906
14.869865957831282	3.269878353557063	492.67159139930754	267.79632187874745	301.32418087203087	486.6943961374409
14.843965157947842	3.282089371007287	503.8297714775887	278.9545019570286	303.3412200971066	497.4896301169402
14.817891052139124	3.2927665329629017	514.9879515558698	290.1126820353098	305.2850134543949	508.2759121477256
14.790800094048036	3.3020820199957743	526.1461316341511	301.2708621135909	307.1754052961307	519.0541922592114
14.764661052374832	3.310185414430966	537.3043117124321	312.429042191872	308.9801886687922	529.8226283984518
14.73761953271139	3.317207160070948	548.4624917907132	323.58722227015323	310.74134564726245	540.5834706810867
14.710633677404136	3.323261415058183	559.6206718689946	334.74540234843437	312.44344923581866	551.335776847915
14.68343726643788	3.3284484213237	570.7788519472756	345.9035824267155	314.09524285052356	562.0799756671929
14.65641336722659	3.3328564788759367	581.9370320255567	357.06176250499664	315.6926571202636	572.8157593429488
14.629195588711303	3.3365636008580624	593.0952121038379	368.21994258327777	317.24617514320465	583.5436947071568
14.602286899449242	3.339638906018977	604.253392182119	379.37812266155896	318.74838398789194	594.2632626977266
14.575408209763236	3.342143796202167	615.4115722604001	390.5363027398401	320.20767027640954	604.9749236220008
14.54881712400898	3.3441329554421446	626.5697523386815	401.69448281812123	321.62233273334823	615.6784136255183
14.028312238426334	3.34167387145009	637.7279324169625	412.85266289640236	334.38075280817014	627.123118420711
14.006784446335404	3.343014850780393	648.8861124952435	424.01084297468344	335.8379564087696	637.8356959570345
13.985305860541139	3.3439721597311998	660.0442925735248	435.16902305296463	337.25305216605756	648.5406980673414
13.96390333667039	3.344579772185043	671.2024726518058	446.32720313124577	338.6275231446128	659.2381645270044
13.942599268690099	3.3448680441008154	682.360652730087	457.48538320952696	339.9628008562799	669.9281346791175
13.921412141972766	3.3448641166119946	693.5188328083682	468.64356328780804	341.26026989543897	680.6106476579539
13.900357066161817	3.3445922888175557	704.6770128866493	479.8017433660893	342.52127065925436	691.2857425003276
13.876718569873452	3.3430849881077807	715.8351929649305	490.95992344437036	343.8216396820024	701.9587164026788
14.320609011396119	3.3454394780369365	726.9933730432117	502.1181035226515	332.61145698806234	711.6554009844235
14.296456510569152	3.3442801461251843	738.1515531214928	513.2762836009326	333.67176320825627	722.2813648153226
14.272954420486512	3.3429392428287623	749.309733199774	524.4344636792138	334.6933612806076	732.8989738725224
14.249583371639082	3.341432678438043	760.4679132780551	535.5926437574949	335.69098508081373	743.5093935439165
14.226798685233796	3.33977495503306	771.6260933563364	546.7508238357761	336.65314672768193	754.1115931159582
14.203757109546963	3.337979308975524	782.7842734346173	557.9090039140572	337.60407245689413	764.7076391294654
14.181306819273013	3.3360578347958008	793.9424535128986	569.0671839923383	338.5210554116329	775.2955031751172
14.158509917901549	3.3340215974100653	805.1006335911798	580.2253640706195	339.4315371660013	785.877633363054
14.13738182462452	3.3318807280838323	816.2588136694609	591.3835441489007	340.27809946355285	796.4486733480935
14.11579132201542	3.3296445157089347	827.4169937477421	602.5417242271818	341.1228956923773	807.014330606778
14.094381953383325	3.3273214830527076	838.5751738260232	613.699904305463	341.94819653283764	817.5729353632817
14.073254423463704	3.324919458359429	849.7333539043042	624.858084383744	342.7516245642071	828.1242274349531
13.611477244895635	3.3183662763924113	860.8915339825853	636.0162644620251	357.3942798752758	840.0147844075516
13.592617456975848	3.315759876240009	872.0497140608664	647.1744445403064	358.25964999075217	850.5855122878424
13.573932116185837	3.313074998949432	883.2078941391476	658.3326246185874	359.10461663760714	861.149513173828
13.555417334506096	3.3103160615690865	894.3660742174288	669.4908046968686	359.9299463980836	871.7068292501364
13.97213205144554	3.311957192179918	905.52425429571	680.6489847751498	346.43700782275425	880.7704090612971
13.518882736713365	3.3045916163955176	916.6824343739911	691.8071648534309	361.524667564039	892.8015789934468
13.500853985298773	3.3016329788592067	927.8406144522722	702.965344931712	362.29550398235943	903.3391008042261
13.914498145149915	3.303613979419001	938.9987945305533	714.1235250099932	348.430856165289	912.2720489871131
13.896012567730263	3.300765277248156	950.1569746088345	725.2817050882744	349.05402234421433	922.7574538107093
13.877379397592806	3.297888805639734	961.3151546871156	736.4398851665554	349.67402893834856	933.2372590366782
13.859136513782671	3.2949877872123734	972.4733347653968	747.5980652448367	350.27337410355653	943.7094053672045
13.841207382568715	3.29206520504985	983.6315148436779	758.7562453231178	350.85486237911806	954.1741694075225
13.823455638393689	3.289123820792322	994.7896949219592	769.914425401399	351.4234301511478	964.632111321213
13.805847267915512	3.28616619374352	1005.9478750002403	781.07260547968	351.9806007730173	975.0833988786787
13.788597286253056	3.2831946933989	1017.1060550785214	792.2307855579612	352.5192061394464	985.5270992288733
13.77141030370148	3.2802115171059594	1028.2642351568024	803.3889656362423	353.04967804697355	995.9645230559684
13.75437492702747	3.2772187015472865	1039.4224152350835	814.5471457145234	353.5691600375725	1006.3953063805718
13.73801708829282	3.2742181351115938	1050.5805953133645	825.7053257928047	354.0590980507798	1016.8169493148317
13.721665101355008	3.2712115689979213	1061.7387753916457	836.8635058710857	354.5435398047034	1027.2325926453636
13.704932477573923	3.2682006274609448	1072.896955469927	848.0216859493669	355.0368774460552	1037.644240390565
13.68947014678907	3.2651868169562466	1084.0551355482082	859.1798660276481	355.4793792184159	1048.0436230668495
13.673520266982534	3.262171535005008	1095.2133156264895	870.3380461059293	355.9351322675811	1058.4395895332707
13.657647442371587	3.259156077656099	1106.3714957047705	881.4962261842104	356.38389682502407	1068.8293474292193
13.642237547223374	3.256141647162955	1117.5296757830517	892.6544062624915	356.81152065137934	1079.2108243024663
13.626559829920767	3.2531293583261953	1128.687855861333	903.8125863407726	357.2454084405944	1089.5880056124395
13.612846449931158	3.2501202449173827	1139.846035939614	914.9707664190539	357.60165557844755	1099.948314770711
13.597440862067327	3.24711526532244	1151.0042160178953	926.128946497335	358.01822527213227	1110.3124096486906
13.582204175550372	3.244115307759459	1162.1623960961765	937.2871265756161	358.42535331821756	1120.66989387445
13.567818778317358	3.2411211950934877	1173.3205761744575	948.4453066538972	358.79689677585054	1131.0166300141698
13.55339463792327	3.238133689280483	1184.4787562527388	959.6034867321786	359.1669847913943	1141.3578737790501
13.539176216248585	3.235153495988273	1195.63693633102	970.7616668104596	359.52636003314274	1151.6921548538471
13.525108203252982	3.2321812679714883	1206.7951164093008	981.9198468887407	359.8772777759607	1162.019810959464
13.511257266858324	3.229217607960213	1217.953296487582	993.0780269670219	360.2172284320719	1172.3404060013715
13.497557915667464	3.2262630743642124	1229.1114765658635	1004.236207045303	360.54887543150966	1182.6543520122248
13.483962653997589	3.2233181815645042	1240.2696566441446	1015.3943871235842	360.8742263036273	1192.96197017924
13.47050220994114	3.2203834044786137	1251.4278367224254	1026.552567201865	361.19220892119375	1203.2630619065917
13.457290050834802	3.2174591804705805	1262.5860168007064	1037.7107472801463	361.4983269415532	1213.5568267009915
13.444028206845461	3.2145459123876448	1273.7441968789874	1048.8689273584273	361.80465644837295	1223.8453668177663
13.43135127531	3.2116439698929407	1284.9023769572686	1060.0271074367085	362.0856229880011	1234.1241005393294
13.417980760377853	3.20875369330056	1296.0605570355497	1071.1852875149898	362.39323573015133	1244.4023933819872
13.405660625399467	3.2058753933592543	1307.218737113831	1082.3434675932708	362.65654115877874	1254.6673194673615
13.393220996087063	3.203009354919315	1318.3769171921122	1093.501647671552	362.92329182606454	1264.9275554994729
13.380790906405792	3.2001558377437194	1329.5350972703932	1104.659827749833	363.1883721170833	1275.1821835659457
13.3684604489725	3.197315078544095	1340.6932773486744	1115.8180078281143	363.4481709664804	1285.4305273797436
13.356226247693723	3.194487292351739	1351.8514574269557	1126.9761879063956	363.7029243965982	1295.6726220957669
13.347110562299706	3.191672673106998	1363.0096375052365	1138.1343679846766	363.8260229853062	1305.883430375158
13.332497231364261	3.1888713969274916	1374.1678175835175	1149.2925480629576	364.1786390766771	1316.1342992363816
13.321358278837845	3.1860836211724326	1385.3259976617992	1160.450728141239	364.3845627998858	1326.350719161157
13.309259253848259	3.183309487251687	1396.48417774008	1171.6089082195201	364.63030748503047	1336.5698894331852
13.297975274559548	3.1805491202376563	1407.6423578183612	1182.7670882978011	364.8465860810224	1346.7769115737383
13.286337017424842	3.177802631087948	1418.8005378966425	1193.9252683760824	365.0714007166406	1356.981154896003
13.274565333179758	3.175070117117989	1429.9587179749235	1205.0834484543634	365.3014542345236	1367.1812789605747
13.263829122220603	3.1723516627722	1441.1168980532047	1216.2416285326447	365.48650506826334	1377.3665265971913
13.25328059559059	3.1696473403616285	1452.275078131486	1227.399808610926	365.6628505851752	1387.5444888250368
13.23966367108595	3.166957215447987	1463.433258209767	1238.557988689207	365.9719828476394	1397.7463478754753
13.23112681466116	3.164281326233608	1474.591438288048	1249.716168767488	366.06011800165555	1407.8941696860286
13.220603753794883	3.1616197262005077	1485.7496183663295	1260.8743488457694	366.22870275445223	1418.05565434728
13.210109937661596	3.1589724430234756	1496.9077984446105	1272.0325289240504	366.4018166083986	1428.2115194269093
13.199496762357828	3.1563394999390315	1508.0659785228913	1283.1907090023315	366.581580378869	1438.362222414006
13.189235620855523	3.15372091205593	1519.2241586011728	1294.3488890806127	366.74367211214013	1448.5049340007245
13.178709865901533	3.1511166872832184	1530.3823386794538	1305.5070691588937	366.91743680152314	1458.6450685382288
13.169070287147008	3.148526826089597	1541.5405187577348	1316.665249237175	367.05189132440904	1468.7705242639108
13.15893402015199	3.1459513227325555	1552.698698836016	1327.8234293154562	367.20843834916167	1478.8958813709469
13.15047277337183	3.1433901649771316	1563.856878914297	1338.9816093937372	367.2901869050551	1488.9975808015915
13.138890824128085	3.1408433359358554	1575.0150589925781	1350.1397894720183	367.5117341383681	1499.1282551645422
13.128549076866431	3.1383108114814195	1586.1732390708596	1361.2979695502997	367.6781396040177	1509.2401874428424
13.118892648448355	3.1357925642470823	1597.3314191491406	1372.4561496285808	367.81400488026105	1519.3391788220881
13.10976265116538	3.1332885613565638	1608.4895992274216	1383.6143297068618	367.9263191891787	1529.4267813791332
13.100303417056706	3.1307987658933185	1619.647779305703	1394.772509785143	368.05379846776987	1539.512853709503
13.090965206527875	3.128323136896941	1630.805959383984	1405.930689863424	368.17612009159444	1549.5922182005056
13.081596547796073	3.1258616295584583	1641.9641394622652	1417.0888699417053	368.3002186382205	1559.6666864254773
13.07193084901735	3.1234141953787065	1653.1223195405464	1428.2470500199865	368.4383686409312	1569.7395795589457
13.063231333795306	3.120980783227557	1664.2804996188274	1439.4052300982676	368.5327640311958	1579.795366449133
12.654884665224799	3.114437226807633	1675.4386796971087	1450.5634101765488	387.8019304851936	1594.8198004573317
13.045283577396548	3.116155803828171	1686.59685977539	1461.72159025483	368.7481267575761	1599.8978649050678
13.036354659563221	3.1137641193985868	1697.755039853671	1472.879770333111	368.8545594300688	1609.9406959247985
13.027615166545893	3.111386222999916	1708.9132199319522	1484.0379504113923	368.952816201869	1619.9758481550116
13.01898309426217	3.1090220501324923	1720.0714000102332	1495.1961304896734	369.0466937949338	1630.00434795055
13.009558635690706	3.1066715347924236	1731.2295800885142	1506.3543105679544	369.1780888988951	1640.0382895560526
13.001255242912672	3.104334607147671	1742.3877601667955	1517.5124906462356	369.2580075231609	1650.0520209078275
12.992958097875286	3.1020111985714753	1753.5459402450763	1528.6706707245164	369.33827878992395	1660.0603892681809
12.985028481893654	3.099701236905059	1764.7041203233578	1539.828850802798	369.40199880030724	1670.058368259308
12.976552896074313	3.097404649095392	1775.8623004016388	1550.9870308810791	369.4919978334378	1680.0587376483086
12.968357239542614	3.095121360708845	1787.0204804799198	1562.14521095936	369.569614376044	1690.0499705023526
12.960163985872533	3.092851296087711	1798.178660558201	1573.3033910376412	369.64788705586784	1700.0359799089165
12.952050368419458	3.090594378579303	1809.3368406364823	1584.4615711159224	369.7231861354972	1710.0156598511035
12.944154500765855	3.0883505304219296	1820.4950207147633	1595.6197511942034	369.7890131264494	1719.9869417792052
12.935578768284829	3.0861196732643448	1831.6532007930446	1606.7779312724847	369.8878589803468	1729.9632648739926
12.928290302353128	3.0839017273405274	1842.8113808713258	1617.936111350766	369.9264910299865	1739.9150267578293
12.920359315680402	3.0816966132011205	1853.9695609496068	1629.094291429047	369.9964742435975	1749.8713398543782
12.497702808193607	3.0682150965723642	1865.127741027888	1640.2524715073282	390.8036415206062	1766.214841536181
12.904897828306764	3.0773245559810922	1876.2859211061693	1651.4106515856095	370.1200000661608	1769.7623582629215
12.897279885014107	3.0751574502092716	1887.4441011844501	1662.5688316638903	370.17770035706394	1779.6983719482987
12.484928491403638	3.0657601376767283	1898.6022812627314	1673.7270117421715	390.5677775103577	1796.0941149598455
12.578932237774364	2.979423477473438	2456.511285176788	2231.6360156562287	370.8242615230759	2278.399121417103
12.466900782278653	2.9412821900263224	2735.465787133817	2510.5905176132574	369.8710315376527	2517.0365699515737
11.941188287642658	2.894216746625877	3014.420289090845	2789.545019570286	392.4399985774857	2768.881641559751
11.816829182551773	2.8508073599125936	3293.374791047874	3068.4995215273148	393.8204410436635	3005.2883732743494
11.67835926894477	2.8020249147826823	3572.3292930049024	3347.454023484343	396.63820034106726	3240.338582639534
12.144389172199723	2.8269771771024446	3851.283794961931	3626.4085254413717	365.0395263814954	3436.384365210225
12.087563357925713	2.8052723605747683	4130.238296918959	3905.3630273984004	363.5454732807353	3657.579412908853
12.040637846161717	2.785574874154734	4409.192798875989	4184.317529355429	361.9042057522076	3875.1398472811143
11.998509335964084	2.7676264218209776	4688.147300833017	4463.272031312457	360.3711213410389	4089.38919212697
11.958987407176146	2.7512117460771455	4967.101802790045	4742.226533269486	359.0653014883133	4300.531717798016
11.483093852317424	2.7230344700553024	5246.056304747074	5021.181035226515	381.96063998064267	4556.735396515006
11.422758380701449	2.7000754773655897	5525.010806704102	5300.1355371835425	382.309750899184	4769.574514023068
11.318223404561168	2.6627661265492817	5803.9653086611315	5579.090039140572	385.7581674432277	4986.189540104417
11.248150577303349	2.637022290642782	6082.91981061816	5858.044541097601	387.1586352329578	5197.1035697723
11.81972342577366	2.68668487496283	6361.874312575189	6136.9990430546295	352.7967543326032	5307.569166287877
11.799811059248627	2.6764863930214147	6640.828814532217	6415.953545011657	351.73545324986395	5499.598680865239
11.780804183793515	2.6669911039657963	6919.783316489246	6694.908046968686	350.687260840645	5688.7792429474475
11.26193795876805	2.6297311574551587	7198.737818446275	6973.862548925715	376.4009605220788	5971.456064868136
11.201450560568208	2.607481525312474	7477.692320403304	7252.817050882743	377.95390069204564	6170.436624336059
11.736981325929515	2.642118553645631	7756.6468223603315	7531.771552839771	347.8932633792054	6237.884857774516
11.724673905127922	2.6348641535651307	8035.601324317361	7810.726054796801	346.9275264308649	6415.199860732933
11.713552867367772	2.6280576795999324	8314.555826274394	8089.6805567538295	346.01353539203024	6589.675878986899
11.705968392071531	2.621663628576632	8593.510328231421	8368.635058710857	345.043365404663	6760.704721893475
11.69370730802593	2.6156501373880983	8872.464830188448	8647.589560667886	344.40008846981715	6930.4598220334365
11.68624939713758	2.609988521177012	9151.419332145477	8926.544062624915	343.62616881511366	7096.424594292999
11.678707086484156	2.6046528841541083	9430.373834102505	9205.498564581943	342.6678457867362	7259.935417666634
11.671881395055216	2.5996197838433472	9709.328336059534	9484.453066538972	341.90737139648076	7420.785926297361
11.665816438638371	2.5948679448708822	9988.282838016563	9763.407568496	341.1802217881041	7578.976646690182
11.6603818648699	2.5903780118138813	10267.237339973592	10042.36207045303	340.5053443047979	7734.566460819781
11.655324013446386	2.5861323348722216	10546.19184193062	10321.316572410058	339.89380760314447	7887.667310798832
11.091596659639482	2.542721109726897	10825.146343887649	10600.271074367085	367.0419705927366	8252.462450934057