28.382674912641598	0.08186168569606778	35.01889990375193	0.11158180078281144	0.21926186974739212	29.42314902622758	0.2294761402266479
27.641770240697547	0.08321373215704085	56.00181385488425	0.22316360156562287	0.16964892259207845	45.838738242152175	0.36638318336958964
26.83433892584748	0.08412053650494968	72.04827648580353	0.33474540234843436	0.14312977282693629	59.51381247828058	0.4708744562489539
26.655930269292238	0.08653140692622104	81.10687321179608	0.44632720313124574	0.11056400213515243	70.98732377518685	0.5297225169962301
25.816045958412317	0.08964351049144294	90.14122176324858	0.5579090039140573	0.09426161745451377	78.92916323992486	0.5884123560085507
25.421318787447827	0.09349559297120792	97.00365480445811	0.6694908046968687	0.0781767393880302	86.19183786789505	0.6325701430208412
24.87749750173606	0.09808849683976162	101.2552516466545	0.7810726054796802	0.0642761436655866	94.28902493404898	0.6592591071306357
24.343892627481306	0.10346967223808368	105.50684848885089	0.8926544062624915	0.051916908379366536	98.67464298038442	0.6859480712404301
23.683369221085645	0.10924411301819369	109.75844533104727	1.004236207045303	0.045724011780216865	102.7363945541141	0.7126370353502246
12.792455435591982	0.5526443813158285	245.11693172096636	11.158180078281145	108.193309057716	242.56334505251456	1.56397487483684
12.73069157138787	0.5871574496909178	253.64944470328328	12.273998086109259	117.87838117210642	251.07029278210712	1.61611265705826
12.705339321625317	0.6199346684487048	261.7162972393374	13.389816093937375	125.79871691550807	259.09843121940736	1.6651991568357127
12.674314862925979	0.651156032707319	269.3689116641888	14.505634101765487	131.6779617470535	266.7226593134416	1.7115766239012373
12.649904238875283	0.6809789653089802	276.6290282465317	15.621452109593601	137.18954510003218	273.96743982138383	1.7554036191347995
12.630260900960941	0.7095521061656007	283.4737028303305	16.73727011742172	142.40516520580752	280.82947021259525	1.7965655709404666
12.613728198147347	0.737029249208523	289.83249210411054	17.853088125249833	147.3669920038065	287.2612549708335	1.8346648440253157
12.600345131305101	0.7635801868075756	295.591040048646	18.968906133077947	152.06043944388065	293.17039246406125	1.8690436262369599
12.589425737593348	0.789390201670538	300.6520020756804	20.084724140906058	156.5477831166536	298.4481008891374	1.8991521876820037
12.582032788557484	0.814640686768869	305.00762165816167	21.200542148734172	160.84258848118492	303.04112302849916	1.9249760099953814
12.573174035969538	0.8394831928660116	308.7306654146019	22.316360156562286	165.10884258312643	306.99039260956874	1.9469745439900865
12.567873941025232	0.8640275604061982	311.9500577659092	23.4321781643904	169.24047429336926	310.39273214988003	1.9659347334431345
12.5645887960622	0.8883444803525533	314.7734366892512	24.547996172218518	173.29442943342758	313.36346356512763	1.9825079344745173
12.562742608088989	0.9124744866678494	317.2989085750376	25.663814180046632	177.2953893089317	316.000041226595	1.9972847573794388
12.563579520387018	0.9364374937893575	319.5974919699202	26.779632187874743	181.21503681124398	318.377782863715	2.010691390257601
12.564345315755363	0.9602400859642514	321.7164358283517	27.89545019570286	185.12976636266254	320.5613676571763	2.0230103490690623
12.565336383006827	0.9838804865404174	323.7008260857324	29.011268203530975	189.0331196489627	322.5911155639986	2.0345116429346786
12.571227462682451	1.00735216357866	325.57437566164333	30.12708621135909	192.7938030671537	324.50062956721086	2.0453362251316842
12.57915234552916	1.0306460462673166	327.35941610364546	31.242904219187203	196.47569104304952	326.31260616780315	2.0556172277326814
12.582495431581643	1.053751848759361	329.0735847750096	32.35872222701532	200.2586279526424	328.0461357120133	2.065459925377967
12.589096169226462	1.0766590560829754	330.729108192778	33.47454023484344	203.91984943945235	329.7142734978658	2.0749370287646713
12.597580408870526	1.0993574551831815	332.3341290763679	34.590358242671556	207.4966446539873	331.3286638100401	2.084096302118966
12.60581579012553	1.1218375025511351	333.89826701182164	35.70617625049967	211.05050928277097	332.89864815756164	2.0929955105367957
12.615274522483212	1.1440905186249404	335.4279505267283	36.82199425832778	214.53791110641293	334.43109019658857	2.1016730722078565
12.625116779727932	1.1661087979507425	336.92828100721573	37.937812266155895	217.98150915553973	335.9308176630996	2.1101595564909656
12.63475607329575	1.1878855625336473	338.40082866504906	39.053630273984005	221.39935665206787	337.40146107235853	2.1184626289413684
12.64589344101933	1.209414994102238	339.85150288648117	40.169448281812116	224.73938786266308	338.8486525593599	2.1266190967563907
12.658871113086835	1.230692278472216	341.2827707454813	41.28526628964023	227.98931517798007	340.27379036234225	2.1346436788746344
12.66618519138772	1.2517133930432087	342.69524398860847	42.401084297468344	231.3793595190202	341.6807893297258	2.142538382957414
12.679027430504355	1.2724751891282273	344.0931908947216	43.51690230529646	234.56449592713585	343.07094015869876	2.150331067259574
12.690485778918877	1.2929752661574614	345.4759648123013	44.63272031312458	237.75756970066624	344.44526956974033	2.1580154032914014
12.713505750746467	1.3132118866618636	346.8468923300727	45.7485383209527	240.54894023060723	345.80536199095366	2.1656136419635588
12.712069726608368	1.3331839851378435	348.20562726554147	46.86435632878081	244.07992017120165	347.1560980580074	2.173121786336711
12.725413713792834	1.3528910165837407	349.5544707984808	47.980174336608926	247.0998189475914	348.49431969766147	2.1805555343638745
12.74318415143546	1.3723329921657168	350.89304818242556	49.095992344437036	249.93289305660602	349.8207308036266	2.1879107569662173
12.748495023070326	1.3915103398665571	352.22346484834117	50.211810352265154	253.12652012774865	351.1405392302168	2.195202468970604
12.760420332244392	1.4104239249068022	353.54485375733555	51.327628360093264	256.06418343033175	352.4501847783108	2.2024227217397536
12.771925796858492	1.4290749600944155	354.85932528813726	52.44344636792138	258.972919537473	353.7520288023669	2.209587281019618
12.783457832748306	1.4474649716119905	356.16612134614303	53.559264375749486	261.83870390618586	355.0465682032079	2.2166890180917957
12.795299035550142	1.4655957928845553	357.466572063699	54.6750823835776	264.6511299356841	356.3336405857981	2.2237379605921603
12.806632801387973	1.4834694655647385	358.76082310725167	55.79090039140572	267.4376079027708	357.6147541043558	2.230734498806673
12.806632801387973	1.4834694655647385	358.76082310725167	55.79090039140572	267.4376079027708	357.6147541043558	2.230734498806673
12.8093847263905	1.4878979730441793	359.08324173599186	56.06985489336274	268.12961550420476	357.93383915774217	2.2324738410942793
12.812267772734131	1.4923105879319498	359.4056603647321	56.348809395319776	268.81455282868194	358.2526038286235	2.2342131833818852
12.815033336004817	1.4967073422803148	359.7275206322549	56.6277638972768	269.5007231542953	358.5713799255587	2.23594768329505
12.817286760532314	1.5010882870624294	360.04891967558297	56.90671839923384	270.20131100901756	358.8893712649365	2.2376781832523043
12.818600538048244	1.5054534579658048	360.37031871891105	57.185672901190856	270.93057858874175	359.20734946972453	2.2394086832095583
12.821399163367523	1.509802886456748	360.6910706838173	57.464627403147894	271.60743794273236	359.5250505948756	2.241133507995973
12.834437415924382	1.514136628048273	361.0114867691683	57.74358190510491	271.9367702805923	359.83995573813684	2.242855386966558
12.828722643677246	1.5184547136170863	361.3319028545193	58.02253640706195	272.8930711265092	360.1581837108541	2.244577265937143
12.8314875993185	1.5227571828206141	361.6516034066159	58.301490909018966	273.56172524520593	360.4748549718772	2.2462927985781764
12.833918835402438	1.5270440923758781	361.9710711284271	58.580445410976004	274.23870189889533	360.7906302747002	2.2480062661611404
12.838189834922911	1.535571364575711	362.60924072712055	59.13835441489007	275.6028197845083	361.42219253642793	2.2514263321770542
12.842651845361127	1.5398118256186648	362.9277928410304	59.41730891684709	276.2015707597409	361.736612938767	2.2531315873298117
12.845105160432107	1.5440368890875031	363.2463449549403	59.69626341880411	276.86487576815176	362.05139475095893	2.254836842482569
12.851841741981293	1.5482466017265015	363.5640971831034	59.975217920761146	277.3815412773575	362.3653029207637	2.2565348421621847
12.853072869437865	1.5524410150889543	363.88176478149353	60.25417242271817	278.0788188687399	362.6793911189488	2.258232074195863
12.852983638356921	1.5566201655137653	364.1994323798837	60.53312692467521	278.81708816550696	362.9937181677157	2.259929306229541
12.85649006175391	1.5607841032569312	364.5162806603118	60.812081426632226	279.43114957258035	363.30727891685564	2.2616190223682393
12.866235158990884	1.564932879496245	364.83309333095605	61.091035928589264	279.8331313472346	363.6188683081185	2.2633084118457303
12.86130757635723	1.569066531644168	365.1499060016003	61.36999043054628	280.7230745821385	363.93321188347335	2.2649978013232204
12.866026747040552	1.5731851108965498	365.46589304694425	61.64894493250332	281.28503960882796	364.245638165371	2.2666795308514667
12.866502953687121	1.5772886701248956	365.78187901636767	61.927899434460336	281.9856099980656	364.5581054009301	2.268361250397586
12.867072041037702	1.5813772474338958	366.0978445523366	62.206853936417374	282.6790659629913	364.87054857524595	2.2700427781944104
12.872817534372306	1.5854508954514352	366.41303081534267	62.4858084383744	283.196725555311	365.18191288215377	2.2717169932266947
12.87423288468621	1.5895096659616628	366.72821707834873	62.76476294033144	283.85306780734703	365.49336282913623	2.273391208258979
12.883553540096111	1.5935535992364316	367.0433731025483	63.043717442288454	284.24329687240385	365.8032848724624	2.2750651362455585
12.879307920604585	1.5975827488017234	367.3577855392376	63.32267194424548	285.0793071307388	366.1157411314394	2.2767320056334266
12.882267809540593	1.601597166839628	367.6721979759271	63.60162644620251	285.67245425921647	366.4260796950933	2.278398875021295
12.885098769111162	1.605596894786445	367.98658087243894	63.88058094815954	286.26395556322666	366.7364337822438	2.280065460714655
12.887891056789364	1.6095819851691975	368.30024435392045	64.15953545011656	286.8528072496568	367.0467476153853	2.281725137373932
12.890022826158853	1.613552494746769	368.6139078354019	64.4384899520736	287.4592550359638	367.35645722513874	2.283384814033209
12.896908204811682	1.6175084593957916	368.92755188198623	64.71744445403063	287.90436567911723	367.66522818445316	2.2850443018321047
12.89294290427747	1.6214499373939286	369.2404903658689	64.99639895598766	288.6982803452162	367.97610862450034	2.2866969332612466
12.898364910077428	1.6253769824124644	369.55342884975164	65.27535345794469	289.18275929790497	368.284409367401	2.2883495646903884
12.89984646526009	1.6292896355121427	369.8663664009494	65.5543079599017	289.789019507131	368.59347290337115	2.2900021869468388
12.90128327719383	1.6331879514981076	370.1786030176027	65.83326246185874	290.3900166243342	368.9025374546699	2.2916479157105787
12.915408288042018	1.6370719837429268	370.4908396342559	66.11221696381577	290.58189406374424	369.208405495034	2.2932936444743186
12.908458494344572	1.6409417760354432	370.8030762509092	66.3911714657728	291.4404134293602	369.5183995781553	2.294939373238059
12.90968200818834	1.644797383637648	371.1146584128763	66.67012596772985	292.03087585487583	369.8267660785518	2.2965785866037027
12.912250809453711	1.6486388578203286	371.42621554335113	66.94908046968686	292.57424085569517	370.13425166518357	2.298217550769302
12.914450301391785	1.6524662461530153	371.737772673826	67.2280349716439	293.12302744398517	370.4417182280948	2.2998565149349015
12.916937771498109	1.6562795998358963	372.0487296067331	67.50698947360091	293.6553955666815	370.7491149923076	2.30148942895248
12.919273441837127	1.6600789734327788	372.35962895315373	67.78594397555796	294.18820490740137	371.0560072387371	2.3031217624832556
12.920587278921587	1.663864415240974	372.67052829957424	68.06489847751497	294.74445067441917	371.36295489900044	2.3047540960140314
12.924077217716498	1.6676359730844297	372.9808868644199	68.34385297947202	295.22774693932996	371.6694531106613	2.3063809083846047
12.925834969735284	1.6713937074734186	373.2911495135767	68.62280748142904	295.7594900596907	371.97584736689123	2.308006741494959
12.9289689704647	1.6751376616388272	373.60141216273354	68.90176198338607	296.2395697988601	372.28175036295204	2.309632574605313
12.93120941715506	1.678867885871738	373.911197892703	69.1807164853431	296.7425637293551	372.5878252776893	2.311253474471969
12.931896862885964	1.682584437489021	374.22084437350986	69.45967098730013	297.2833926811216	372.8938510275907	2.312872933947733
12.93608056634655	1.6862873640406253	374.5304908543167	69.73862548925715	297.71473573394405	373.1988843565357	2.314492393423497
12.938294450198878	1.6899767135003605	374.8397280467193	70.01757999121418	298.19901865957695	373.50431192108374	2.316107561919684
12.940324321690245	1.6936525445172612	375.1487783821323	70.29653449317121	298.67850393511986	373.8094946223745	2.3177207714072154
12.9427710971196	1.6973149042027595	375.4578287175453	70.57548899512823	299.1433555210372	374.11424906749664	2.3193339808947466
12.945128514255552	1.7009638394258053	375.7665405151361	70.85444349708526	299.5996139983948	374.41901436580514	2.32094359163168
12.947293583434611	1.7045994101947115	376.0750142690752	71.13339799904229	300.05810284189073	374.7236215524734	2.322550671898816
12.949871967767411	1.7082216637774457	376.38348802301437	71.41235250099933	300.4958031529884	375.02773843628586	2.3241577521659518
12.951316267556386	1.7118306444084082	376.6916964860736	71.69130700295635	300.9596475840167	375.33208016508604	2.3257619716669704
12.952049233614135	1.7154264138709627	376.99961280583574	71.97026150491338	301.43429059127277	375.63646855552304	2.327363040838633
12.95669366650351	1.7190090190036076	377.3075291255978	72.2492160068704	301.79884235600707	375.93955311086853	2.328964110010296
12.95741145171471	1.7225785060593344	377.6152552959655	72.52817050882744	302.25997200043025	376.2434532049183	2.3305630980990215
12.960962796064779	1.7261349328461477	377.9226329505696	72.80712501078446	302.64143375125326	376.5467471346518	2.3321582718700027
12.963197553216157	1.7296783492261307	378.23001060517373	73.08607951274149	303.04963206579725	376.8497621944988	2.333753445640984
12.965278023590475	1.7332087999960393	378.53727456327937	73.36503401469851	303.45721575195586	377.15279801433496	2.3353473557892293
12.967679958815648	1.7367263414463603	378.8441319781436	73.64398851665555	303.8480526108658	377.4557628264818	2.336936747616421
12.971424547650969	1.740231025205003	379.15098939300776	73.92294301861257	304.203486206759	377.7579865205803	2.3385261394436125
12.97194631690611	1.7437228958935673	379.4578103088048	74.20189752056959	304.6270819355869	378.060802198338	2.3401151190842313
12.973891477972751	1.7472020069081988	379.7641655971135	74.48085202252663	305.01549176751803	378.3633040360322	2.3416988403603582
12.976108584512147	1.7506684127830665	380.07052088542224	74.75980652448366	305.3846060966678	378.6654095059166	2.3432825616364856
12.97819953375697	1.7541221569839796	380.376876173731	75.0387610264407	305.75632990788887	378.96735090993076	2.3448662829126126
12.980483642691478	1.7575632921397426	380.68278805510295	75.31771552839771	306.11416513085595	379.26924124996015	2.346444912656351
12.989415309883578	1.7609918711658648	380.9886590461903	75.59667003035476	306.31344740378	379.5694527452657	2.3480230728670444
12.984862031287383	1.7644079410642515	381.2945300372776	75.87562453231178	306.82209836535833	379.87232075966364	2.3496012330777383
12.986307415844442	1.7678115528756464	381.60005223388765	76.1545790342688	307.18228376357416	380.17387383235484	2.351175317885802
12.988910536838938	1.7712027532322063	381.90545649892937	76.43353353622582	307.51586192825744	380.4750499526294	2.352748024751682
12.98959158930231	1.7745815967141583	382.2108607639711	76.71248803818287	307.88083129964866	380.7762779864353	2.354320731617563
12.991440494059615	1.777948128526755	382.51600973534255	76.99144254013989	308.21867277433256	381.07724083953536	2.3558904007600603
12.994523143538146	1.7813024019154244	382.8209646106217	77.27039704209692	308.52412683134065	381.3779124241549	2.357457760365319
12.996787874289575	1.7846444656124456	383.12591948590074	77.54935154405395	308.8403234432452	381.67830572517425	2.359025119970578
12.998899316016896	1.787974363142671	383.4307109592759	77.82830604601098	309.1593879029866	381.97872393609595	2.360590497777569
12.999560022546026	1.7912921519166098	383.73523356726014	78.10726054796801	309.49984832139734	382.27945716782966	2.3621526146864102
13.00266668989289	1.7945978762543533	384.0397561752443	78.38621504992503	309.7860373035548	382.5792870108111	2.363714731595251
13.004555275893843	1.7978915844875485	384.34420517405806	78.66516955188207	310.09700244890735	382.8792857099296	2.3652759376402455
13.006638912687379	1.8011733266277474	384.6483124425046	78.94412405383909	310.39262501529646	383.17923378920864	2.3668329150023864
13.008932516158174	1.8044431526917102	384.9524197109511	79.22307855579612	310.6835812237013	383.4788925593117	2.3683898923645272
13.010705854558607	1.8077011073958607	385.2565269793977	79.50203305775315	310.9831285548073	383.7784668079863	2.369946869726668
13.012730745561742	1.8109472401753839	385.5602492601308	79.7809875597102	311.26804216792095	384.0779748650924	2.3714989812799474
13.01422476943443	1.8141816022483925	385.8639579394129	80.05994206166721	311.56304898010154	384.37747282374494	2.3730509209262847
13.016484702063625	1.8174042388321276	386.1676666186951	80.33889656362425	311.84068269759746	384.67650514614706	2.374602860572622
13.019890886240807	1.8238145269041328	386.7744177297966	80.89680556753831	312.39958617712017	385.2747807975157	2.377698129033538
13.022079450242112	1.827002273902162	387.07774440862687	81.17576006949533	312.6681596739442	385.5734069049673	2.379245131562953
13.022591787644716	1.830178485784679	387.38088390492965	81.45471457145234	312.9588165289161	385.8724112589524	2.380789656989566
13.029838613712036	1.8333432109176642	387.6838450246377	81.73366907340937	313.12343363439544	386.16984275115334	2.3823318218477625
13.027808626358626	1.8364964964189667	387.9868061443458	82.0126235753664	313.4609118645504	386.4691430973415	2.383873986705959
13.029455635782968	1.8396383854896372	388.2896730187151	82.29157807732344	313.7208787257969	386.76748353039153	2.3854148726671403
13.031574344240699	1.8427689322419127	388.59228488622307	82.57053257928045	313.97077451166314	387.06570513755577	2.3869522982183065
13.033198308794407	1.8458881774413367	388.89489675373096	82.84948708123748	314.2292916647646	387.3638673954258	2.388489723769472
13.034984466547144	1.8489961682118106	389.19750273960983	83.12844158319453	314.47957235393363	387.66179022615296	2.390027067348515
13.036683551320982	1.8520929514661832	389.4997815392327	83.40739608515156	314.72691882329417	387.9597247490219	2.39155985094053
13.03847284233184	1.8551785749865723	389.8020603388555	83.68635058710858	314.97231952290304	388.25757231890987	2.393092634532545
13.040200852456763	1.8582530822927876	390.1043391384783	83.96530508906562	315.21776215383846	388.55513928553773	2.39462541812456
13.041099353130631	1.8613165190227918	390.40637841005645	84.24425959102264	315.469227400341	388.85289482192786	2.396154766994999
13.04369949835555	1.8643689335287428	390.70834021424446	84.52321409297967	315.6910690463982	389.15023350740137	2.397683005018829
13.044246640335995	1.8674103698840117	391.0103020184324	84.80216859493669	315.94799918373786	389.44777942869405	2.399211243042659
13.04548371691539	1.8704408717561707	391.3121181631552	85.08112309689372	316.18792638100854	389.74510236318764	2.4007373277697988
13.04898147071595	1.8734604873765268	391.6137789422821	85.36007759885075	316.3859886808695	390.04187089488033	2.402261115713663
13.049829445658254	1.8764692607039413	391.91543972140903	85.63903210080777	316.62818368603814	390.3391055718436	2.403784903657527
13.052583473244658	1.8794672328515272	392.21704273479327	85.9179866027648	316.83792195472455	390.63572604824617	2.405307809267791
13.054187777727789	1.8824544543356776	392.5184183660839	86.19694110472183	317.0613664626693	390.93261426732084	2.406827241766619
13.056128414378916	1.8854309654692665	392.81979399737446	86.47589560667886	317.27662355670697	391.22934932502443	2.4083466742654474
13.056691023168087	1.8883968130245306	393.12116962866503	86.75485010863589	317.5142035838857	391.5261792061043	2.4098661067642757
13.059453226532778	1.891352039376808	393.42229964011403	87.03380461059292	317.71525349789613	391.8224629541888	2.411381653181091
13.059897977394954	1.8942966896365754	393.7234059157973	87.31275911254995	317.9479917629547	392.1193063828756	2.412896824061746
13.062355325676862	1.897230807426405	394.0245121914805	87.59171361450699	318.14662766009053	392.41540171819184	2.414411994942401
13.064301979807835	1.9001544341624828	394.32546325880026	87.870668116464	318.3530866813897	392.7115781414548	2.4159246149923006
13.082770321675804	1.9030676165641842	394.626315893563	88.14962261842105	318.29268111186605	393.00365586707323	2.4174356173149847
13.068879732214375	1.9059703971636421	394.9271685283258	88.42857712037807	318.749656707516	393.3035949310354	2.4189466196376683
13.067640485477826	1.90886281708068	395.2279490833639	88.70753162233508	318.9985338008129	393.6002688917837	2.4204563874349554
13.069598417067555	1.9117449217683036	395.5285637211753	88.98648612429211	319.1969980142576	393.896145705622	2.4219633135311827
13.072293132172433	1.9146167522076956	395.8291783589867	89.26544062624914	319.3834890035475	394.19178492370537	2.4234702396274104
13.073866601915157	1.9174783511324052	396.12979299679813	89.54439512820618	319.5839791016241	394.4874877666309	2.424977165723638
13.075287222319504	1.9203297615399542	396.43018858743153	89.8233496301632	319.7835868715353	394.78322124463983	2.426480167609129
13.076723066202595	1.9231710264670092	396.7305808077992	90.10230413212022	319.98266328105535	395.07894202776515	2.427983109116609
13.077478159897854	1.9260021868654253	397.0309730281668	90.38125863407727	320.19196187327765	395.37463824703144	2.4294860506240887
13.079181814812193	1.9288232828397862	397.3312291027424	90.6602131360343	320.3848796785047	395.6700404664746	2.4309864299876986
13.08117568481016	1.931634359431213	397.6314144264568	90.93916763799132	320.56879088630944	395.9653549773624	2.4324854778824316
13.084730957481296	1.9344354568225226	397.9315997501713	91.21812213994835	320.7287739420582	396.2601800682882	2.4339845257771646
13.084483473242816	1.9372266158149005	398.2317233212438	91.49707664190538	320.94590609711884	396.55583547162496	2.4354823467860216
13.08633218352187	1.9400078787774084	398.5317172156618	91.77603114386241	321.1310400227238	396.8509466477814	2.4369775914118907
13.087730669027343	1.9427792855178898	398.83171111007977	92.05498564581943	321.3191451017923	397.1461568214108	2.4384728360377594
13.087966229560505	1.9455408763188868	399.13170500449775	92.33394014777646	321.5223001398881	397.4414629409378	2.439968080663628
13.089558944475966	1.9482926944060384	399.4315266457466	92.61289464973349	321.70508366775215	397.736411831293	2.441459691033317
13.091902584032763	1.9510347774665526	399.731344529658	92.89184915169052	321.87637884532484	398.0311577306606	2.4429512221294183
13.093622907714536	1.9537671680927944	400.0311624135694	93.17080365364754	322.05662784538544	398.32593362348445	2.4444427532255197
13.095069897252538	1.9564899055625218	400.33087967637954	93.44975815560458	322.23569709699547	398.62070533596506	2.445932014042292
13.096490617876244	1.9592030283186748	400.63053692449955	93.7287126575616	322.4147955564644	398.9154671108572	2.4474199207682337
13.096369585032411	1.96190657806113	400.93019417261957	94.00766715951863	322.6161712075381	399.2105986039033	2.4489078274941756
13.099266625511744	1.9646005940657554	401.2298127754563	94.28662166147566	322.7731023998007	399.5047930013242	2.4503947938225754
13.100002693198894	1.9672851149903707	401.52932472257896	94.56557616343271	322.9603781905786	399.79954479407144	2.451879164781941
13.102106702776403	1.9699601802712734	401.8288366697015	94.84453066538973	323.12390730313473	400.0939287007546	2.453363535741307
13.103473234146477	1.9726258307497535	402.12834861682416	95.12348516734676	323.29772166812194	400.38836719290885	2.4548479067006723
13.10655765008387	1.9752821029395948	402.42774388211154	95.40243966930377	323.44648558469214	400.68231335463884	2.4563291832246903
13.106182144875088	1.977929037180513	402.7271258269584	95.68139417126082	323.64487394628384	400.97716736844484	2.4578101064868503
13.106727974888363	1.9805666707212486	403.02650777180526	95.96034867321784	323.8286439075796	401.2717174428765	2.4592910297490103
13.109011114878447	1.9831950429638256	403.3258299087985	96.23930317517487	323.9840957454515	401.5657082075035	2.4607702014879203
13.111676393367627	1.9858141919216812	403.6250971175922	96.51825767713188	324.13379132500904	401.8595857080783	2.462247764608352
13.111626999453332	1.9884241557743072	403.9243643263859	96.79721217908893	324.32175596385235	402.15418382754615	2.463725327728784
13.114336471185458	1.9910249713228845	404.223617872523	97.07616668104595	324.47019718228086	402.4479061453146	2.465202441407693
13.114488743460871	1.9936166784354603	404.5227855823122	97.35512118300298	324.65471870020616	402.7423062270229	2.46667673144696
13.11626720324277	1.9961993122443669	404.8219532921014	97.63407568496	324.812038904113	403.03625624518895	2.468151021486226
13.11678079770127	1.9987729113405752	405.12112100189063	97.91303018691704	324.9867998437729	403.3304850374045	2.4696253115254927
13.11835077502165	2.0013375132156734	405.42022584531986	98.19198468887407	325.1465043458192	403.62436620194404	2.471097224910354
13.119182106968383	2.0038931544143006	405.7193092670803	98.47093919083109	325.31633280471465	403.91842888570085	2.4725683284518674
13.120643277284387	2.0064398722475016	406.0183926888407	98.74989369278813	325.4770376494051	404.21232101523935	2.4740394319933805
13.121861946627313	2.008977702870547	406.31745212988153	99.02884819474517	325.6380864355113	404.5061718741863	2.475509459572887
13.123232696856476	2.011506682141603	406.6164664514146	99.30780269670218	325.79589466853224	404.79997686395694	2.476977462739578
13.124063968004334	2.014026848121623	406.9154807729478	99.58675719865921	325.96093526869714	405.09392069689994	2.478445465906269
13.126053402193458	2.016538236664643	407.21449509448087	99.86571170061625	326.1096200954923	405.3874795213906	2.4799134690729594
13.126965235367807	2.019040882341189	407.51345866187324	100.14466620257328	326.2730422169029	405.6813019332937	2.481378635241663
13.12978506760063	2.0215348223570055	407.81241905019147	100.4236207045303	326.40898343062776	405.97458035223207	2.4828436237100413
13.129225907476933	2.024020092289053	408.11137943850963	100.70257520648732	326.5885776038652	406.2687863975535	2.48430861217842
13.13080963568593	2.0264967266251173	408.4103193466404	100.98152970844436	326.7385667186472	406.5623284855079	2.4857720537233843
13.131987656596047	2.028964762051987	408.70924095107375	101.26048421040139	326.8938749028919	406.8559740846881	2.4872341127410547
13.133088931340309	2.0314242326760876	409.00816255550706	101.5394387123584	327.04999601087655	407.14961792939647	2.4886961717587246
13.133482417003314	2.033875174473735	409.3070816004424	101.81839321431544	327.2156718397373	407.4434449654134	2.490157922918681
13.135258504367622	2.036317621651618	409.6059795550064	102.09734771627247	327.3597460559377	407.7368465641742	2.491617137318147
13.141589127337895	2.0387516088293447	409.90487750957044	102.3763022182295	327.44076454146693	408.02894183306404	2.4930763517176135
13.137739120300887	2.04117717159676	410.20377546413454	102.65525672018653	327.66021608610504	408.3239115921773	2.49453556611708
13.13884182430014	2.0435943434115735	410.5026676042079	102.93421122214357	327.8119630482013	408.61744011342125	2.495992898831583
13.139776785886301	2.046003158429287	410.801557029666	103.21316572410059	327.96577107223874	408.9109974088019	2.4974493530424975
13.141398401470777	2.0484036510461534	411.10044645512403	103.49212022605762	328.1099146671778	409.2043646420558	2.498905807253412
13.14234427232387	2.0507958554198145	411.3993375173518	103.77107472801464	328.2603990210152	409.497891468489	2.50036159583014
13.143516832204691	2.053179804041131	411.69823352336107	104.05002922997168	328.4073576231871	409.79134338236673	2.5018153738918953
13.144742785244521	2.0555555316648126	411.9971295293703	104.3289837319287	328.5533522028703	410.084756943018	2.5032691519536496
13.144719698007226	2.057923071839344	412.2960255353796	104.60793823388573	328.71608571066963	410.37854674678795	2.504722930015404
13.14602039740561	2.0602824566867306	412.59493909040145	104.88689273584275	328.860612817598	410.67192573042325	2.5061746096814708
13.147844240611006	2.062633721351976	412.89385677754814	105.16584723779978	328.99766967114317	410.9651309958248	2.5076257952551866
13.14914896149594	2.06497689705695	413.19277446469476	105.4448017397568	329.1390379023761	411.25850311422465	2.509076980828902
13.150200114723635	2.0673120164405447	413.49170553614016	105.72375624171383	329.2835765791087	411.55193272636745	2.510527253168735
13.150995498968824	2.069639112377159	413.79065999787355	106.00271074367086	329.4313372182825	411.8454341908393	2.5119759295487034
13.152318353933373	2.071958218088844	414.089614459607	106.2816652456279	329.57175022366727	412.13875679518713	2.513424605928672
13.153496361308724	2.0742693661435845	414.3885689213403	106.56061974758492	329.71388118755067	412.43214812122164	2.5148732823086397
13.153398545806104	2.076572587709219	414.68757070931184	106.83957424954195	329.87298063204514	412.7259107855368	2.516319744661121
13.15795889271665	2.078867914975337	414.9865770337878	107.11852875149897	329.96702132882587	413.01826102077916	2.5177659947857505
13.156468788166421	2.081155380124423	415.28558335826386	107.39748325345602	330.141748162326	413.3124366816611	2.519212244910381
13.157399878650976	2.083435014353933	415.58462016467854	107.67643775541303	330.28386581065814	413.60588948518443	2.5206574279374347
13.158648950068251	2.085706849910934	415.8836934365197	107.95539225737006	330.4214833133701	413.8992584323783	2.522101334399745
13.159733686207048	2.087970918403118	416.1827667083609	108.2343467593271	330.5610801425394	414.19266278052146	2.523545240862055
13.162263233273869	2.090227250194369	416.481839980202	108.51330126128413	330.68091829665383	414.48563673961377	2.524989147324365
13.160511249770119	2.092475876871144	416.7809946656279	108.79225576324114	330.8565513168627	414.77993351847556	2.5264308093792103
13.162679599765843	2.0947168282420066	417.0801499676079	109.07121026519818	330.9788067032656	415.07303412647036	2.5278724544369084
13.16368660805224	2.096950137171948	417.37930526958786	109.3501647671552	331.11632051909385	415.3664801018981	2.529314099494607
13.164520430791823	2.0991758336152975	417.6785114803393	109.62911926911224	331.2559359349187	415.66001275549326	2.530754602021091
13.165351519694484	2.101393947327531	417.97776389499904	109.90807377106927	331.3953765763053	415.9535645206804	2.532194067606278
13.164651668186544	2.103604509348271	418.2770163096588	110.1870282730263	331.55522215797384	416.2475746629366	2.5336335331914652
13.167493042638165	2.105807549467268	418.576274414076	110.46598277498333	331.666380778309	416.5405025588547	2.535072892389273
13.167079274296224	2.1080030988996548	418.8756390252762	110.74493727694036	331.81966492523344	416.83449229563575	2.5365102601177996
13.169127091600979	2.110191186612882	419.17500363647633	111.02389177889738	331.93995758524363	417.1277108428289	2.537947627846326
13.170013596164734	2.112371841178461	419.4743682476765	111.30284628085441	332.07550475163464	417.4212801701174	2.5393849955748524
13.171149114168117	2.114545094408912	419.7738056816097	111.58180078281144	332.20750359008184	417.7148227864044	2.540821209572808
13.2028905002044	2.1957287686095657	431.7946073132383	122.73998086109259	337.29197240152047	429.4887303537829	2.5978736756198026
13.224791409025377	2.2668034320761468	443.95258484012925	133.89816093937375	341.9317154516597	441.3701790319814	2.654427308077216
13.240821812690772	2.329184398148873	456.3258852122744	145.0563410176549	346.2114155321304	453.43035546069945	2.710879334631781
13.248370445687684	2.384040246121682	468.99504163419056	156.21452109593602	350.2509937152892	465.74435176058785	2.767616530717576
13.252021253019349	2.4323394230201374	482.04523356566693	167.37270117421716	354.0371962750626	478.3875802266139	2.82502569639263
13.248289519033206	2.4748880252858028	495.5716044449904	178.53088125249832	357.6610715454531	491.4455022918236	2.883512101927666
13.24304231929827	2.512360096447002	509.6775783357904	189.68906133077948	361.05796597056275	505.0063030379994	2.9435017718626373
13.233840455374079	2.545321447210967	524.5536417844129	200.84724140906062	364.28725187541136	519.172657845753	3.0057605326442065
13.221480728111185	2.566005653525385	903.1255686912339	212.00542148734172	366.55530210845734	533.5274941638302	4.561004746345415
13.196673411098361	2.5634843185880847	921.4881476334868	223.16360156562288	366.96480452199097	908.1455901519831	4.635869687800737
13.163122109531711	2.5582639171669967	938.2254177509087	234.32178164390402	367.34903341020146	924.5286603039168	4.703426260880393
13.123472756317529	2.5517584465952177	954.9626878683304	245.47996172218518	367.7631271728383	940.6026525682643	4.770343322761442
13.081395621856938	2.5445608550780436	971.6999579857518	256.63814180046626	368.18184082547845	956.671632458671	4.8366406669618085
13.037160790926162	2.5369945722629286	988.4372281031735	267.79632187874745	368.62245816949167	972.7360718113908	4.902338656130569
13.000673048728514	2.5292542638682716	1005.1744982205951	278.9545019570286	368.9105177664047	988.7724034461052	4.967455673225004
12.946921835072386	2.521463001736909	1021.9117683380168	290.1126820353098	369.5295283361352	1004.8433889941194	5.032009284779158
12.900850740991418	2.513700539254309	1038.6490384554386	301.2708621135909	370.01085291395196	1020.887491290397	5.096016287658185
12.85417607282097	2.5060189891768854	1055.38630857286	312.429042191872	370.5154451447017	1036.9258838408182	5.159492425198419
12.809791229629079	2.4984522047703597	1072.1235786902819	323.58722227015323	370.9881546122784	1052.9505832865389	5.222452441883608
12.764764014890073	2.4910216824735665	1088.8608488077036	334.74540234843437	371.4881216789146	1068.970108347297	5.284911703974682
12.719592107699194	2.4837404193847408	1105.5981189251252	345.9035824267155	372.00683029466853	1084.9834290756503	5.346882582584973
12.675917535732887	2.47661551790415	1122.3353890425467	357.06176250499664	372.51056264850206	1100.9854753570185	5.408379225593154
12.631938084576513	2.4696499684035094	1139.0726591599685	368.21994258327777	373.0367816455642	1116.9822093937073	5.469413901151088
12.590592840526256	2.462843899424119	1155.8099292773902	379.37812266155896	373.52287037873265	1132.9635587310304	5.529998365712678
12.54867779737841	2.456195458398545	1172.5471993948117	390.5363027398401	374.0364630618964	1148.9406678377588	5.590143855933138
12.50754346494403	2.449701446741292	1189.2844695122335	401.69448281812123	374.54869412063675	1164.9088748897145	5.649861537904964
12.467564508929254	2.4433577704230713	1206.021739629656	412.85266289640236	375.04999538660456	1180.8666707943426	5.709161669615403
12.428035089898039	2.4371597664402636	1222.7590097470775	424.01084297468344	375.5561004687269	1196.8167668871606	5.768054476384207
12.389312785480532	2.4311024432475015	1239.4962798644992	435.16902305296463	376.0576559126195	1212.757736792213	5.826549739680352
12.351326520358233	2.4251806423878106	1256.2335499819214	446.32720313124577	376.5564112267397	1228.6898269550536	5.884656705022184
12.31401921098027	2.419389169385317	1272.9708200993434	457.48538320952696	377.052248330203	1244.6132495521158	5.942383603341856
12.27701147060476	2.413722875054139	1289.7080902167652	468.64356328780804	377.5544226582132	1260.5297446420227	5.999739988694587
12.240976850519186	2.408176715117837	1306.4453603341872	479.8017433660893	378.04565613154	1276.4361924797079	6.0567330130152515
12.2059257291712	2.4027457952094333	1323.1826304516085	490.95992344437036	378.52550909762255	1292.3323620470314	6.113371364007374
12.172847118414753	2.397425393214709	1339.9199005690302	502.1181035226515	378.96800877512163	1308.212997420859	6.169662606445379
12.138854339234163	2.3922109796936275	1356.657170686452	513.2762836009326	379.4444013595264	1324.0926415472964	6.225613606895297
12.106000569245673	2.387098222116321	1373.3944408038735	524.4344636792138	379.90275319367936	1339.9608118733242	6.281231675148461
12.073628838949027	2.382082994751238	1390.1317109212953	535.5926437574949	380.3596479901728	1355.8208690656168	6.336523754643696
12.04136489780941	2.3771613699628187	1406.8689810387173	546.7508238357761	380.82370294239854	1371.674952558282	6.391496406918905
12.009880647207428	2.372329620543384	1423.6062511561388	557.9090039140572	381.2778547563655	1387.5192678574265	6.446156001293659
11.981723957867404	2.3675842105535048	1440.343521273561	569.0671839923383	381.65370279835616	1403.3382230196626	6.500508722163907
11.950516747815946	2.362921790867339	1457.0807913909828	580.2253640706195	382.11903527126873	1419.17006418802	6.554560352674373
11.921158930493995	2.3583391880574016	1473.8180615084045	591.3835441489007	382.5441755108863	1434.9852090058675	6.608316549906886
11.891639970910964	2.3538333988364415	1490.5553316258258	602.5417242271818	382.98232300583294	1450.7961090646559	6.661783250962973
11.864939186350542	2.3494015800386876	1507.2926017432476	613.699904305463	383.35198745359025	1466.583015451016	6.7149659561537
11.836517809035028	2.3450410418663057	1524.0298718606687	624.858084383744	383.7764203258079	1482.3759603459216	6.767869031936535
11.809320155168244	2.3407492367296627	1540.7671419780904	636.0162644620251	384.17507906585234	1498.1552103667957	6.820498591513495
11.78243443270175	2.3365237554987326	1557.5044120955122	647.1744445403064	384.57239485954887	1513.9269120521276	6.872858676424204
11.756220808628514	2.3323623103991236	1574.241682212934	658.3326246185874	384.9581073150251	1529.688407007972	6.9249548928098426
11.730461919826034	2.3282627390308885	1590.978952330356	669.4908046968686	385.33803122237765	1545.4411616736759	6.976790831108894
11.704310654223566	2.324222988469551	1607.7162224477777	680.6489847751498	385.73611377893826	1561.1916896715109	7.028371794925942
11.680548965942629	2.320241113757123	1624.4534925651994	691.8071648534309	386.07166372268296	1576.9182313493434	7.079702032351352
11.655845555000276	2.3163152676597063	1641.1907626826212	702.965344931712	386.44098918644335	1592.6467647233953	7.1307853009319615
11.631958125131993	2.312443699183932	1657.928032800043	714.1235250099932	386.7925487961096	1608.3633290591504	7.181625972597764
11.609083060231974	2.3086247384199976	1674.6653029174652	725.2817050882744	387.12008159781124	1624.0659505875005	7.232228113096588
11.585081229211678	2.3048568051447273	1691.4025730348872	736.4398851665554	387.48726494798404	1639.7727996776355	7.282595555446355
11.562330374901954	2.3011383909693097	1708.1398431523091	747.5980652448367	387.8226768402589	1655.4641198518877	7.3327320428904015
11.539808564712567	2.2974680619034795	1724.8771132697307	758.7562453231178	388.1569380862951	1671.1474487860762	7.382641231625657
11.517871546299698	2.2938444518645946	1741.6143833871527	769.914425401399	388.47859127823614	1686.820097007877	7.432326693429542
11.496355094801865	2.2902662584365907	1758.3516535045737	781.07260547968	388.7926336409585	1702.4834215860812	7.481791918189941
11.475052068148273	2.2867322390928186	1775.0889236219953	792.2307855579612	389.1053635075542	1718.1393194333984	7.531040316342538
11.454055648827898	2.283241207163618	1791.826193739417	803.3889656362423	389.4134732519781	1733.7868787664875	7.580075221219435
11.433390658139999	2.279792030212677	1808.5634638568386	814.5471457145234	389.71614526850084	1749.4257991668394	7.628899411020981
11.413016703950166	2.276383625128125	1825.3007339742603	825.7053257928047	390.0145740842328	1765.0564275576912	7.677516435690443
11.393047520635921	2.2730149561640762	1842.0380040916816	836.8635058710857	390.3047870478001	1780.6775204399169	7.72592944652167
11.373221576046419	2.269685032160627	1858.7752742091031	848.0216859493669	390.5950077746036	1796.2917540923859	7.7741411252973
11.353903657822526	2.266392901641711	1875.5125443265254	859.1798660276481	390.87341145180267	1811.8951824956528	7.822154347524779
11.33473560783673	2.2631376547615587	1892.249814443947	870.3380461059293	391.1514856709811	1827.4915996383343	7.869972423157849
11.314770981431696	2.259918418344149	1908.9870845613686	881.4962261842104	391.46024667396784	1843.0917750423787	7.91759723478753
11.297352190337104	2.256734355901802	1925.72435467879	892.6544062624915	391.689067695623	1858.6576867444753	7.965032499125764
11.279183572881157	2.2535846596477414	1942.461624796212	903.8125863407726	391.9469178494122	1874.2266342537864	8.012279825409548
11.261264314813452	2.2504685580244206	1959.1988949136344	914.9707664190539	392.2005334035976	1889.7872290271475	8.059342678065363
11.243339190563864	2.2473853065008607	1975.9361650310555	926.128946497335	392.4582946224089	1905.342541004042	8.106222961733316
11.226558893047663	2.2443341892938595	1992.6734351484765	937.2871265756161	392.6811476465077	1920.8783621808564	8.152923351001636
11.20863560688452	2.2413145161986336	2009.4107052658983	948.4453066538972	392.9469824214611	1936.4230295151278	8.19944643204214
11.191542520710916	2.2383256247422176	2026.1479753833196	959.6034867321786	393.188324956641	1951.9519705298428	8.245794155119693
11.174107334254868	2.2353668747392255	2042.885245500741	970.7616668104596	393.4452720134173	1967.4801198012913	8.291968920362933
11.158538158025777	2.232437649388678	2059.6225156181627	981.9198468887407	393.6411356009418	1982.9783216781618	8.337973137819274
11.142028798719611	2.2295373513030685	2076.3597857355844	993.0780269670219	393.8733614257375	1998.48352663236	8.38380895241288
11.125993499962824	2.2266654069589236	2093.097055853006	1004.236207045303	394.0925992288041	2013.9769397107016	8.429478469710396
11.110288174663548	2.2238212598904687	2109.8343259704284	1015.3943871235842	394.3035745078815	2029.4603548763582	8.474983756859137
11.094680723809436	2.2210043745116432	2126.5715960878497	1026.552567201865	394.51449794626876	2044.9369561645913	8.520326715749823
11.079188557340263	2.2182142307064323	2143.3088662052714	1037.7107472801463	394.7247528054868	2060.406518345515	8.565509524460042
11.06400198216162	2.2154503250160453	2160.0461363226927	1048.8689273584273	394.9274406482644	2075.866242513051	8.610534144866918
11.048774540845542	2.21271217212374	2176.7834064401145	1060.0271074367085	395.13495430180296	2091.3212072738643	8.655402497584129
11.034065909265793	2.209999301084505	2193.520676557536	1071.1852875149898	395.3268231237748	2106.7629919336146	8.700116469153109
11.019345903496461	2.2073112548201395	2210.2579466749567	1082.3434675932708	395.5223141699923	2122.1995327313934	8.744677790129014
11.003952747673562	2.2046475907120153	2226.995216792377	1093.501647671552	395.74574619562884	2137.641360286613	8.789088303938948
10.9906123786657	2.2020078800766423	2243.7324869097993	1104.659827749833	395.8969476214802	2153.045422417458	8.83334984565398
10.976693917330609	2.199391707049006	2260.46975702722	1115.8180078281143	396.0723550573523	2168.4530512627884	8.877464174645132
10.962785946098338	2.196798665838526	2277.207027144643	1126.9761879063956	396.2502868229737	2183.8550480693966	8.921433019884685
10.9489708790627	2.194228365892735	2293.944297262063	1138.1343679846766	396.42771217196037	2199.2501084156384	8.965258080629487
10.935486163650774	2.1916804242809897	2310.681567379485	1149.2925480629576	396.5957341553538	2214.634202376503	9.008940635525867
10.921849625759636	2.189154471966321	2327.418837496907	1160.450728141239	396.77237602521495	2230.0154949653697	9.052482575189668
10.908066173762546	2.186650146283509	2344.15610761433	1171.6089082195201	396.9575404705584	2245.3941013768754	9.095885610836705
10.896136251587258	2.1841670988281967	2360.8933777317516	1182.7670882978011	397.07526463011624	2260.7345881537067	9.139151021239973
10.881936058454722	2.1817049884973048	2377.630647849174	1193.9252683760824	397.2819849015391	2276.1101149891183	9.182280309812528
10.869312884662309	2.179263483445431	2394.3679179665955	1205.0834484543634	397.4314280268345	2291.451997824567	9.225275337622108
10.858214519329627	2.1768422588518654	2411.1051880840187	1216.2416285326447	397.5249191144829	2306.760026881058	9.268136946525948
10.845024258713279	2.1744410029863497	2427.8424582014404	1227.399808610926	397.70139503188614	2322.1013310606504	9.31086715312338
10.832086375103328	2.1720594071247787	2444.5797283188626	1238.557988689207	397.87096943560203	2337.432784355985	9.353466974019275
10.821896617599478	2.1696971718717424	2461.3169984362844	1249.716168767488	397.9364352305711	2352.7057817942195	9.395938046358632
10.808301604437869	2.1673540079058826	2478.0542685537057	1260.8743488457694	398.136874763153	2368.0393552128226	9.438281490809043
10.795863728949605	2.1650296308292853	2494.7915386711275	1272.0325289240504	398.29487824377617	2383.345252513948	9.480498939500796
10.783816132572039	2.1627237616425266	2511.5288087885483	1283.1907090023315	398.44021379517	2398.6381226886715	9.5225912550939
10.77312585148354	2.1604361307356768	2528.2660789059705	1294.3488890806127	398.5345526669824	2413.897857816876	9.564560268352267
10.761519547992785	2.158166474652074	2545.003349023393	1305.5070691588937	398.6673675186873	2429.1707011540475	9.606406698268252
10.750238250242989	2.1559145346786512	2561.740619140815	1316.665249237175	398.7897274097001	2444.431314204934	9.648132116410684
10.739048882778363	2.1536800609532487	2578.4778892582367	1327.8234293154562	398.9107995547491	2459.6844729537847	9.689737847679206
10.727948214750496	2.15146280388728	2595.215159375658	1338.9816093937372	399.03068146940996	2474.9302365157623	9.73122462796389
10.716899622501899	2.1492625259881106	2611.952429493079	1350.1397894720183	399.15080706011435	2490.1693998069595	9.77259396960766
10.70601682674264	2.147078989462496	2628.689699610502	1361.2979695502997	399.26652680871484	2505.3994536144605	9.813847084754128
10.695118977299032	2.1449119684659403	2645.4269697279237	1372.4561496285808	399.38514805812196	2520.624396943806	9.854985079781002
10.68388425522384	2.1427612382830517	2662.1642398453446	1383.6143297068618	399.51972336981714	2535.8516585440952	9.896008706055005
10.673287357821911	2.1406265749210402	2678.9015099627654	1394.772509785143	399.63076330527	2551.0590600958117	9.936919414701332
10.662601756862177	2.1385077665648757	2695.6387800801876	1405.930689863424	399.74765408285646	2566.263121618911	9.97771827098721
10.65401680327141	2.136404602976077	2712.3760501976085	1417.0888699417053	399.78088650521977	2581.4120451570507	10.018406320592309
10.642205201795305	2.134316876911488	2729.1133203150293	1428.2470500199865	399.94822473655324	2596.631995971696	10.058984594910648
10.633083699351232	2.132244386583305	2745.850590432452	1439.4052300982676	400.0074184272565	2611.782010731934	10.099454111304512
10.622931807288536	2.1301869357623042	2762.5878605498733	1450.5634101765488	400.11102069056705	2626.951350215952	10.13981587335284
10.613247699568465	2.128144330768939	2779.3251306672964	1461.72159025483	400.197375277188	2642.1036559151676	10.180070847907201
10.603361926973557	2.1261163822662343	2796.062400784718	1472.879770333111	400.29410718397617	2657.2554590559307	10.220220009541846
10.593586423072065	2.1241029048523465	2812.799670902139	1484.0379504113923	400.3883325653516	2672.399035192875	10.260264381677858
10.583982268137413	2.1221037138846346	2829.5369410195594	1495.1961304896734	400.47746722447926	2687.532762470259	10.30020491443092
10.574491977647751	2.1201186345734913	2846.2742111369807	1506.3543105679544	400.56385852844085	2702.6580450380543	10.340042545312173
10.565167838155922	2.1181474920832413	2863.011481254402	1517.5124906462356	400.6452769126151	2717.7734495442132	10.379778128253314
10.555751358289081	2.116190111659591	2879.7487513718233	1528.6706707245164	400.7325369700787	2732.8858057390007	10.419412602025622
10.546492140782254	2.1142463301562273	2896.486021489245	1539.828850802798	400.81514829241763	2747.9884889251616	10.458946881973324
10.536578112067355	2.11231597858455	2913.223291606666	1550.9870308810791	400.92738593815193	2763.1036891194517	10.498381857957217
10.528916721408496	2.1103988961243916	2929.9605617240877	1562.14521095936	400.9462578942576	2778.1513811182485	10.537718408263753
10.518684789212397	2.10849492532523	2946.697831841509	1573.3033910376412	401.07593189920016	2793.2648948381293	10.576957399801108
10.51052079266636	2.1066039085367496	2963.4351019589294	1584.4615711159224	401.11969704481334	2808.315013635219	10.616099688291186
10.501911078418617	2.1047256957183103	2980.172372076351	1595.6197511942034	401.1841945936349	2823.3720003955614	10.655146118457653
10.49342545047903	2.102860133530591	2996.909642193774	1606.7779312724847	401.2451837576284	2838.4197856899855	10.694097243064988
10.484515107013952	2.1010070768156783	3013.6469123111956	1617.936111350766	401.3261660294098	2853.474427940505	10.732954094041284
10.475315073306565	2.0991663790255024	3030.384182428617	1629.094291429047	401.42147089595323	2868.5323863419476	10.771717530445658
10.467495035605069	2.097337899928436	3047.1214525460387	1640.2524715073282	401.4592714435845	2883.543831945094	10.810388355351435
10.459260336049416	2.0955214982476904	3063.85872266346	1651.4106515856095	401.51662888099725	2898.5619644187477	10.848967044605864
10.450922448130365	2.093717037747246	3080.5959927808813	1662.5688316638903	401.58018816352757	2913.5776816488515	10.887454553956914
10.44193880818033	2.091924385750852	3097.3332628983035	1673.7270117421715	401.67350234161665	2928.607986515633	10.925851776800192
10.110435978645622	2.0149183950259912	3934.196768769383	2231.6360156562287	403.077126315202	3668.9880554807405	12.744394306236357
9.98894830746572	1.9837207719610332	4352.628521704922	2510.5905176132574	402.91100500543115	4031.8783899811224	13.591112727188348
9.88248130295302	1.9560524953528147	4771.060274640463	2789.545019570286	402.651443097301	4390.347758717278	14.404037909933198
9.794932704515466	1.9315784385180945	5189.492027576	3068.4995215273148	402.0088248875713	4743.930381069153	15.187466708005548
9.721270021479736	1.909515012684855	5607.923780511536	3347.454023484343	401.14590387595746	5092.732459271191	15.94483686687099
9.657170089280937	1.889581554110338	6026.355533447074	3626.4085254413717	400.21295556487604	5436.95609785533	16.678951062971603
9.595980374763974	1.871475087530738	6444.787286382616	3905.3630273984004	399.48996725939355	5777.2925401297125	17.392132226083334
9.54856747394479	1.8549503959865774	6863.219039318153	4184.317529355429	398.39497298326285	6112.270274758653	18.086331671134527
9.512140783554885	1.8398063888763594	7281.650792253704	4463.272031312457	397.0328061603118	6441.871338223321	18.76320808465308
9.460715903552243	1.8258762655679428	7700.082545189248	4742.226533269486	396.65957258423447	6770.383208123503	19.424186340693556
9.394055443136617	1.801120165224022	8536.946051060328	5300.1355371835425	394.7612312608575	7410.451576312779	20.70323206573928
9.365931861074461	1.7900752560012223	8955.377803995858	5579.090039140572	393.83367794297965	7724.00270030555	21.323328426384514
9.340800983608442	1.7797990085868063	9373.809556931388	5858.044541097601	392.9213126699339	8033.257277685262	21.931631612315496
9.3183278869936	1.7702166377608946	9792.241309866937	6136.9990430546295	392.0261610891665	8338.243845608798	22.5288912188503
9.298115605614527	1.7612630962220948	10210.673062802462	6415.953545011657	391.1548810021639	8639.023865700558	23.115778657005148
9.281408199757642	1.752881500611194	10629.104815738016	6694.908046968686	390.2368008052776	8935.150179301456	23.692898222743295
9.264157218584888	1.745021838091333	11047.536568673555	6973.862548925715	389.4558750464759	9227.883628634858	24.260796430551057
9.25153556275518	1.7376399408385537	11465.968321609098	7252.817050882743	388.55701230512915	9515.437896491214	24.8199691979229
9.236695009188706	1.73066193836079	11884.400074544641	7531.771552839771	387.8565974143695	9800.271015084274	25.37086837353661
9.223695403628776	1.7241569881594305	12302.831827480184	7810.726054796801	387.1550731042306	10080.931691810521	25.9139073214897
9.212929799170986	1.717989822540973	12721.263580415738	8089.6805567538295	386.42807012517915	10357.183841499987	26.449465105405835
9.203344087355074	1.7121671280774666	13139.695333351292	8368.635058710857	385.7195647399974	10629.425273545248	26.977890391369414
9.19641687963828	1.70666369501863	13558.127086286826	8647.589560667886	384.95677323789647	10896.899017730933	27.499505132971507
9.186972980986402	1.701456759273657	13976.558839222356	8926.544062624915	384.3723940264032	11162.171737335304	28.01460686967858
9.179371017649176	1.6965257037990167	14394.990592157916	9205.498564581943	383.7615809119166	11423.112046462149	28.52347164284087
9.171320149416365	1.6918518057669134	14813.422345093464	9484.453066538972	383.2250453304648	11680.960889870528	29.026356118798784
9.168626425809295	1.6874180126604055	15231.854098028998	9763.407568496	382.4975708225574	11932.295880724192	29.523499239094807
9.163759374229453	1.6832087678445051	15650.285850964548	10042.36207045303	381.9154271835923	12181.509404503346	30.01512414120881
9.158817648364055	1.6792098330989111	16068.717603900077	10321.316572410058	381.38077639825167	12427.452469564276	30.50143928428618
9.154933623279636	1.6753293252083954	16487.14935683563	10600.271074367085	380.83990033655914	12669.405005965295	30.982640258798494