28.382674912641598	0.08186168569606778	35.01889990375193	0.11158180078281144	0.21926186974739212	29.42314902622758	0.2294761402266479
27.641770240697547	0.08321373215704085	56.00181385488425	0.22316360156562287	0.16964892259207845	45.838738242152175	0.36638318336958964
26.83433892584748	0.08412053650494968	72.04827648580353	0.33474540234843436	0.14312977282693629	59.51381247828058	0.4708744562489539
26.655930269292238	0.08653140692622104	81.10687321179608	0.44632720313124574	0.11056400213515243	70.98732377518685	0.5297225169962301
25.816045958412317	0.08964351049144294	90.14122176324858	0.5579090039140573	0.09426161745451377	78.92916323992486	0.5884123560085507
25.510632233044056	0.09351022418067965	97.0036548044586	0.6694908046968687	0.07703501150416726	86.10946335922631	0.6325701430208444
24.865723215220463	0.09808744128249584	101.25525164665608	0.7810726054796802	0.06441478610460978	94.30146334271618	0.6592591071306456
24.363387806718706	0.10347096747597125	105.50684848885356	0.8926544062624915	0.05173119779557157	98.66426263710478	0.6859480712404469
23.71699265879324	0.10924524599950719	109.75844533105104	1.004236207045303	0.045385242815485956	102.71746229944176	0.7126370353502481
12.791613232941529	0.5526437583923302	245.1183841907312	11.158180078281145	108.2175128836352	242.56468832819797	1.5639838011235183
12.742269175632625	0.5871555373645488	253.65395456846022	12.273998086109259	117.49474018641094	251.06872837147637	1.6161402521967163
12.702496171190266	0.6199292247781883	261.7293019930729	13.389816093937375	125.8641831402609	259.1086748637253	1.665278407601235
12.677510247301115	0.6511415309419661	269.4040684789095	14.505634101765487	131.59945054805726	266.7457184944923	1.7117900686725969
12.650234870804404	0.680942644738195	276.7174154302806	15.621452109593601	137.17470340649527	274.0293491964683	1.7559381999672736
12.62928627893468	0.7094666246604914	283.6808501546779	16.73727011742172	142.41312926689335	280.97616020370015	1.7978141421946778
12.61328321450676	0.7368413166560671	290.2739854023053	17.853088125249833	147.34311076213768	287.5816065041104	1.8373168723419757
12.599143857492605	0.7631987172137038	296.4342131600827	18.968906133077947	152.02030126164755	293.80501378088877	1.8740932887186728
12.588082582633984	0.7886840981813821	302.06177852200113	20.084724140906058	156.45257803187582	299.5643610782223	1.9075717829045344
12.578250269985507	0.813453196728575	307.08806705657224	21.200542148734172	160.72207655404281	304.7758797169158	1.9373710444325356
12.571036807440597	0.8376553212071023	311.5110351541197	22.316360156562286	164.8291021643214	309.40229365251383	1.9635055346513954
12.560311479537642	0.861415444389056	315.3969334572393	23.4321781643904	168.9593016534602	313.4798301055985	1.9863908618348864
12.559311322337118	0.8848255143785008	318.8443438809154	24.547996172218518	172.78723246868023	317.08061911344953	2.0066278199305456
12.55547460880439	0.9079463474032353	321.9510740767205	25.663814180046632	176.65457209436917	320.30960475952776	2.0248069055319355
12.552886947590824	0.9308148572976882	324.78854667336043	26.779632187874743	180.46328841700557	323.2402497726306	2.0413570727070627
12.5537172670847	0.9534516099305661	327.42058267137645	27.89545019570286	184.1593198476822	325.94342702025455	2.0566611562188797
12.551895579336245	0.9758664820987185	329.8893990005344	29.011268203530975	187.90972394231352	328.46633966505897	2.0709718620274717
12.551183172643585	0.9980628574477544	332.22552884055784	30.12708621135909	191.61474381652047	330.8444509509826	2.084471801461075
12.555344660375212	1.020040202168028	334.45068587309237	31.242904219187203	195.16275150512675	333.1035112069441	2.0972906289990374
12.557759390176914	1.0417959926489104	336.58623735586707	32.35872222701532	198.72536674953935	335.26196349700643	2.109557020509865
12.561983575008485	1.0633266220227329	338.64114432717247	33.47454023484344	202.20341782442722	337.3376167957547	2.1213239598469524
12.568732395559714	1.0846282793143631	340.6280456739885	34.590358242671556	205.5759067853739	339.34051784943847	2.1326678309380864
12.571058253960356	1.1056971899040602	342.5552364007891	35.70617625049967	209.04421885635384	341.2791961505511	2.143638680502642
12.578222094316507	1.1265299675580849	344.4286901493861	36.82199425832778	212.33963461450142	343.1611307078448	2.1542724950110297
12.582695456555731	1.1471237154650706	346.2534767333667	37.937812266155895	215.68302923080796	344.99325966999066	2.1645999167338914
12.589811906135756	1.167476085108325	348.0339418982412	39.053630273984005	218.91664483496427	346.77911728744084	2.1746473028399063
12.596240613758496	1.187585279533253	349.7738490877015	40.169448281812116	222.1395885969118	348.5233499298274	2.1844375594859797
12.612841931335394	1.207450042898491	351.4764999709895	41.28526628964023	225.0207727232748	350.22726068467375	2.193990847693186
12.60980288326702	1.2270696282673406	353.1448155385627	42.401084297468344	228.4713473062122	351.8998241000821	2.203325060580595
12.618989605853166	1.246443765181512	354.781402399518	43.51690230529646	231.51655375896206	353.5374212405423	2.212456212730785
12.629050422397482	1.2655726173109696	356.3886041327647	44.63272031312458	234.50196573701228	355.14379076876406	2.2213987419822674
12.633590710915763	1.2844567380530578	357.9685404609452	45.7485383209527	237.63041008974284	356.72215248738854	2.23016574022592
12.64329882689994	1.3030970146837721	359.5210622434224	46.86435632878081	240.56510127053525	358.27337590024587	2.23875567965953
12.648893799112512	1.32149461836366	361.0496046323351	47.980174336608926	243.60059430573415	359.80113609422756	2.2471902261464662
12.659617260772617	1.339651036395737	362.5560964286103	49.095992344437036	246.43467664481196	361.30299794120214	2.255481436144012
12.668805281618267	1.3575679661134517	364.03991794889635	50.211810352265154	249.28203661302385	362.78354296450465	2.2636247658479536
12.676771715729371	1.3752472734529768	365.50378889954527	51.327628360093264	252.1325187456997	364.24425379108936	2.271637452144192
12.685166200088165	1.3926910669084533	366.9490794451318	52.44344636792138	254.934017530409	365.6837445709649	2.2795280295800966
12.692979854001155	1.4099015318064103	368.3752134873789	53.559264375749486	257.71968744464516	367.1062240147887	2.2872921630464624
12.70308328724386	1.4268810338606874	369.78573371923625	54.6750823835776	260.3941056169333	368.50944002256995	2.2949527972588504
12.71047621317641	1.443632013109513	371.1785016300496	55.79090039140572	263.1249855229131	369.8977503383913	2.3024951821439887
12.71047621317641	1.443632013109513	371.1785016300496	55.79090039140572	263.1249855229131	369.8977503383913	2.3024951821439887
12.7124434614373	1.4477843517730016	371.52496394159704	56.06985489336274	263.79824607939616	370.2416814227144	2.304369218440722
12.71435165218664	1.451922592926693	371.8697720895623	56.348809395319776	264.47151633212326	370.58561765439777	2.3062321599150337
12.716900409779308	1.4560468080280435	372.213740975989	56.6277638972768	265.12121373608426	370.92785728827914	2.3080894722860132
12.719145741145393	1.4601570097084706	372.55770986241583	56.90671839923384	265.77903196589176	371.26918205770494	2.3099467846569928
12.723445110965132	1.4642532508010857	372.89932852980377	57.185672901190856	266.364443273023	371.6100820096406	2.3117882743334883
12.713353879184293	1.4683355825271218	373.2408778729201	57.464627403147894	267.43636865570494	371.9516683068719	2.3136292972889043
12.728980227053382	1.472404021059235	373.5818277698874	57.74358190510491	267.63324024500474	372.28779623051344	2.315466268377764
12.726712704738905	1.4764586326509828	373.92103063922485	58.02253640706195	268.4356251210935	372.6271389379691	2.3172914306947505
12.726418879484418	1.480499452880688	374.26023350856224	58.301490909018966	269.1691212367736	372.96410963437665	2.319116593011737
12.730897871085585	1.4845265075028913	374.5982629398115	58.580445410976004	269.7375065666621	373.30010099317457	2.320933789896249
12.729440648945339	1.4885398655050142	374.935191635683	58.859399912933036	270.506343697974	373.6363259043539	2.3227435148626334
12.735287921914692	1.492539556812102	375.2721203315545	59.13835441489007	271.0237258784946	373.969712881004	2.3245532398290183
12.737688907642042	1.4965256064742911	375.607390172837	59.41730891684709	271.6568620083958	374.303795521339	2.3263516532322845
12.739170614528843	1.5004980914249917	375.94211626554846	59.69626341880411	272.3189145008685	374.6366295539209	2.3281463588685645
12.739272970039625	1.5044570292438209	376.27684235826	59.975217920761146	273.0259877674366	374.9689318241622	2.329941064504844
12.743285620142059	1.508402466512242	376.60950672674926	60.25417242271817	273.59682570844484	375.300423456966	2.331721643419066
12.745562708777355	1.5123344641893044	376.942101092457	60.53312692467521	274.2252868187987	375.6304550716893	2.333501742681438
12.747085660121705	1.5162530389726276	377.27436906031926	60.812081426632226	274.8775124898941	375.9602749456627	2.3352795939370474
12.749313246656774	1.5201582518667587	377.604901913975	61.091035928589264	275.50259352765204	376.28993176371057	2.337045494904
12.750107810942273	1.5240501479746837	377.93543476763074	61.36999043054628	276.1750782843251	376.6177912776297	2.338811395870952
12.753586232320867	1.5279287502559087	378.2653164332024	61.64894493250332	276.7530318856341	376.9450878552596	2.3405727870918
12.762173074667272	1.5317941251511635	378.5938573589767	61.927899434460336	277.1518326095461	377.27100676409094	2.342324893136481
12.757603564547134	1.5356463093685029	378.9223982847511	62.206853936417374	278.0029975997515	377.5979255530195	2.344076999181162
12.759336951707102	1.5394853329031501	379.25002926287465	62.4858084383744	278.6338785882164	377.92353364405506	2.3458227661278896
12.761665805985215	1.5433112597677068	379.5766472424057	62.76476294033144	279.2421116067514	378.24846219805795	2.347561476078209
12.763491359757445	1.5471241257953972	379.90326522193686	63.043717442288454	279.86557292957224	378.5720756315805	2.3493001860285285
12.772099695297497	1.550923964199103	380.228775095463	63.32267194424548	280.2505394093899	378.8942609008596	2.3510311273602227
12.767081976889848	1.5547108374474043	380.55353853423543	63.60162644620251	281.10595899129925	379.2185705918495	2.352756835648414
12.76957468634013	1.5584847774801562	380.87830197300786	63.88058094815954	281.6988028471992	379.5401290880826	2.354482543936605
12.770884516266223	1.5622458196467433	381.20181446564294	64.15953545011656	282.3301303266802	379.8619308874467	2.3561994223113305
12.772011245888288	1.5659940309114546	381.52479121776753	64.4384899520736	282.9645948225997	380.1829190009437	2.357912519114487
12.775870714943176	1.5697294383006446	381.8477679698921	64.71744445403063	283.5020125788711	380.5023438980478	2.3596256159176434
12.776869502196826	1.5734520820568343	382.16940111448724	64.99639895598766	284.1364336451903	380.8223636845624	2.3613291590639673
12.779974066117164	1.5771620235270003	382.490658506119	65.27535345794469	284.69454779182803	381.14101757834754	2.363030030436885
12.7786915873138	1.580859291210963	382.8119158977508	65.5543079599017	285.4020862032992	381.4597475026319	2.364730901809803
12.781680663485087	1.5845439272895174	383.1317822009471	65.83326246185874	285.9589499093188	381.7775675386731	2.3664218035742772
12.783573828313662	1.5882159920988306	383.4513870525497	66.11221696381577	286.5515112010612	382.0946662671226	2.3681108315757693
12.784871909672798	1.5918755118615702	383.77099190415237	66.3911714657728	287.1605646754144	382.4111409649829	2.3697998595772614
12.78485568643805	1.5955225340835948	384.0891985081378	66.67012596772985	287.81245422850503	382.72788811764997	2.371478780951931
12.79015823036595	1.5991571131663633	384.40721715577706	66.94908046968686	288.2781709644414	383.04256175252004	2.3731563437656233
12.792519720713546	1.6027792777531804	384.72523580341635	67.2280349716439	288.84156921395055	383.35715807158454	2.3748339065793154
12.79223313051507	1.6063890751427556	385.0418846454157	67.50698947360091	289.4933550846176	383.67231436941745	2.3765014767125696
12.797260808254604	1.6099865588349815	385.3583829612413	67.78594397555796	289.95946220688757	383.9854436018884	2.3781679487630694
12.799861165450709	1.6135717583497706	385.67488127706696	68.06489847751497	290.5050668889865	384.2984039926798	2.3798344208135687
12.808555789864574	1.6207054982365081	386.3051126591258	68.62280748142904	291.46752542697755	384.9227470035852	2.3831469900722047
12.803285786814492	1.6242541191698345	386.6201560711804	68.90176198338607	292.2731750281965	385.2358865832525	2.384802742137402
12.80617173996247	1.627790634096634	386.93397516832675	69.1807164853431	292.79505347701024	385.5472595939589	2.386449374830847
12.806968797878715	1.6313150927816906	387.2476286798016	69.45967098730013	293.38550151490705	385.85837723691577	2.3880947741510115
12.806948764039232	1.6348275259445815	387.5612821912764	69.73862548925715	293.9996289799455	386.16893502390644	2.3897401734711767
12.810640252569819	1.638327976004163	387.8738196792091	70.01757999121418	294.48264441701605	386.4786787761435	2.3913771612175307
12.81271792498043	1.6418164988720354	388.1861478872506	70.29653449317121	295.0179268599045	386.7881882111608	2.393012571601773
12.817366219231777	1.6452931261335406	388.4984760952921	70.57548899512823	295.46139911084356	387.0963378100147	2.394647981986015
12.815931233072487	1.648757897063338	388.80981465676786	70.85444349708526	296.105758386522	387.4058103659495	2.396275836417277
12.817413607912792	1.6522108677311758	389.1208817709243	71.13339799904229	296.64861486780967	387.71420034646854	2.397901618347857
12.818435387957079	1.6556520695824832	389.4319488850807	71.41235250099933	297.20067520446605	388.02181806210575	2.3995274002784375
12.82690977304289	1.6590815415211417	389.74216677602635	71.69130700295635	297.50246632670735	388.32778535171263	2.401146606063894
12.822089338053955	1.662499339423037	390.0520366364095	71.97026150491338	298.2399631793779	388.63639261250046	2.402763116798794
12.82455428941598	1.665905494728627	390.36190649679264	72.2492160068704	298.7300037991474	388.94242987859025	2.404379627533694
12.829829571311082	1.6693000459432368	390.671077699979	72.52817050882744	299.12651879864455	389.2478348512729	2.405990643331066
12.828418093521185	1.6726830462595155	390.97981379520695	72.80712501078446	299.73423882332736	389.554592307091	2.40759823700517
12.830027937537503	1.6760545315424071	391.288549890435	73.08607951274149	300.23916841138265	389.8596178242573	2.409205830679274
12.83051821358408	1.6794145361279589	391.5967442688921	73.36503401469851	300.7768750697984	390.16488578822987	2.410809090079376
12.83353147707827	1.6827631113170056	391.9044097538657	73.64398851665555	301.2255095175987	390.46958373560665	2.4124081178045524
12.833833495437744	1.686100302137412	392.2120752388393	73.92294301861257	301.7581163045206	390.7738057350085	2.4140071455297294
12.837040058026947	1.689426132195399	392.5193586891119	74.20189752056959	302.19210369501985	391.0773287445045	2.4156030579950736
12.837560723171887	1.6927406581706437	392.82601640267075	74.48085202252663	302.70643699738747	391.38144762140115	2.417193867959399
12.838966753235207	1.696043916745961	393.13267411622957	74.75980652448366	303.18813119178117	391.6845135671781	2.4187846779237248
12.841934905159968	1.6993359414278826	393.43910872154555	75.0387610264407	303.6148119341292	391.9870126597055	2.42037362972135
12.841714578761936	1.7026167824107798	393.7448212040404	75.31771552839771	304.13721043051225	392.29022541434335	2.4219565672876677
12.845212828651391	1.7058864770174873	394.0505336865353	75.59667003035476	304.5367237284552	392.5919675860192	2.4235395048539856
12.846908257481907	1.7091450626633273	394.3561778699435	75.87562453231178	304.9902971358282	392.8937391781571	2.4251218599827227
12.84762676165525	1.7123925817738817	394.66100738075505	76.1545790342688	305.46372785584595	393.1957265850929	2.426697267786698
12.853094705308086	1.715629077144814	394.96583689156665	76.43353353622582	305.79396790024816	393.4962213277381	2.428272675590673
12.853771760554016	1.7220691404820623	395.57475410411604	76.99144254013989	306.74129513731594	394.09847141609	2.431416994750769
12.854933737074145	1.7252727949987139	395.8787626391428	77.27039704209692	307.1805086362869	394.39920559422205	2.4329852127985605
12.858674263200918	1.7284655793012478	396.18277117416966	77.54935154405395	307.54397834863244	394.698662638293	2.4345534308463512
12.856868852461426	1.7316475326232514	396.4862366821065	77.82830604601098	308.05742630479097	394.9993901569693	2.4361167478826355
12.85872234138961	1.7348186998392816	396.7894859912408	78.10726054796801	308.4640446036371	395.29926447229815	2.4376781136482757
12.860376526842389	1.7379791162542602	397.09273530037495	78.38621504992503	308.86828511492035	395.5983784157953	2.4392394794139154
12.86186339319643	1.7411288195818724	397.39562674761487	78.66516955188207	309.27567320122614	395.89751742612174	2.440797502399261
12.864297965582134	1.7442678522791164	397.698178352218	78.94412405383909	309.6478422502422	396.19642823474845	2.44235235092181
12.866081127754585	1.7473962518028994	398.0007299568211	79.22307855579612	310.03766814574897	396.4949179254364	2.443907199444359
12.868413982518787	1.750514050983428	398.3030924467618	79.50203305775315	310.4032078119734	396.7930885616813	2.4454602101318845
12.868142020610389	1.753621298446833	398.60500765714943	79.7809875597102	310.83843255605103	397.0918626302437	2.447008874112404
12.87743774560979	1.7567180246586906	398.906922867537	80.05994206166721	311.0099576440987	397.3880359392708	2.4485575380929236
12.87239382430908	1.7598042690171087	399.20879862736683	80.33889656362425	311.5605038867497	397.687231962714	2.4501058006205323
12.873854805940052	1.7628800742615303	399.5101385603065	80.61785106558126	311.93318277804843	397.9848901784037	2.451648610518896
12.875522797485809	1.7659454662000538	399.81147849324606	80.89680556753831	312.2947928271469	398.2823461842102	2.453191420417259
12.876663528665674	1.7690005030265898	400.1128184261857	81.17576006949533	312.6683997969026	398.579439326177	2.4547342303156228
12.87831935105884	1.7720451993510866	400.4137326238022	81.45471457145234	313.0200606659353	398.8764022169154	2.456272466334567
12.879802737440114	1.7750796075689568	400.71455822002537	81.73366907340937	313.3758530240732	399.1733948553038	2.457809750466112
12.880230378686015	1.778103759348982	401.0153838162485	82.0126235753664	313.7505053560473	399.47010200888985	2.4593470345976565
12.88585914936034	1.7811176904115615	401.315948506418	82.29157807732344	313.9918304439994	399.76552178451817	2.460881327730514
12.884386796068698	1.7841214432750607	401.6163205481447	82.57053257928045	314.40872025803753	400.0626391567374	2.462413412362525
12.88575147459205	1.7871150498831132	401.9166925898713	82.84948708123748	314.74717074415264	400.35873543801296	2.463945496994537
12.887276583809667	1.7900985456656702	402.216942152625	83.12844158319453	315.0813872452196	400.65461077384225	2.465476061933536
12.888689402020159	1.7930719709264278	402.51692128109516	83.40739608515156	315.41099081637765	400.9505056223896	2.4670032713815364
12.889975353855366	1.7960353619955851	402.81690040956533	83.68635058710858	315.7412067762495	401.24626795525165	2.468530480829537
12.890524124689618	1.7989887509151195	403.1168669818098	83.96530508906562	316.0868843561394	401.54191154159724	2.4700575182985576
12.892669218850822	1.8019321770565995	403.4165137148154	84.24425959102264	316.38720165058857	401.8371585591575	2.471580175022359
12.894216539865463	1.8048656772552594	403.716160447821	84.52321409297967	316.70131178931246	402.1325313259685	2.47310283174616
12.895641730686082	1.8077892832097096	404.0158071808265	84.80216859493669	317.0137311460916	402.4275506681212	2.4746254884699614
12.897179402554748	1.8107030334051641	404.31524882711966	85.08112309689372	317.31882575700837	402.72253575350396	2.4761449540750315
12.898390962035638	1.8136069662551062	404.6146235765266	85.36007759885075	317.6312055577806	403.01758973895113	2.4776633787745057
12.900093830858763	1.8165011057015537	404.9139983259335	85.63903210080777	317.925883263498	403.31229080711665	2.479181803473979
12.901394397785593	1.8193854966529375	405.2132754671827	85.9179866027648	318.22713139749675	403.6069825030549	2.4806984236807486
12.903287065697835	1.8222601720175757	405.51243855610073	86.19694110472183	318.5145664663267	403.9015139386022	2.482212935389578
12.904309342221431	1.8251251675626488	405.8116016450187	86.47589560667886	318.81467532384437	404.1961671582211	2.483727447098407
12.905297825929898	1.8279805128737874	406.11074054493525	86.75485010863589	319.1138837770234	404.49064420677456	2.4852413843851244
12.906810789523965	1.830826250307075	406.4097522257418	87.03380461059292	319.4010842581757	404.78498523300584	2.486752300568647
12.908245725169863	1.833662408050519	406.70876390654826	87.31275911254995	319.6824959231888	405.07933376964814	2.488263216752169
12.90991159036741	1.8364890215300675	407.00777558735473	87.59171361450699	319.95803216186044	405.37340940709703	2.4897741329356915
12.910568786743369	1.839306125257385	407.3067096939347	87.870668116464	320.25544373144334	405.6677327290729	2.4912822598432234
12.91621412113407	1.842113753482138	407.60563016565624	88.14962261842105	320.438055572424	405.96078220030955	2.4927898964927806
12.91337471116326	1.8449119403177259	407.9045506373777	88.42857712037807	320.8022818838216	406.2558794615573	2.494297533142337
12.912893436424822	1.8477007168916837	408.2034545285037	88.70753162233508	321.1157433263534	406.550321011631	2.495803586342067
12.915916951578113	1.8504801193103337	408.50234395396177	88.98648612429211	321.34731896018286	406.84385331486925	2.497308258067932
12.917518733423883	1.8532501791775353	408.8012333794198	89.26544062624914	321.608177449698	407.1377272879866	2.4988129297937975
12.91845011652558	1.856010929291091	409.1001289467147	89.54439512820618	321.88294581314295	407.4316926327325	2.5003170418277736
12.926616471295173	1.8587624048645621	409.3990474697927	89.8233496301632	322.00291248679963	407.7237865484099	2.501819061952471
12.921127238624921	1.8615046358193839	409.69796599287076	90.10230413212022	322.40340478650194	408.01939563747896	2.503321082077168
12.920533593579403	1.8642376580742215	409.9968845159488	90.38125863407727	322.70222640437805	408.3137054909642	2.5048231022018648
12.923233303774843	1.8669615014437204	410.29588176870135	90.6602131360343	322.9297777474748	408.6071523047988	2.5063230583801737
12.9248005009799	1.8696761985716563	410.594889531507	90.93916763799132	323.1766205460606	408.9008757009565	2.507822739031036
12.926121959185688	1.8723817823939815	410.8938972943127	91.21812213994835	323.4281822901413	409.19468575039036	2.509322419681898
12.92744897287574	1.875078284996859	411.1929869541561	91.49707664190538	323.6793333703136	409.48848772146664	2.510820988369753
12.928722900352383	1.87776573615143	411.49214411405814	91.77603114386241	323.9256089102826	409.7822924824007	2.512318640570632
12.929690122315767	1.8804441739654358	411.7913012739602	92.05498564581943	324.17734220038244	410.07619676283355	2.513816292771511
12.929409449007752	1.883113621961447	412.09050236840466	92.33394014777646	324.45406569722826	410.3704882910449	2.5153135847450674
12.932099921599072	1.8857741161858652	412.38986911492174	92.61289464973349	324.6676716567319	410.6639874817599	2.51680951850708
12.93358296022248	1.88842568640928	412.6892358614388	92.89184915169052	324.9024223536558	410.95779368154706	2.518305452269092
12.939886102904733	1.8910683651114117	412.9886026079559	93.17080365364754	325.04088944514507	411.2504165656163	2.519801386031104
12.93384067810011	1.8937021827526295	413.2882033550171	93.44975815560458	325.42480340712734	411.5463692499484	2.5212960975607266
12.940651137141014	1.89632716821262	413.5878399265351	93.7287126575616	325.5491951734372	411.83886249336	2.5227906219719314
12.938242840046257	1.898943354172084	413.88747649805305	94.00766715951863	325.8534721934866	412.1339055838349	2.524285146383136
12.943387802762462	1.9015507730270138	414.18728529276314	94.28662166147566	326.0093649746467	412.4270320026341	2.525779096368515
12.939476784146287	1.904149451277047	414.48725199305665	94.56557616343271	326.3414893718506	412.72258982169404	2.5272725196824024
12.94193022523089	1.9067394206356447	414.78721869335016	94.84453066538973	326.54499314744373	413.0164357951423	2.52876594299629
12.942863023588584	1.9093207132594032	415.0872532151623	95.12348516734676	326.7775372025335	413.31092941333003	2.5302592284853405
12.944153989565486	1.911893356582458	415.387610429694	95.40243966930377	327.00286912878255	413.60532611459627	2.5317518582080134
12.944877135559345	1.9144573803302394	415.6879676442257	95.68139417126082	327.2366904389293	413.89987260515267	2.5332444879306864
12.944905396938237	1.9170128152585653	415.9883248587573	95.96034867321784	327.4806877827004	414.1947798342864	2.534737117653359
12.946110163942869	1.9195596933747827	416.2890536409379	96.23930317517487	327.7019980942005	414.48950090589005	2.5362293463552485
12.948393869658695	1.9220980384414816	416.58986185290803	96.51825767713188	327.9023226352338	414.7839132302458	2.5377214893311697
12.949469117725855	1.924627883185243	416.8906700648783	96.79721217908893	328.1227724820988	415.07870703280156	2.5392136323070913
12.950588000980137	1.9271492578342355	417.19172025801976	97.07616668104595	328.34016128842205	415.37380678504655	2.540705689917102
12.952070053045663	1.9296621883617089	417.49304006413865	97.35512118300298	328.5504014150977	415.6687957860654	2.5421976524132783
12.952625965016514	1.9321667047176512	417.7943598702575	97.63407568496	328.7778981247229	415.9640347664596	2.543689614909454
12.955170566977502	1.9346628389715663	418.0957493298366	97.91303018691704	328.96512677986397	416.2590325694277	2.5451815926541697
12.955161163691871	1.9371506146476114	418.39764145578823	98.19198468887407	329.19800621503043	416.5548571859505	2.5466736804426344
12.955756069812725	1.9396300598890588	418.6995335817399	98.47093919083109	329.4193996024581	416.85050095841615	2.548165768231099
12.956981542358387	1.9421012070581691	419.0014257076915	98.74989369278813	329.6287311632963	417.14612447411656	2.549657856019564
12.958151883237043	1.944564083851391	419.30380582937937	99.02884819474517	329.83649313166785	417.44209151357506	2.551150275707596
12.958924209960376	1.9470187133738288	419.60633114494755	99.30780269670218	330.0495007911722	417.7381610183855	2.552642794146053
12.960221286207625	1.9494651278406367	419.90885646051566	99.58675719865921	330.2525404314952	418.0340738028666	2.5541353125845094
12.970840396834815	1.9519033560693961	420.2116738004539	99.86571170061625	330.28216374078926	418.3277979352121	2.5556281404849512
12.962008711288796	1.9543334210034757	420.51489333427645	100.14466620257328	330.6710917885893	418.62717748697804	2.5571213945954305
12.963198560639038	1.9567553520471785	420.81811286809904	100.4236207045303	330.8713780586424	418.9236532051314	2.55861464870591
12.96454312556621	1.9591691793403716	421.1213869887165	100.70257520648732	331.0685435854417	419.22038747658036	2.560107977998406
12.965370148616492	1.9615749257403852	421.4253619426349	100.98152970844436	331.27493049196795	419.51757170807485	2.561602272543786
12.966356924903053	1.9639726192535256	421.72933689655326	101.26048421040139	331.47761450188517	419.81469425660777	2.5630965670891652
12.967354145128823	1.9663622896717972	422.0333118504717	101.5394387123584	331.67658546619805	420.1118785132481	2.564590861634545
12.968064536439547	1.9687439625200644	422.33787997083914	101.81839321431544	331.88050488129716	420.4097509520426	2.5660861329277895
12.972804968282562	1.971117659666217	422.6426717338083	102.09734771627247	332.0107552989195	420.7064191812908	2.5675817724860206
12.970024163173118	1.9734834120585232	422.94746349677746	102.3763022182295	332.27777634804215	421.00530711125816	2.569077412044251
12.970081138636397	1.9758412491258852	423.2525918165695	102.65525672018653	332.48974695701816	421.3038545206026	2.570573683596872
12.970952937068198	1.9781911891988562	423.55826197809074	102.93421122214357	332.6861437078706	421.6023832924851	2.572070972632751
12.972941575232095	1.9805332617679758	423.86393213961185	103.21316572410059	332.86211535854045	421.9005669823403	2.5735682616686297
12.974075410209762	1.9828674951346306	424.1696434627728	103.49212022605762	333.05321103831545	422.1992184129791	2.5750656362453874
12.974998346690606	1.9851939146067403	424.47625382581225	103.77107472801464	333.2467465691812	422.4985037061528	2.5765648791797062
12.97584104680635	1.9875125406196699	424.7828641888517	104.05002922997168	333.43917603014495	422.7978032775297	2.5780641221140255
12.97510091850347	1.9898234040663043	425.0894745518911	104.3289837319287	333.6596980259471	423.0975747218852	2.5795633650483447
12.976307353657415	1.9921265309320442	425.3967952587365	104.60793823388573	333.8451567606625	423.3974980166584	2.581064208611713
12.978335719365328	1.9944219399223921	425.7044078520898	104.88689273584275	334.01554509539136	423.6972663199132	2.5825657098876134
12.978672180500672	1.9967096621150044	426.01202044544306	105.16584723779978	334.2133242283241	423.9975463016043	2.584067211163514
12.980086691099263	1.9989897201700653	426.3200362302751	105.4448017397568	334.3911155329139	424.29791746536375	2.58556968315874
12.98308306662564	2.001262142933765	426.62871332033666	105.72375624171383	334.5404425988043	424.59827415725556	2.5870737473050904
12.980975257053778	2.003526947535697	426.9373904103981	106.00271074367086	334.78042808852297	424.9002059712536	2.5885778114514415
12.983586695600644	2.0057841648561325	427.24612885074697	106.2816652456279	334.93575637274387	425.20073141950314	2.5900820316961766
12.984543665540183	2.0080338179458774	427.55593295264134	106.56061974758492	335.11754993056815	425.50267344363374	2.591588963387794
12.985071607419133	2.0102759269884216	427.86573705453566	106.83957424954195	335.3066617512115	425.80473980036334	2.593095895079412
12.984679512545101	2.0125105209749665	428.1755411564299	107.11852875149897	335.51183741791	426.10708692575696	2.594602826771029
12.985340606711004	2.0147376248089994	428.48622145944324	107.39748325345602	335.6981626638506	426.4098052007319	2.5961120947484764
12.986194603833791	2.0169572553923794	428.7972153474747	107.67643775541303	335.8794030203751	426.7127826180469	2.5976221988629904
12.987073208215145	2.0191694432021543	429.10820923550614	107.95539225737006	336.0584646084151	427.0157440845427	2.599132302977505
12.988898903080575	2.0213741949746518	429.4261574585015	108.2343467593271	336.22061731906143	427.3187138905037	2.60067501337044
12.98948941201403	2.0235713775824746	429.7534988775185	108.51330126128413	336.4041883619228	427.62282920950804	2.6022617649501076
12.990670644531274	2.02576098179541	430.0808402965355	108.79225576324114	336.5770746367729	427.92672640835247	2.6038485165297747
12.991206742082873	2.0279430254126303	430.41316411024377	109.07121026519818	336.75956763985954	428.23080346864157	2.6054586709252137
12.994918845330416	2.030117370825572	430.758668639479	109.3501647671552	336.8850102331104	428.5348678821187	2.607130736485129
12.993967263609372	2.032283977328092	431.10417316871434	109.62911926911224	337.0915476328367	428.8405086688441	2.6088028020450444
12.993771973995333	2.034442870748602	431.45544209898895	109.90807377106927	337.28466484686305	429.14586343696106	2.61050198941568
12.994482923708574	2.036593886657875	431.82124377283895	110.1870282730263	337.4616248140692	429.4594839339256	2.6122695541108287
12.995373158063375	2.0387369872637295	432.18704544668896	110.46598277498333	337.6336298399295	429.7804031932202	2.6140371188059777
12.994581972898752	2.0408721673402908	432.5632408166308	110.74493727694036	337.83342596588943	430.10185689841904	2.6158536638053866
12.99684363250702	2.0429992414443827	432.9518732434882	111.02389177889738	337.9798284061874	430.4279374447992	2.6177288184491823
12.996035646367309	2.0451181926997157	433.34050567034564	111.30284628085441	338.17937094247776	430.7671001133192	2.6196039730929783
12.998402479192336	2.047228948293247	433.74954469299325	111.58180078281144	338.32314883405627	431.1050237779488	2.6215754357780505
12.999148152198707	2.087667962839179	761.7467500287194	122.73998086109259	341.85112857192456	750.4155726774177	4.185787818617541
12.947534051712893	2.0843222110189936	778.6257058437345	133.89816093937375	342.57302172043865	771.1795804611622	4.265300181338024
12.886452225599081	2.0798052525993223	795.3629759611563	145.0563410176549	343.39453084063814	787.4405392259226	4.343182768584357
12.812965192426887	2.0754216183887353	812.1002460785778	156.21452109593602	344.4680359747672	803.7089084904264	4.420147288981392
12.737123161572898	2.071556202849782	828.8375161959993	167.37270117421716	345.6450276706076	819.9743127692192	4.49622919501824
12.6620188461006	2.0683080227472193	845.574786313421	178.53088125249832	346.87830044416853	836.2333127238603	4.571463810873995
12.587724574807424	2.0656639496998017	862.312056430843	189.68906133077948	348.16549295261524	852.4863529964399	4.645883184400946
12.514692392295315	2.0635658072617167	879.0493265482646	200.84724140906062	349.4903257467136	868.7326805645447	4.71951727281216
12.443437067814559	2.0619399705728134	895.7865966656864	212.00542148734172	350.8402279419273	884.9717300435136	4.792393958646371
12.374702574802143	2.0607111026922733	912.5238667831081	223.16360156562288	352.1908746394435	901.2021686628899	4.864540757454627
12.306789368033643	2.059808466130424	929.26113690053	234.32178164390402	353.5717473247228	917.4270152893537	4.93598168594797
12.241547978739112	2.0591685361929373	945.9984070179515	245.47996172218518	354.93870897773513	933.6428029835475	5.0067407389501435
12.17976776738781	2.058735789235099	962.7356771353732	256.63814180046626	356.27174966321087	949.8475618752893	5.076840261786288
12.117799080514414	2.0584625452416234	979.4729472527948	267.79632187874745	357.6380257330114	966.0487063039028	5.14630125525354
12.05965543223732	2.0583083763328833	996.2102173702166	278.9545019570286	358.9532412719827	982.2375045117119	5.215143751838826
12.001003830067376	2.058239341230737	1012.9474874876385	290.1126820353098	360.30162550206563	998.423383529451	5.2833858568116066
11.947520997568667	2.0582271762491935	1029.6847576050602	301.2708621135909	361.56258185206804	1014.5930896333242	5.35104642677872
11.894814327860187	2.05824852382707	1046.4220277224813	312.429042191872	362.82229295750363	1030.756600976154	5.418141892741062
11.843458141717583	2.0582842181733083	1063.159297839903	323.58722227015323	364.069357962222	1046.9124589802832	5.48468898619335
11.793200542031324	2.058318655176758	1079.8965679573246	334.74540234843437	365.30631133893843	1063.0612715336351	5.550702366717052
11.752360521556863	2.0583392407885537	1096.633838074746	345.9035824267155	366.3414046069105	1079.1786093353937	5.6161970687512985
11.69977677039706	2.058335910810216	1113.371108192168	357.06176250499664	367.65451023783186	1095.326043242319	5.6811871718264495
11.652047939121138	2.058300721820746	1130.1083783095899	368.21994258327777	368.86883381923155	1111.4554299425154	5.745686026838913
11.569032290879006	2.0581115495549676	1163.582918544434	390.5363027398401	371.0281050635364	1143.661726896583	5.8732598717769715
11.530968792182726	2.057949402965708	1180.3201886618556	401.69448281812123	372.03409116844296	1159.7459916997827	5.9363590312214605
11.49007795700846	2.0577386064300693	1197.0574587792773	412.85266289640236	373.11452951827016	1175.835553174464	5.99901469569298
11.449443934474571	2.057477543087404	1213.7947288966984	424.01084297468344	374.19522909867413	1191.9200949474205	6.061237479780175
11.412002988893716	2.057165287176634	1230.5319990141202	435.16902305296463	375.201491968003	1207.9883417978153	6.12303773119305
11.375446588705852	2.0568014768492264	1247.269269131542	446.32720313124577	376.1897171332178	1224.0486026814767	6.184425611473826
11.339759574638816	2.0563862068893015	1264.006539248964	457.48538320952696	377.1596665970055	1240.1008293999857	6.24541019875095
11.304165538709661	2.0559199456867447	1280.7438093663852	468.64356328780804	378.1312553779317	1256.1482341556055	6.306000613250183
11.27130240167087	2.0554034554793272	1297.4810794838072	479.8017433660893	379.0341637524308	1272.1793387966725	6.366205854383719
11.238518139851486	2.0548377376218823	1314.218349601229	490.95992344437036	379.9377921972601	1288.205335792244	6.426034333677618
11.206376759405941	2.0542239794449264	1330.9556197186505	502.1181035226515	380.8269441183234	1304.2237492651366	6.485494195486583
11.176227542556711	2.0535635004868293	1347.6928898360725	513.2762836009326	381.66397679674714	1320.2279854059568	6.544593121021977
11.144585879345977	2.0528577388231772	1364.4301599534945	524.4344636792138	382.544879643087	1336.2347479401674	6.6033385361443475
11.114515349738205	2.052108201423191	1381.167430070917	535.5926437574949	383.38465930357984	1352.2291713700904	6.661738109543429
11.08448763469761	2.0513164494918392	1397.9047001883387	546.7508238357761	384.22589724510266	1368.2188168119535	6.7197989296585865
11.05690808779919	2.0504840750030993	1414.6419703057597	557.9090039140572	384.99930128626136	1384.190820248013	6.777527051249696
11.028636635256383	2.0496126863615944	1431.379240423182	569.0671839923383	385.7946976292053	1400.161751015058	6.834930077623909
11.000909374189565	2.0487038939991895	1448.1165105406042	580.2253640706195	386.5761603941668	1416.1250263206555	6.892013235402586
10.974096622744973	2.0477592962033846	1464.8537806580255	591.3835441489007	387.3323414493893	1432.0783962978073	6.948783563668201
10.948714774706874	2.04678047708347	1481.5910507754468	602.5417242271818	388.0474981452318	1448.0184938859309	7.005246745868978
10.92319102510754	2.0457689907196546	1498.328320892869	613.699904305463	388.76867232669025	1463.954538109862	7.061408081755075
10.900113934398497	2.0447263678092633	1515.0655910102907	624.858084383744	389.41604079241426	1479.8703313464637	7.117273610810028
10.873731927906515	2.0436540920376873	1531.8028611277125	636.0162644620251	390.1667655874236	1495.802266563019	7.1728486459458365
10.849654762951463	2.042553618806668	1548.5401312451336	647.1744445403064	390.8479396554892	1511.7146942523152	7.228138361141598
10.82804765857483	2.041426357575824	1565.277401362555	658.3326246185874	391.4525471623984	1527.6055100170126	7.2831477961531625
10.802364237922912	2.0402736738689695	1582.0146714799773	669.4908046968686	392.1880850801146	1543.519443263809	7.337881861027874
10.780199302591848	2.0390968962170275	1598.7519415973989	680.6489847751498	392.812722287244	1559.404254502414	7.392345340433843
10.757855681258432	2.037897298088497	1615.4892117148204	691.8071648534309	393.44486750985277	1575.2854310051068	7.446542897812774
10.735965396187838	2.0366761156470097	1632.226481832242	702.965344931712	394.0631835102501	1591.1584561059933	7.500479079364772
10.714488628212543	2.035434537204255	1648.9637519496637	714.1235250099932	394.6694190065785	1607.0235361780965	7.554157946761066
10.693423988197777	2.034173706495022	1665.7010220670852	725.2817050882744	395.26357742860546	1622.8805982235083	7.607583879224662
10.672619886064592	2.0328947254713	1682.4382921845065	736.4398851665554	395.8498618860616	1638.731062795343	7.66076131038924
10.653860957012578	2.031598651270738	1699.1755623019285	747.5980652448367	396.36785832080335	1654.559672053865	7.713693794369458
10.632954174577009	2.030286499137224	1715.9128324193503	758.7562453231178	396.9605620045091	1670.4015253695122	7.76638549158553
10.612581746385931	2.028959246822425	1732.6501025367718	769.914425401399	397.53675768708337	1686.2337812731998	7.818840164376876
10.595199138927539	2.0276178245103584	1749.3873726541938	781.07260547968	398.00932999693816	1702.0352955978842	7.871061460400624
10.574328882467226	2.0262631295435294	1766.1246427716158	792.2307855579612	398.6063001206961	1717.8624558280046	7.923052899837548
10.555594555546834	2.024896020878152	1782.8619128890373	803.3889656362423	399.12937383252375	1733.6659810973845	7.974818354811244
10.536401911093835	2.02351731934011	1799.5991830064588	814.5471457145234	399.67018550073016	1749.46896182645	8.026360566343792
10.518569068791175	2.0221278117564707	1816.3364531238808	825.7053257928047	400.1636204901845	1765.25448206324	8.077683357162046
10.501537245794925	2.0207282512457714	1833.0737232413026	836.8635058710857	400.6284039345491	1781.0272918792414	8.128789966873775
10.483261106488822	2.019319357013692	1849.8109933587243	848.0216859493669	401.14075636976185	1796.8072742857491	8.179683492737091
10.466508184769308	2.01790181863453	1866.5482634761454	859.1798660276481	401.5975781626931	1812.5673256553416	8.23036681883893
10.449575847746596	2.0164762938336183	1883.2855335935674	870.3380461059293	402.06258834323694	1828.3241780527726	8.28084302107143
10.432759408105817	2.015043411511136	1900.0228037109887	881.4962261842104	402.52432585013565	1844.0749419110293	8.33111513394574
10.416256221060937	2.0136037729350544	1916.76007382841	892.6544062624915	402.9756901184636	1859.8175381367514	8.381186003615161
10.400225576206935	2.0121579537087024	1933.4973439458313	903.8125863407726	403.4100951625871	1875.5501404359634	8.431058418303001
10.384052664433565	2.0107065015781806	1950.2346140632533	914.9707664190539	403.85136637800747	1891.2793830042447	8.480735109834136
10.36975674567681	2.0092499410905194	1966.971884180675	926.128946497335	404.22057652866107	1906.9826120831788	8.530218755117023
10.352564556946467	2.007788772398426	1983.709154298097	937.2871265756161	404.70459286594274	1922.7137315673285	8.579511788091628
10.337294677088906	2.0063234735496858	2000.4464244155188	948.4453066538972	405.11460799487435	1938.4181379584438	8.628616814811114
10.322060030437685	2.004854500955271	2017.183694532941	959.6034867321786	405.5244157363333	1954.1172429517599	8.677536443458777
10.306578397594794	2.003382289850604	2033.9209646503627	970.7616668104596	405.9457432908665	1969.814544366337	8.726273147267875
10.292473335100357	2.0019072552942068	2050.6582347677845	981.9198468887407	406.3127862532041	1985.490211659981	8.774829286432762
10.278174970887429	2.000429793504423	2067.395504885206	993.0780269670219	406.6887793119067	2001.1631969729056	8.823206756571981
10.263334184261714	1.9989502841336846	2084.1327750026285	1004.236207045303	407.08841563583894	2016.8381813336791	8.87140837782253
10.249570274076573	1.9974690868654412	2100.87004512005	1015.3943871235842	407.4450022849535	2032.494517726598	8.919436228969882
10.235485872075573	1.99598654549252	2117.60731523747	1026.552567201865	407.8161643316132	2048.1500858260442	8.967292181768629
10.221781333351814	1.9945029888201633	2134.344585354892	1037.7107472801463	408.1728200567208	2063.795748349313	9.01497896222623
10.208254306887016	1.9930187296250814	2151.0818554723137	1048.8689273584273	408.5232913043671	2079.43410242565	9.062497837674101
10.194984623802496	1.991534065906131	2167.819125589735	1060.0271074367085	408.86414600163727	2095.0639962144946	9.109851730050133
10.184698833629616	1.9900492819374136	2184.5563957071563	1071.1852875149898	409.0785880698857	2110.646742759413	9.157041811196468
10.168538419054048	1.9885646491096023	2201.2936658245776	1082.3434675932708	409.54580386969445	2126.307774512454	9.20407071103129
10.1556423783052	1.9870804252296934	2218.030935941999	1093.501647671552	409.87454271802164	2141.917672330766	9.250939987113433
10.14279804081651	1.985596856246409	2234.768206059422	1104.659827749833	410.20239297974217	2157.521944641786	9.297651515942501
10.129259818483558	1.9841141764777424	2251.5054761768433	1115.8180078281143	410.56209569705527	2173.1318750563605	9.344207413363689
10.117724079838196	1.98263261092848	2268.242746294265	1126.9761879063956	410.8352216765439	2188.706725820326	9.390609213516694
10.1047775246221	1.9811523666653093	2284.980016411687	1138.1343679846766	411.17186522926977	2204.298244538731	9.436858630120838
10.093421094706672	1.9796736509393889	2301.7172865291086	1149.2925480629576	411.4392344260123	2219.8601063187684	9.482957637676934
10.081609440383804	1.9781966542443699	2318.45455664653	1160.450728141239	411.7279346882628	2235.424039486795	9.528907900752547
10.069561925488143	1.9767215610246265	2335.1918267639503	1171.6089082195201	412.0284631238676	2250.986871561835	9.574711057023107
10.059464438477812	1.975248542709292	2351.929096881372	1182.7670882978011	412.242061456584	2266.512709257489	9.620368590186391
10.046309147579652	1.9737777665206133	2368.6663669987934	1193.9252683760824	412.5956507873901	2282.0842009147996	9.665882164674294
10.03513691612648	1.9723093902081035	2385.4036371162156	1205.0834484543634	412.8603043607893	2297.6178556051013	9.711253440065112
10.023625720422466	1.9708435620439806	2402.1409072336382	1216.2416285326447	413.14180796849166	2313.1523769801297	9.756483950748288
10.012358591540387	1.9693804261306813	2418.8781773510595	1227.399808610926	413.41348405430426	2328.6778660548857	9.801575206934691
10.001480278966925	1.9679201155293014	2435.6154474684818	1238.557988689207	413.6683220015475	2344.191629227225	9.846528695152132
9.995896186811047	1.9664627589110029	2452.352717585902	1249.716168767488	413.67665935379523	2359.604927510491	9.891345878728476
9.982643278547046	1.9650084778680443	2469.0899877033257	1260.8743488457694	414.0442531984516	2375.1509603054988	9.936028198262663
9.968387271966364	1.9635573878051436	2485.8272578207484	1272.0325289240504	414.4620901115502	2390.7119932974806	9.980577072084014
9.962504178968063	1.9621095914583933	2502.56452793817	1283.1907090023315	414.48493342627285	2406.1124762744807	10.024993894671828
9.95433719821745	1.9606652109936966	2519.3017980555915	1294.3488890806127	414.6160734038278	2421.5492066201073	10.06927980903626
9.943434723657932	1.9592243252671608	2536.0390681730137	1305.5070691588937	414.87842160956774	2437.032793760627	10.113436362987501
9.926250891707886	1.9577870340940828	2552.776338290435	1316.665249237175	415.4451225593841	2452.6349726859376	10.157464891122173
9.916641701442224	1.9563534252158779	2569.513608407857	1327.8234293154562	415.64947705703906	2468.0854507136173	10.201366707875987
9.906461281996789	1.9549235807703758	2586.250878525279	1338.9816093937372	415.8826140448559	2483.542299536045	10.245143107920256
9.897795168735186	1.953497579989329	2602.9881486427003	1350.1397894720183	416.0430413875191	2498.9634739242024	10.288794976510484
9.886882835079279	1.9520754963001181	2619.725418760122	1361.2979695502997	416.31474535512604	2514.425568282339	10.332323877625125
9.881001343977264	1.950657399779386	2636.462688877544	1372.4561496285808	416.34001850442166	2529.7779790932263	10.375731096329087
9.868089934186855	1.9492433553897077	2653.199958994965	1383.6143297068618	416.7129457238137	2545.2726883898195	10.419017538820247
9.860410348161414	1.9478334262650399	2669.937229112387	1394.772509785143	416.8283484346567	2560.6518333329927	10.462184453399683
9.849051078826836	1.9464276692750655	2686.6744992298077	1405.930689863424	417.12796970251827	2576.1052658958547	10.50523326034424
9.839243773423105	1.945026140070579	2703.4117693472303	1417.0888699417053	417.3520359228462	2591.520679872077	10.548164548409643
9.830928739715235	1.9436288883219268	2720.1490394646526	1428.2470500199865	417.50228197882205	2606.8981655490084	10.59097994348363
9.82200673650079	1.9422359636956708	2736.8863095820743	1439.4052300982676	417.6840569111906	2622.2840118149898	10.63368024160102
9.812299975333323	1.9408474097875235	2753.6235796994956	1450.5634101765488	417.9067512033276	2637.682859101736	10.676266637484183
9.805619413824722	1.9394632693494278	2770.3608498169174	1461.72159025483	417.9767570182697	2653.0070151829023	10.718740151726902
9.796880221219178	1.9380835809951362	2787.0981199343396	1472.879770333111	418.1524798661119	2668.3733573677264	10.761101840516874
9.784739208768343	1.9367083817874613	2803.835390051761	1484.0379504113923	418.5042799099993	2683.8156500811115	10.803352664581746
9.779354895504198	1.9353377044195759	2820.5726601691817	1495.1961304896734	418.5100476578019	2699.0924081308426	10.845493822051106
9.776149412848225	1.9339715808740467	2837.3099302866044	1506.3543105679544	418.40347694982603	2714.3092362091993	10.887525941163942
9.759359600846805	1.9326100393384833	2854.0472004040257	1517.5124906462356	419.0005735002037	2729.8530559281585	10.929450463369028
9.751727527489262	1.9312531077252535	2870.784470521448	1528.6706707245164	419.1252144714717	2745.168334795483	10.971267925489176
9.74772055981547	1.9299008093607395	2887.5217406388706	1539.828850802798	419.0612143930787	2760.386713932028	11.012979491551125
9.747097358807595	1.9285531669959106	2904.259010756293	1550.9870308810791	418.8205285587535	2775.5110481944557	11.05458622740438
9.7370276847818	1.9272102010492145	2920.9962808737146	1562.14521095936	419.07384908761344	2790.870267442143	11.09608869335304
9.718594775158895	1.9258719297160365	2937.7335509911363	1573.3033910376412	419.77109527877917	2806.444505770293	11.137488002010446
9.714452341098887	1.9245383694825202	2954.4708211085576	1584.4615711159224	419.71600450712776	2821.641929007391	11.17878514290514
9.706208120838982	1.923209534421087	2971.20809122598	1595.6197511942034	419.87884179649785	2836.941877002657	11.21998097029345
9.696488536447319	1.921885441183007	2987.9453613434016	1606.7779312724847	420.12163823719345	2852.2770556761016	11.26107600960338
9.688062942549617	1.920566097906858	3004.6826314608234	1617.936111350766	420.29728203791035	2867.5730447922365	11.3020714387925
9.670533498308263	1.9179417042533318	3038.157171695668	1640.2524715073282	420.689150823906	2898.1705436153425	11.383766765293792
9.665202979136172	1.9166366665728167	3054.8944418130886	1651.4106515856095	420.70147269287713	2913.3657445934623	11.424468278690357
9.659293729813877	1.9153209454526332	3071.63171193051	1662.5688316638903	420.7456741903663	2928.5711946033616	11.465073398762863
9.654525929137572	1.9140409463091508	3088.3689820479312	1673.7270117421715	420.728562510837	2943.737675169529	11.505582804769649
9.35087236157222	1.8552297403909528	3925.232487919016	2231.6360156562287	424.62358328606393	3697.3080833333142	13.42398945968966
9.226770857255236	1.829861782630619	4343.664240854556	2510.5905176132574	425.8825525419854	4068.4409474544223	14.3171068862377
9.138293947170089	1.8068074896787976	4762.095993790102	2789.545019570286	425.4605310290202	4434.478985752358	15.174533468573445
9.049591143035157	1.7857907159846764	5180.527746725645	3068.4995215273148	425.5426387698509	4797.425162555945	16.000812539847704
8.975717195330994	1.7665655126697164	5598.95949966119	3347.454023484343	425.11610243470733	5156.192803060648	16.79957810557789
8.90552276972363	1.748918254785833	6017.391252596737	3626.4085254413717	424.85737529482424	5511.656878199677	17.573792472560683
8.848321804593466	1.7326158646206065	6435.823005532278	3905.3630273984004	424.110122382646	5862.771980464459	18.325910129728122
8.799349163568206	1.7176489474062442	6854.254758467824	4184.317529355429	423.1510217117129	6209.819883435241	19.05799248143699
8.758743130589531	1.7037342013961843	7272.686511403358	4463.272031312457	421.9414498736709	6552.578694100566	19.771791885851847
8.71402591209008	1.6908046910284575	7691.118264338888	4742.226533269486	421.27133311981345	6892.922115438049	20.468813187357167
8.678110138025398	1.6787599601645875	8109.550017274426	5021.181035226515	420.2702215328842	7228.793621529943	21.15036063604462
8.643996512894063	1.6675128970662265	8527.981770209968	5300.1355371835425	419.37409980128575	7561.306118680524	21.817573612089028
8.615825046723334	1.6569876267172319	8946.413523145511	5579.090039140572	418.2962896706006	7889.548956665779	22.471455127543706
8.594359105874037	1.647117778266981	9364.84527608105	5858.044541097601	416.97612985514917	8213.10693703097	23.11289329581288
8.56859456821155	1.6378450423598303	9783.277029016597	6136.9990430546295	416.09937350887117	8534.597495595044	23.742679522142573
8.545827812662372	1.6291179841658134	10201.708781952137	6415.953545011657	415.1863603657817	8852.29819081161	24.36152262228016
8.526326955229438	1.6208910484677377	10620.140534887681	6694.908046968686	414.20970284523014	9166.031202694845	24.970060593116198
8.505944877214105	1.613123739218685	11038.572287823228	6973.862548925715	413.4168030589671	9477.039741697397	25.568869996332054
8.495716935826755	1.6057799241987414	11457.00404075876	7252.817050882743	412.1187478727265	9781.56800594332	26.158474516186658
8.4764687512774	1.5988245402267613	11875.43579369431	7531.771552839771	411.48294617296426	10086.210005703037	26.73935115707806
8.462946465231907	1.5922366707510514	12293.867546629857	7810.726054796801	410.600828566851	10385.765817535468	27.311935941444528
8.453768289369066	1.5859819991092559	12712.299299565404	8089.6805567538295	409.5518622381082	10680.47497524576	27.876629038808687
8.437890076774707	1.5800395847054527	13130.731052500943	8368.635058710857	408.99036794597765	10975.059074949764	28.433798475847617
8.427344590386621	1.574387991222565	13549.16280543647	8647.589560667886	408.1911898635143	11264.358729461639	28.9837838175657
8.418439639117594	1.5690077457576648	13967.594558372011	8926.544062624915	407.37070777725353	11549.876629948683	29.526899185713766
8.409861674738172	1.56388111104827	14386.026311307549	9205.498564581943	406.6014964107589	11832.233153936068	30.06343590362767
8.400506807486064	1.5589918931606728	14804.458064243081	9484.453066538972	405.94244136885374	12112.07050880818	30.59366468629546
8.399421163371027	1.5543252753358556	15222.889817178635	9763.407568496	404.86842125387926	12384.208137897307	31.117837694965765
8.387592484817064	1.5498676696522495	15641.321570114165	10042.36207045303	404.4682115209995	12659.670648567046	31.636190353229367
8.385897947036897	1.5456065901673826	16059.753323049708	10321.316572410058	403.5432785007163	12926.006727088217	32.14894273090086
8.374043303600672	1.5415305407496065	16478.185075985235	10600.271074367085	403.24361118016463	13196.022014133641	32.65630104846608