28.382674912641598	0.08186168569606778	35.01889990375193	0.11158180078281144	0.21926186974739212	29.42314902622758	0.2294761402266479
27.641770240697547	0.08321373215704085	56.00181385488425	0.22316360156562287	0.16964892259207845	45.838738242152175	0.36638318336958964
26.83433892584748	0.08412053650494968	72.04827648580353	0.33474540234843436	0.14312977282693629	59.51381247828058	0.4708744562489539
26.655930269292238	0.08653140692622104	81.10687321179608	0.44632720313124574	0.11056400213515243	70.98732377518685	0.5297225169962301
25.816045958412317	0.08964351049144294	90.14122176324858	0.5579090039140573	0.09426161745451377	78.92916323992486	0.5884123560085507
25.44753859623974	0.09349989264914342	97.00365480445849	0.6694908046968687	0.07783900166271336	86.16767224689896	0.6325701430208436
24.820024346113247	0.09808333455282911	101.25525164665568	0.7810726054796802	0.064955349453826	94.34970441399045	0.6592591071306432
24.316918209957862	0.10346787658669207	105.50684848885288	0.8926544062624915	0.052175438260019594	98.68899486185808	0.6859480712404427
23.669797777508126	0.10924365400724668	109.7584453310501	1.004236207045303	0.04586173608660141	102.74403015271258	0.7126370353502423
12.791415570838973	0.5526441358767155	245.11747013464068	11.158180078281145	108.22325484906969	242.56414293676787	1.563978184548348
12.738870415056287	0.5871567486822571	253.65098753252195	12.273998086109259	117.60741467772071	251.06807758727456	1.6161221000396138
12.70301757295352	0.6199328192627017	261.72040621798027	13.389816093937375	125.8526694296207	259.10233338916	1.6652242046008747
12.671786929447935	0.651151459276581	269.3791714605587	14.505634101765487	131.7370694770009	266.73104067589145	1.711638934188912
12.651016779019143	0.6809683300116434	276.6528317856452	15.621452109593601	137.1606081269454	273.98420899715734	1.7555476392194556
12.630065047311358	0.7095288705062517	283.52503164072255	16.73727011742172	142.40560658744747	280.8670501298643	1.7968750752608336
12.611077507326208	0.7369818885591228	289.9329617639718	17.853088125249833	147.42410355655227	287.3382894545064	1.835268736207
12.597550865450815	0.7634911864317545	295.76641968216546	18.968906133077947	152.11392939202617	293.3083986333741	1.8700948037152665
12.58896404913029	0.7892375522930289	300.91764816630064	20.084724140906058	156.5313647301194	298.6670067314242	1.9007401330910996
12.581104195554506	0.8144016422427524	305.36474819091586	21.200542148734172	160.82228058532877	303.3557496489047	1.9271058955554587
12.576177569637006	0.839137632504562	309.1819376503568	22.316360156562286	164.9672961979654	307.3930759698595	1.949661535613884
12.56748149261192	0.8635593057462279	312.4769090074706	23.4321781643904	169.164498227329	310.87957781161435	1.9690665439775583
12.56350393159152	0.8877409471439973	315.3707803106596	24.547996172218518	173.2114781601444	313.91847479943505	1.9860538740301679
12.561819482818175	0.9117260781487015	317.95834522404976	25.663814180046632	177.18117850182006	316.61926178722445	2.001194148612347
12.561367514249616	0.9355366672779171	320.31477102993836	26.779632187874743	181.10708264206633	319.0581171269623	2.0149384845366325
12.561931031418816	0.9591807177200902	322.48610914455975	27.89545019570286	184.99788360405682	321.2982367191814	2.0275619742236977
12.565049411773918	0.9826576974797586	324.5214902578404	29.011268203530975	188.8114685143527	323.37837789789535	2.039359058920072
12.568367522536015	1.0059619145576733	326.44416553150785	30.12708621135909	192.6115211059931	325.3378879545891	2.0504678404145253
12.572604988989786	1.0290850365823025	328.2763274826211	31.242904219187203	196.36708017615277	327.198542344592	2.0610205540769537
12.578237271668716	1.0520173934230421	330.03609967277407	32.35872222701532	200.05427008533871	328.97792977102864	2.071125434524027
12.585504786016383	1.074749005010818	331.7358638397814	33.47454023484344	203.66363123424975	330.6908812963422	2.080856155224919
12.592925993310832	1.0972701696012515	333.3854950959972	34.590358242671556	207.23977441013787	332.3485287100364	2.0902715253528075
12.60106906279866	1.1195718051006351	334.9915641918929	35.70617625049967	210.76334524634962	333.959995454848	2.099410127057741
12.610091391815885	1.141645625167088	336.56092816786446	36.82199425832778	214.23075286004524	335.532422415858	2.108312910139383
12.617052940577805	1.1634842918800012	338.0994392959519	37.937812266155895	217.7284074717525	337.07199129458274	2.1170151863355775
12.62845183498863	1.185081435931409	339.61124727717015	39.053630273984005	221.06112305810737	338.58174345525464	2.1255419056938627
12.638911068648746	1.206431611987466	341.0980394017772	40.169448281812116	224.38893993677632	340.06458157393195	2.1339020396042447
12.649504170408553	1.2275302427271984	342.56359690543286	41.28526628964023	227.6794306483836	341.52574092632005	2.142118789125464
12.659346147084877	1.248373679840742	344.0110874276525	42.401084297468344	230.9594523180878	342.9669602970089	2.150212005549439
12.676406134594616	1.268959034824118	345.4401747498432	43.51690230529646	233.98130439187668	344.3881566538554	2.1581776166317503
12.681545214191857	1.2892841351509277	346.8546335228125	44.63272031312458	237.33971102354403	345.79616516334545	2.1660403298386317
12.692868724029703	1.3093475380122963	348.2547527598368	45.7485383209527	240.4709620827545	347.1870223012167	2.1738008737582994
12.701765689579208	1.3291483321020634	349.64198152113755	46.86435632878081	243.64433228607106	348.56580593140967	2.1814682487192827
12.715274722883644	1.3486862316807222	351.0175374762801	47.980174336608926	246.62898055961136	349.9305820912066	2.1890501640212987
12.726064556485616	1.367961371413981	352.38186329484074	49.095992344437036	249.65911198108228	351.28507364424235	2.1965487092444613
12.735837864844193	1.3869743879534402	353.73625277403244	50.211810352265154	252.68119265198047	352.6283953052757	2.203972546539144
12.748023864939961	1.405726248323845	355.08097662246956	51.327628360093264	255.58252954870153	353.96218611895955	2.2113227369249397
12.759963647668348	1.4242183222202067	356.4168686923875	52.44344636792138	258.4511571381931	355.2858631577418	2.218604794064622
12.771738559677967	1.4424522274960225	357.7445677560235	53.559264375749486	261.28285326860004	356.60168227915364	2.225822835332806
12.782368346985498	1.4604298995180005	359.06410624141154	54.6750823835776	264.1118049919382	357.9088842676188	2.232976333526836
12.793442762090033	1.4781534635118208	360.3768419004174	55.79090039140572	266.8832793306278	359.20867015232403	2.240075373220758
12.793442762090033	1.4781534635118208	360.3768419004174	55.79090039140572	266.8832793306278	359.20867015232403	2.240075373220758
12.796014274840466	1.4825449204535495	360.7034389562519	56.06985489336274	267.5763978383134	359.5326538320363	2.2418372974599645
12.798757101842215	1.4869206842537375	361.03003601208644	56.348809395319776	268.26113829664735	359.8557063274579	2.2435992216991707
12.80150063222575	1.4912807867197073	361.3563877977574	56.6277638972768	268.94260383782466	360.17874795454503	2.2453591410868428
12.80442069594015	1.4956252719476244	361.6817882529928	56.90671839923384	269.61555435685653	360.5012269666859	2.247111284248266
12.807017667458776	1.4999541819074262	362.0071887082282	57.185672901190856	270.2967606976297	360.82305989480403	2.2488634274096895
12.809460649752957	1.5042675478107859	362.3321822637989	57.464627403147894	270.98052701552604	361.14491210425564	2.2506122158833555
12.813983812388798	1.50856542403966	362.6564245310079	57.74358190510491	271.59186050903907	361.46572271169333	2.252354810353712
12.814732590755591	1.5128478477405536	362.9806667982169	58.02253640706195	272.3266919013942	361.7866931252584	2.254097404824069
12.817454304983233	1.5171148518555937	363.30436845686296	58.301490909018966	272.992220697757	362.1072880513858	2.255835503589595
12.819769553764264	1.5213664962896316	363.62748922135347	58.580445410976004	273.6687479354198	362.4272047018655	2.2575687716350012
12.822724491841361	1.525602814607481	363.950609985844	58.859399912933036	274.32098677401507	362.74659724972224	2.259302039680407
12.82557271422616	1.5298238445356713	364.27308183814716	59.13835441489007	274.974091445139	363.0660001761285	2.261029864180471
12.83170338994212	1.5340296479172866	364.5951162215256	59.41730891684709	275.5127359582704	363.3839568105142	2.262754018874398
12.831058245979134	1.538220256743242	364.91715060490395	59.69626341880411	276.2772882451177	363.70289476408215	2.264478173568325
12.833497809390883	1.5423957138524726	365.23845091176514	59.975217920761146	276.934620704119	364.02124098177165	2.2661961158833717
12.836240437373469	1.5465560766301416	365.5594326196699	60.25417242271817	277.5788358017566	364.3386550367307	2.26791136194349
12.83888252003865	1.5507013819880193	365.8804143275746	60.53312692467521	278.2235379788653	364.65587655595147	2.2696266080036085
12.841391757904544	1.5548316745030277	366.20059788188786	60.812081426632226	278.8684695195225	364.9731144418609	2.271335038957025
12.84966585819389	1.5589470113886108	366.5205593374118	61.091035928589264	279.3158421540825	365.2883384712416	2.2730415734998215
12.846409933171513	1.5630474297169046	366.84052079293576	61.36999043054628	280.14911243490195	365.605625621715	2.274748108042618
12.848825478747889	1.5671329772994498	367.15963923656216	61.64894493250332	280.78791786939775	365.92181529492194	2.2764473790481587
12.85002206678326	1.5712037098067821	367.4786117007438	61.927899434460336	281.46374000476646	366.23732232598996	2.278145392269392
12.85332986281275	1.5752596660268467	367.79758416492547	62.206853936417374	282.064408580313	366.55232001975133	2.2798434054906247
12.856164607477456	1.5793008948398306	368.11568626668446	62.4858084383744	282.67779202571455	366.8673996750922	2.281533850175287
12.859018245512198	1.5833274528535128	368.43369994731853	62.76476294033144	283.2872881977241	367.1815553027093	2.283223525963567
12.861310046394449	1.5873393775095221	368.7517136279526	63.043717442288454	283.91104692415655	367.4957483490669	2.284913201751847
12.864239446161589	1.591336722730763	369.06884552762847	63.32267194424548	284.50924042864705	367.809806957269	2.2865951373831757
12.876537070195683	1.5953195413425234	369.3859296775291	63.60162644620251	284.79133783904837	368.12112863536964	2.288276653873274
12.86890463956494	1.5992878732164952	369.70301382742963	63.88058094815954	285.7349356092909	368.43629603250656	2.289958170363373
12.875672512781097	1.6032417726765096	370.01921925015915	64.15953545011656	286.1926385986361	368.7486251763514	2.291631899106462
12.874195433110579	1.6071812936875995	370.335402255902	64.4384899520736	286.92087328367654	369.061713102745	2.293305429178306
12.876629020746345	1.6111064758363427	370.6515852616449	64.71744445403063	287.5151510319182	369.3739650185498	2.294978959250151
12.87880952763375	1.6150173739279672	370.9669057064986	64.99639895598766	288.11279332882236	369.686257846082	2.2966447692763814
12.881267045918447	1.618914042388933	371.2822151685716	65.27535345794469	288.69576217291717	369.9976709863065	2.2983104810051254
12.884306887086595	1.622796521486614	371.59752463064467	65.5543079599017	289.25579020137616	370.30888732054126	2.2999761927338684
12.886860575803727	1.6266648666519576	371.91199953673106	65.83326246185874	289.82720044285213	370.6201912420967	2.3016343592005932
12.888755185387602	1.6305191311604574	372.22646234193286	66.11221696381577	290.4134306303775	370.9308576140136	2.303292416262621
12.890740875502479	1.6343593580689948	372.5409251471347	66.3911714657728	290.9923271454821	371.241398480464	2.3049504733246486
12.893223367283397	1.6381856000902355	372.85459204013085	66.67012596772985	291.55099602384126	371.5518298480644	2.3066012592425524
12.89541751986095	1.6419979129824218	373.1682344269779	66.94908046968686	292.1109895012346	371.86161376916846	2.308251821281816
12.897836743673121	1.6457963398587956	373.48187681382495	67.2280349716439	292.6595316158987	372.17120734186557	2.3099023833210803
12.902583069384892	1.653351747127928	374.1076190532963	67.78594397555796	293.7422874373571	372.7897605544002	2.313189263282435
12.905054509998672	1.657108826896753	374.4204666711247	68.06489847751497	294.27229290959906	373.09850893103703	2.3148324862410736
12.907413411415497	1.6608522234007717	374.73262309387417	68.34385297947202	294.7999649773314	373.40726899256725	2.3164692552697517
12.909617360574762	1.66458199558486	375.0447010562564	68.62280748142904	295.3247191680041	373.71550909147686	2.318105291686565
12.912098119562627	1.6682981844942542	375.3567790186386	68.90176198338607	295.83704141664913	374.02344797240187	2.319741328103379
12.914447996351049	1.6720008423713977	375.6682297474364	69.1807164853431	296.34499972081176	374.3314012886036	2.3213714400172476
12.91654522102761	1.6756900246568356	375.97956268047386	69.45967098730013	296.85500702772435	374.6389416518562	2.3230004392972474
12.918939437636704	1.6793657778732813	376.29089561351134	69.73862548925715	297.3509753455363	374.9461122688665	2.324629438577248
12.920947198086372	1.6830281535691263	376.6016716763175	70.01757999121418	297.84928587851897	375.25335341245807	2.3262531146997882
12.921851676893478	1.6866772010876858	376.91228376231385	70.29653449317121	298.3760613593503	375.56045024259396	2.3278752233577213
12.92513192879814	1.6903129737489757	377.22289584831026	70.57548899512823	298.82431541735355	375.86667628483974	2.329497332015654
12.92780392606251	1.6939355166744599	377.5330268768794	70.85444349708526	299.28564537319124	376.1730184020227	2.331114784624754
12.928191115326737	1.6975448898635712	377.8429418938518	71.13339799904229	299.8054683429107	376.4795631707235	2.332730146505211
12.931928311612769	1.7011411360561877	378.15285691082414	71.41235250099933	300.222119720519	376.78495535268786	2.334345508385667
12.934163997439981	1.704724304357398	378.46237121299544	71.69130700295635	300.6769085825989	377.0906546557818	2.335956941155024
12.93662635806673	1.7082944527245743	378.77161257043485	71.97026150491338	301.11645762639995	377.39612411390164	2.3375656976314865
12.93853900764507	1.7118516261108654	379.0808539278742	72.2492160068704	301.567871760813	377.701188421521	2.339174454107949
12.940733233399344	1.7153958726323248	379.3897785524864	72.52817050882744	302.00113070475584	378.006183975153	2.3407800625060515
12.9415109436566	1.7189272491349923	379.6983693237395	72.80712501078446	302.47071973483736	378.3114015962414	2.342382352661003
12.945700644434547	1.7224458021055318	380.0069600949926	73.08607951274149	302.8369300692247	378.61529054485857	2.343984642815954
12.94726032442286	1.7259515772243406	380.31532089038956	73.36503401469851	303.27215525656834	378.9197321503047	2.3455846144681414
12.948019347252098	1.7294446328370583	380.62328384199634	73.64398851665555	303.71672961017015	379.2243409332212	2.347180575256133
12.951325652079108	1.7329250154054743	380.93124679360307	73.92294301861257	304.09349519955964	379.52778148331294	2.348776536044125
12.954646596399781	1.7363927698990143	381.23906846057133	74.20189752056959	304.4601616451923	379.8311755093048	2.3503710510625013
12.954484413991208	1.7398479516125844	381.5464260788612	74.48085202252663	304.91266689036064	380.13532076875737	2.3519608174579067
12.957221839790607	1.7432906112346116	381.85378369715113	74.75980652448366	305.282484456293	380.43834462703137	2.353550583853312
12.959901109725157	1.7467207913510918	382.1610898370217	75.0387610264407	305.65027755494935	380.74123391577155	2.3551398151386724
12.960005638921	1.7501385469626152	382.4678643522406	75.31771552839771	306.0744398238019	381.0446798456656	2.356723520269662
12.963550467950055	1.753543927228691	382.7746388674595	75.59667003035476	306.40884451526955	381.34700810151037	2.3583072254006523
12.96564299360584	1.7569369777210309	383.08141338267836	75.87562453231178	306.7753016935596	381.64940475167225	2.3598909305316425
12.973431785251814	1.7603177486111958	383.3876654342235	76.1545790342688	306.9976862282778	381.9505319068442	2.3614691141901565
12.969732100529678	1.7636862934185265	383.6938788424368	76.43353353622582	307.49033869092125	382.25396195930915	2.363046889460292
12.975475701658889	1.767042648958926	384.00009225065014	76.71248803818287	307.752375337737	382.55494983974313	2.3646246647304277
12.974052153762361	1.770386884645541	384.3058946331427	76.99144254013989	308.17648293895877	382.85750425784977	2.3661980197019026
12.97471081727905	1.7737190309646056	384.61156871613633	77.27039704209692	308.5472021917665	383.15951416238477	2.367769994900592
12.97820815202336	1.7770391447782752	384.91724279912995	77.54935154405395	308.84690649416797	383.4604185924078	2.369341970099282
12.979357979683328	1.7803472640247167	385.22261586866756	77.82830604601098	309.19868083734343	383.76183960877677	2.370910647719832
12.981700213276387	1.783643449727369	385.5277722120456	78.10726054796801	309.51352616234607	384.0629831753006	2.3724769511227777
12.983464647841231	1.7869277440245646	385.8329285554236	78.38621504992503	309.8391296443107	384.3637379078007	2.374043254525724
12.985479165415438	1.7902001933402063	386.13789174072457	78.66516955188207	310.15640270856284	384.66440432558744	2.3756074000047733
12.987611298267666	1.7934608488080799	386.44255175038404	78.94412405383909	310.46212540865673	384.96504160205274	2.377168158465419
12.989489598639755	1.7967097584251708	386.7472117600435	79.22307855579612	310.77283217147436	385.26535417198994	2.3787289169260655
12.99091368362672	1.799946965574645	387.0517835929533	79.50203305775315	311.0873212756937	385.5656232646412	2.3802886695457235
12.99143590925393	1.8031725200754247	387.3559685100974	79.7809875597102	311.41435181135296	385.8660928643228	2.381844008578612
12.994636653101596	1.8063864710579347	387.66015342724154	80.05994206166721	311.6857691481703	386.1657013512735	2.3833993476115007
12.996816680339215	1.8095888610381279	387.9643383443856	80.33889656362425	311.971026793095	386.4652845015838	2.384954686644389
12.998811198138407	1.812779740193682	388.2680824861562	80.61785106558126	312.25607915151375	386.7649013940977	2.3865048847712704
13.004684097216396	1.8159591544771918	388.5718134009919	80.89680556753831	312.4626366255804	387.0635051592866	2.388054928628126
13.000384360818513	1.8191271508526463	388.8755443158276	81.17576006949533	312.8654090246614	387.364094637659	2.3896049724849804
13.004320853145687	1.822283772427109	389.17895254269575	81.45471457145234	313.10144589766804	387.6627679650895	2.3911511623345425
13.005989196717433	1.8254290718742534	389.4822504069472	81.73366907340937	313.381334476266	387.9619553532731	2.3926960340738157
13.007905069570251	1.8285630916793019	389.7855482711986	82.0126235753664	313.6500518864273	388.2606544932775	2.3942409058130893
13.009456674306135	1.8316858748722453	390.0886364624739	82.29157807732344	313.921628522443	388.55940898256296	2.3957832088440094
13.011417174821917	1.834797472212	390.39152210082955	82.57053257928045	314.18506865220326	388.85805685653077	2.39732303039455
13.013103281679529	1.8378979281908578	390.6944077391853	82.84948708123748	314.4493698364643	389.1564764174853	2.3988628519450903
13.014778775800204	1.8409872850642592	390.9971909930647	83.12844158319453	314.7081825073048	389.45475105858435	2.400401384443022
13.015549471586857	1.8440655921684697	391.2996851136655	83.40739608515156	314.98345864570524	389.7532322542613	2.4019362766624575
13.018457545671371	1.8471328938355749	391.60217923426626	83.68635058710858	315.2177082335232	390.05103906536937	2.403471168881893
13.01995997440536	1.8501892325523996	391.9046718901631	83.96530508906562	315.4697098792702	390.3489246023191	2.405006042109238
13.021855036944459	1.8532346548234049	392.2067950942259	84.24425959102264	315.7142835347825	390.6467078345332	2.4065361248376096
13.023415683465728	1.8562692062717796	392.5089182982888	84.52321409297967	315.9645588851643	390.9445283433124	2.4080662075659816
13.025062953711505	1.8592929306904278	392.81104150235166	84.80216859493669	316.2072128378801	391.2419689966598	2.4095962902943526
13.026615457094271	1.8623058704637805	393.112906748991	85.08112309689372	316.4484988899929	391.539423848129	2.4111229200153246
13.028634558641278	1.865308072876134	393.4146795396559	85.36007759885075	316.6812108129931	391.83675480497766	2.412648312124446
13.03016175117492	1.868299580628857	393.71645233032075	85.63903210080777	316.9214826379415	392.1339192644788	2.414173704233568
13.031993288958365	1.8712804360003652	394.018073879922	85.9179866027648	317.14898358880686	392.4309163017468	2.415697000660566
13.03356188965652	1.87425068512777	394.31951667039823	86.19694110472183	317.38066492470386	392.72796473691403	2.4172178200995442
13.035197555063647	1.8772103708805399	394.6209594608744	86.47589560667886	317.6108621530636	393.024841249408	2.4187386395385224
13.036774824037861	1.8801595348473965	394.92234942029	86.75485010863589	317.8388857829447	393.32153037013666	2.420258698830815
13.037720955427847	1.8830982212731602	395.2234825413734	87.03380461059292	318.0725532198483	393.618366089236	2.4217750626681136
13.038880298335878	1.8860264748672768	395.5246156624568	87.31275911254995	318.30236287788483	393.91510363699433	2.423291426505413
13.041806585577401	1.888944335409637	395.8257487835402	87.59171361450699	318.50203454149147	394.21111008587366	2.4248077903427117
13.044068284111498	1.8918518460889246	396.1266291758067	87.870668116464	318.7092803314074	394.507271392251	2.426320364851043
13.044786090238063	1.8947490523061232	396.42747288282914	88.14962261842105	318.9381303819531	394.803807532541	2.4278323893134415
13.046490110012503	1.8976359937688223	396.72831658985166	88.42857712037807	319.15047279500624	395.09985527507615	2.4293444137758393
13.048173882258178	1.9005127116925298	397.02900780136304	88.70753162233508	319.36282044210117	395.39582954067185	2.430854045713837
13.049732351572468	1.9033792499716917	397.32958228063177	88.98648612429211	319.5735510215509	395.6918211730924	2.4323618462225873
13.051404779510833	1.9062356506834972	397.63015675990044	89.26544062624914	319.7789333973877	395.98766832742535	2.433869646731338
13.052457536199558	1.9090819530184444	397.93066888091795	89.54439512820618	319.99400352843725	396.2834916450185	2.435376418559206
13.054170951548254	1.9119182003669555	398.2309942556948	89.8233496301632	320.1981043008082	396.57914071984374	2.436880109763683
13.055898962385946	1.9147444343005018	398.5313196304716	90.10230413212022	320.3993778248188	396.87476273009287	2.4383838009681593
13.056190962188097	1.9175606930532363	398.8316450052485	90.38125863407727	320.61923739356035	397.1704900402369	2.439887492172636
13.05808644755157	1.9203670209141643	399.13175847824346	90.6602131360343	320.81350007942916	397.4658028285368	2.4413874869215832
13.06029614150327	1.9231634565507203	399.4318548143106	90.93916763799132	321.0024395527288	397.76102649106616	2.4428871827306593
13.061869032665566	1.9259500425485014	399.73195115037777	91.21812213994835	321.2006771729396	398.0562363032311	2.444386878539735
13.065082921896176	1.9287268144124423	400.0319239171234	91.49707664190538	321.36796788114015	398.3509395796133	2.4458842793121334
13.064533238786032	1.9314938186497554	400.3318112279758	91.77603114386241	321.5933043955016	398.6465922004905	2.447380092923522
13.066870566519658	1.934251091150254	400.63169853882823	92.05498564581943	321.77353153464963	398.9414429149385	2.448875906534911
13.067356617685595	1.9369986740066238	400.93153886715925	92.33394014777646	321.9823030521308	399.23659643362265	2.450370783353547
13.068801918546704	1.9397366058169845	401.23123711886143	92.61289464973349	322.172229435866	399.5314937854404	2.451862827281306
13.072704388334644	1.9424649254519217	401.5309353705636	92.89184915169052	322.3226483072945	399.82574497151137	2.4533548712090645
13.071852374606575	1.9451836724836513	401.8306336222658	93.17080365364754	322.54532869440874	400.12103792089397	2.4548469151368235
13.073183853540646	1.9478928868628678	402.1301800914863	93.44975815560458	322.7344050446021	400.415734866787	2.4563356765331243
13.073954254593698	1.9505926077223372	402.42970920722604	93.7287126575616	322.9311460998472	400.710570814271	2.4578240626335015
13.07611356149659	1.953282873327641	402.7292383229658	94.00766715951863	323.10227950138716	401.00494070734715	2.4593124487338787
13.077283933865317	1.9559637214848642	403.02868713313404	94.28662166147566	323.28794903581377	401.29946916934307	2.4607989265629424
13.076721747764365	1.9586351917167828	403.3280669975034	94.56557616343271	323.4994740973808	401.5944387363583	2.46228376605873
13.079808864494753	1.9612973232844872	403.6274468618728	94.84453066538973	323.65570614386274	401.88843770830425	2.463768605554518
13.085725797136615	1.9639501514665616	403.9268046389196	95.12348516734676	323.7686584934747	402.18151444393163	2.4652528585658873
13.082896813653225	1.9665937162618825	404.2260551019496	95.40243966930377	324.00762338681454	402.4769053203255	2.466734262069429
13.084293555116748	1.9692280555247788	404.52530556497976	95.68139417126082	324.18390822851717	402.77116654212585	2.468215665572971
13.085155647248307	1.9718532063679095	404.8245560280098	95.96034867321784	324.36786633227587	403.0654626118603	2.4696970690765125
13.08903777352459	1.974469205375512	405.12371931732315	96.23930317517487	324.5065600988839	403.3588939935968	2.4711758267359314
13.089549244002432	1.9770760909697545	405.4228601982962	96.51825767713188	324.6936503355283	403.6532105130722	2.472653904270911
13.08967603006739	1.9796739011587832	405.7220010792693	96.79721217908893	324.88312079402584	403.94760745608517	2.4741319818058907
13.090653214882094	1.9822626705992503	406.0211049004989	97.07616668104595	325.05994410202476	404.2416655885351	2.475608731762538
13.092002877351996	1.9848424371495592	406.3201559915605	97.35512118300298	325.2310514878214	404.53561856364496	2.477083592784669
13.0939355342013	1.9874132373784468	406.6192070826221	97.63407568496	325.3933056407902	404.829399818278	2.4785584538067997
13.09439742565759	1.9899751079436034	406.9182565919994	97.91303018691704	325.57511162426573	405.1234859383836	2.4800332446328954
13.0958735309885	1.9925280840871078	407.2172376612575	98.19198468887407	325.7396731449047	405.41726931940707	2.4815049980479875
13.096916526419479	1.9950722037716215	407.5162187305156	98.47093919083109	325.9102312945909	405.7111607015528	2.4829767514630796
13.10184806801867	1.997607501101974	407.81519979977367	98.74989369278813	326.0240978114056	406.00393730713466	2.4844485048781717
13.102028265713265	2.0001340125594247	408.11414943375024	99.02884819474517	326.2065850252542	406.29796453622185	2.485918382934333
13.100863958771015	2.002651773655344	408.41308022909783	99.30780269670218	326.4074948292908	406.59235196568113	2.4873871371198266
13.101660651907187	2.00516082001839	408.71201102444553	99.58675719865921	326.5768523117941	406.8861916177017	2.4888558913053203
13.102172475481417	2.007661186449926	409.01093506870046	99.86571170061625	326.7500638020616	407.1800377052328	2.4903240063996166
13.103196192984042	2.0101528945794502	409.3098353208991	100.14466620257328	326.9157147350961	407.473728380049	2.4917898692223845
13.104816652163583	2.0126360210071557	409.6087355730977	100.4236207045303	327.07253383138396	407.76724876754287	2.4932557320451525
13.106935092137228	2.0151105586213016	409.9076358252963	100.70257520648732	327.2218876048393	408.06059248237557	2.4947215948679204
13.107362697074892	2.017576556326554	410.2065273070314	100.98152970844436	327.3919483563506	408.35437357137124	2.4961852024519895
13.108419213793598	2.020034047489255	410.50541673248955	101.26048421040139	327.55270923666444	408.6479707805295	2.4976482812845653
13.110416479710008	2.02248306803576	410.80430615794756	101.5394387123584	327.699849462436	408.94130168444536	2.4991113601171406
13.11015800773054	2.0249236503228087	411.1031990691854	101.81839321431544	327.8788406572135	409.2352270413024	2.5005733878594705
13.112741370535716	2.027355829350884	411.4020973728202	102.09734771627247	328.017077392522	409.5283285341759	2.502033789596613
13.11252653605582	2.029779638464079	411.700995676455	102.3763022182295	328.1931437268872	409.8222362246138	2.503494191333755
13.115059608242316	2.0321951119803185	411.99989398008984	102.65525672018653	328.328790594797	410.11533640861467	2.504954593070897
13.114746641820414	2.034602282996348	412.29881996964184	102.93421122214357	328.5042287323702	410.40924028428884	2.506412504072785
13.117066306012577	2.0370011846976386	412.59774684762994	103.21316572410059	328.64231905636325	410.7023674026919	2.507870335147426
13.118522461319406	2.039391849789606	412.896673725618	103.49212022605762	328.79231905361314	410.9957549685709	2.509328166222067
13.119606582229366	2.041774312617272	413.19562662563135	103.77107472801464	328.9473349958125	411.2892401199265	2.510784668453663
13.120435793015417	2.044148604888731	413.49460176805655	104.05002922997168	329.10318049087783	411.58278830844296	2.5122400348522915
13.121705464255676	2.04651475936834	413.79357691048176	104.3289837319287	329.2522477169764	411.8762050686641	2.5136954012509194
13.12134120533416	2.0488728092897963	414.0925590922409	104.60793823388573	329.4239687776779	412.1701003560984	2.515150523258071
13.12398933872549	2.051222786500013	414.3916021856499	104.88689273584275	329.5532255593926	412.4631193159323	2.5166035305355985
13.123682666409836	2.053564723059512	414.6906452790589	105.16584723779978	329.72374573820133	412.7570000071208	2.5180565378131257
13.126126038379304	2.055898651217662	414.989688372468	105.4448017397568	329.8550417432286	413.0500694481791	2.519509545090653
13.126948745734369	2.0582246033271603	415.2887895211164	105.72375624171383	330.00648777281214	413.3436422699734	2.520961059204955
13.127747797732582	2.060542611620185	415.58792025098893	106.00271074367086	330.1580443130246	413.6372201751491	2.5224118124991093
13.129084142280387	2.06285270540584	415.88705098086143	106.2816652456279	330.3018893296217	413.9306334310616	2.5238625657932645
13.130211268102213	2.065154919112024	416.18620488933254	106.56061974758492	330.4484094219182	414.22413133135876	2.5253128549142905
13.130807392899053	2.0674492806271045	416.48544294247296	106.83957424954195	330.60213043172985	414.5178126340364	2.5267614589595726
13.132016213819984	2.069735823398068	416.78468099561337	107.11852875149897	330.7464646857377	414.8113015340356	2.528210063004855
13.133014454994914	2.0720145785073907	417.0839190487538	107.39748325345602	330.8916394455474	415.10484763433743	2.5296586670501373
13.134268271234818	2.0742855770501256	417.38325418751094	107.67643775541303	331.03304521425736	415.398392032033	2.5311057080298234
13.135313260710102	2.076548849642561	417.68261925436803	107.95539225737006	331.1771102223527	415.69198864065976	2.5325522671710576
13.135974133626306	2.0788044235862064	417.98198432122507	108.2343467593271	331.32629241943977	415.9856947936629	2.5339988263122915
13.137037343620216	2.081052334539416	418.2813945590854	108.51330126128413	331.4696558646622	416.2793242719816	2.5354447878529776
13.138129150417498	2.083292609243712	418.580906336005	108.79225576324114	331.6119736714936	416.57299032045637	2.5368894060584903
13.142699547342861	2.0855252784203926	418.8804181129246	109.07121026519818	331.70427495723175	416.86558389324375	2.5383340242640036
13.140193815174122	2.0877503728887525	419.17992988984406	109.3501647671552	331.8939016199324	417.16033021220375	2.539778642469517
13.140748524246385	2.089967922084322	419.4795825817184	109.62911926911224	332.041138402418	417.45425025958417	2.541221704876532
13.141994191672287	2.092177956032016	419.7792607731341	109.90807377106927	332.17859194087066	417.7479611963803	2.5426644857509837
13.141880873270244	2.0943805025925473	420.0789389645499	110.1870282730263	332.33469709860015	418.0420805383674	2.544107266625435
13.143893445201149	2.096575592476276	420.3786881160648	110.46598277498333	332.4610312421446	418.33560215236076	2.5455493863980894
13.144658539814094	2.0987632567822905	420.67855243663104	110.74493727694036	332.60236329447315	418.6295766854578	2.546990433194976
13.145775749238721	2.1009435209890044	420.9784167571973	111.02389177889738	332.7386329837331	418.92342984973834	2.548431479991863
13.146708089256629	2.1031164162461375	421.2782810777635	111.30284628085441	332.8772266580359	419.2173377406806	2.5498725267887496
13.14738403474754	2.105281971813523	421.57833304465805	111.58180078281144	333.0191493955505	419.51147219057435	2.551312086713262
13.178617082199121	2.1861993254611587	433.6449766462189	122.73998086109259	338.2484892700967	431.3217569124153	2.6086251326611776
13.200484750449135	2.257057687574411	445.9122567682276	133.89816093937375	343.0053135369253	443.2948958011504	2.6657326902687974
13.213986817333739	2.31923116082422	458.4868989532436	145.0563410176549	347.41607937331787	455.5288373790408	2.7231523883253743
13.222360904243939	2.3738526514917284	471.4824106370871	156.21452109593602	351.5179161401774	468.1262173681107	2.78140503336858
13.224037397464617	2.421666150370045	489.23944880014903	167.37270117421716	355.3725849110312	482.22604655935834	2.859482752289732
13.204728817240724	2.427284993974288	845.301613194023	178.53088125249832	356.2628735470171	833.2445991827693	4.408926794723966
13.16588244884379	2.4226223555366553	862.0388833114448	189.68906133077948	356.718786771835	851.3040102990981	4.480723086288318
13.119347808295176	2.416315786888014	878.7761534288663	200.84724140906062	357.20876617440746	867.4540723336489	4.551761309412551
13.0682312842809	2.4093105303739217	895.5134235462881	212.00542148734172	357.74447226337577	883.6022066149856	4.6220691846310435
13.014733305111333	2.4020459066048927	912.2506936637099	223.16360156562288	358.31662517781945	899.7459299774126	4.69167224142316
12.960128892783446	2.3947540164241783	928.9879637811316	234.32178164390402	358.91842950764266	915.883795041935	4.760594719111675
12.904762141031698	2.3875628888693456	945.7252338985534	245.47996172218518	359.55231865744213	932.0158199537947	4.828858864619077
12.849152459389108	2.3805429184506175	962.4625040159749	256.63814180046626	360.2129411532735	948.1415019386955	4.896486554621111
12.794512188053956	2.3737307899465434	979.1997741333967	267.79632187874745	360.8809189902498	964.2585261243321	4.9634980758270135
12.740205468454304	2.3671429005086995	995.9370442508184	278.9545019570286	361.568468806214	980.3685205189701	5.029912911548994
12.686832885603646	2.3607832823033394	1012.6743143682401	290.1126820353098	362.2644542483376	996.4702417010533	5.095748447991518
12.634494058855891	2.3546484789558018	1029.4115844856617	301.2708621135909	362.96550852435183	1012.5635671483832	5.161022592939382
12.583182528437824	2.34873059838373	1046.148854603084	312.429042191872	363.67112894668503	1028.6484956576342	5.225751747916841
12.532779226908882	2.3430192510248355	1062.8861247205061	323.58722227015323	364.38255026110704	1044.7253822522996	5.289951536534558
12.483443312670252	2.337502813430255	1079.6233948379281	334.74540234843437	365.09539091726765	1060.793794053503	5.353636204523111
12.435208292432801	2.3321692148741584	1096.3606649553496	345.9035824267155	365.80714459312503	1076.85359770856	5.416820635614889
12.388596735561057	2.3270064546226017	1113.0979350727712	357.06176250499664	366.50585208395694	1092.903056567789	5.479518356233545
12.343401004510211	2.3220029061934984	1129.8352051901932	368.21994258327777	367.1942554345609	1108.9425984876843	5.54174155216281
12.298520928412449	2.3171475115923723	1146.572475307615	379.37812266155896	367.8940933266525	1124.9758211285919	5.603503208520129
12.253834783318396	2.3124298739700824	1163.3097454250365	390.5363027398401	368.60694225539123	1141.0033491364482	5.664815093638804
12.211113507449177	2.307840303779685	1180.0470155424582	401.69448281812123	369.2938504733928	1157.0188336764352	5.725687869088618
12.169255224338	2.3033698364304724	1196.78428565988	412.85266289640236	369.9774880718764	1173.0260442898482	5.786132750158948
12.128722342538895	2.2990102022582537	1213.521555777302	424.01084297468344	370.6464068195487	1189.0230871383387	5.846160122115405
12.08946042159825	2.2947538049450604	1230.258825894724	435.16902305296463	371.2997326745756	1205.009932886336	5.905779902963495
12.050091483435935	2.2905936831492673	1246.9960960121457	446.32720313124577	371.9689415632933	1220.9921849052025	5.9650016682733815
12.011429738593048	2.286523466217982	1263.7333661295675	457.48538320952696	372.6348555372548	1236.9665785945897	6.023834022287842
11.975254812243675	2.282537333255854	1280.470636246989	468.64356328780804	373.2536903754098	1252.925025882124	6.082286348825585
11.938764278295249	2.2786299610954166	1297.207906364411	479.8017433660893	373.891278353697	1268.8798007241287	6.140367295967638
11.903524481770944	2.2747964972819497	1313.9451764818325	490.95992344437036	374.50970286692115	1284.82374597387	6.198084195646688
11.8690432338248	2.271032503842363	1330.6824465992543	502.1181035226515	375.11933182213005	1300.7589950270822	6.255445798176243
11.835238240695329	2.267333932749088	1347.419716716676	513.2762836009326	375.7221100719085	1316.6858644403696	6.3124587956533516
11.801971020605546	2.2636970823858724	1364.1569868340973	524.4344636792138	376.3210011683643	1332.6050051747802	6.369131268880529
11.769871548081921	2.260118569020281	1380.8942569515193	535.5926437574949	376.89867586324607	1348.512990225451	6.425469818622398
11.738788037284275	2.256595298346951	1397.6315270689415	546.7508238357761	377.4588502544249	1364.410343424071	6.481481058659258
11.707606962234978	2.2531244360627145	1414.368797186363	557.9090039140572	378.02945484973117	1380.3031631491692	6.537171887187057
11.67687236482467	2.249703385108384	1431.106067303785	569.0671839923383	378.5963809873132	1396.188504776305	6.592548563596232
11.64770829199701	2.2463297622189864	1447.8433374212068	580.2253640706195	379.1290717284805	1412.0595806429526	6.647617169337283
11.617608148370651	2.2430013802570015	1464.5806075386286	591.3835441489007	379.6941392133521	1427.9313480223389	6.702383614474212
11.588823470687622	2.239716227280509	1481.31787765605	602.5417242271818	380.231050962443	1443.7901492246262	6.7568536439434155
11.56185521673346	2.2364724507649996	1498.0551477734723	613.699904305463	380.72396569576654	1459.6322629654233	6.81103284353364
11.53354730516353	2.2332683439964063	1514.7924178908938	624.858084383744	381.26102868505865	1475.478062977722	6.864926610009955
11.507516865045178	2.230102330268091	1531.529688008316	636.0162644620251	381.7399462114483	1491.303613218243	6.918539631930345
11.48042599801605	2.22697295534902	1548.2669581257385	647.1744445403064	382.2552913895371	1507.1313735519493	6.971877561566063
11.45417388122128	2.2238788695323204	1565.0042282431596	658.3326246185874	382.7524602522219	1522.9483938992346	7.024945382148514
11.430124059753735	2.220818823779037	1581.7414983605813	669.4908046968686	383.1913681031413	1538.7443602972035	7.07774698778294
11.404897127979783	2.217791659588058	1598.4787684780028	680.6489847751498	383.66965274070606	1554.5437755289474	7.130288027883398
11.383318576009748	2.2147962977544684	1615.2160385954244	691.8071648534309	384.0450032397236	1570.3101518057897	7.182572005088478
11.356228539612841	2.211831734557871	1631.9533087128461	702.965344931712	384.5895950356444	1586.1140825045427	7.234604138822329
11.333416710088008	2.2088970348975527	1648.6905788302674	714.1235250099932	385.01134846862413	1601.8795540209346	7.286387856091061
11.310233299917678	2.2059913238520132	1665.4278489476892	725.2817050882744	385.44866949470895	1617.6428296080408	7.337927697393876
11.28729683871164	2.203113784838647	1682.165119065111	736.4398851665554	385.8834363481648	1633.399140018993	7.38922771454927
11.264978147537853	2.200263650438875	1698.9023891825323	747.5980652448367	386.3035392113521	1649.1450436754294	7.4402915571928965
11.242921899643104	2.197440202919356	1715.6396592999545	758.7562453231178	386.719975684141	1664.8843210121124	7.491122810964606
11.220727725921702	2.194642766425741	1732.3769294173758	769.914425401399	387.1452978005189	1680.619133759648	7.541725429226993
11.199742198998644	2.191870705318667	1749.114199534798	781.07260547968	387.5364571828987	1696.3380144433547	7.5921029358098595
11.186165990771498	2.189123419806303	1765.8514696522197	792.2307855579612	387.6932816099613	1711.98204161111	7.642258775360161
11.15891439947899	2.1864003436755355	1782.5887397696417	803.3889656362423	388.2941303276046	1727.7495466398639	7.692196315651293
11.138821477518983	2.1837009422403337	1799.3260098870637	814.5471457145234	388.6683167245726	1743.444466225552	7.741918849810054
11.119111653224696	2.1810247074919915	1816.0632800044853	825.7053257928047	389.0338013690485	1759.1304631903283	7.791429598464765
11.09908997670839	2.1783711594315927	1832.800550121907	836.8635058710857	389.41314376614696	1774.8145232912466	7.840731711817769
11.080285055617482	2.1757398402910075	1849.5378202393288	848.0216859493669	389.7559312841134	1790.4810477321985	7.889828199140424
11.061443379935794	2.173130315682188	1866.2750903567505	859.1798660276481	390.1033150568539	1806.1427144227775	7.93872175716601
11.04188756121597	2.1705421710690005	1883.0123604741723	870.3380461059293	390.4783436321805	1821.8069976475317	7.987415650182101
11.024537282673434	2.1679750115106717	1899.7496305915943	881.4962261842104	390.78212033085117	1837.442261101458	8.035912768647425
11.006453131306635	2.165428458485384	1916.486900709016	892.6544062624915	391.1139521520278	1853.0802707085802	8.084215618781391
10.988496969897227	2.1629021518666143	1933.2241708264373	903.8125863407726	391.4446592851784	1868.711732642769	8.132326845320186
10.97083441381057	2.1603957430251475	1949.9614409438593	914.9707664190539	391.7686130907454	1884.3347446577284	8.180249540975428
10.95356776603451	2.1579089028930567	1966.6987110612813	926.128946497335	392.08185195268715	1899.9480120080605	8.227985548577193
10.93683828371327	2.1554413098402203	1983.4359811787028	937.2871265756161	392.37923435678425	1915.549675838506	8.275538121945967
10.921162545431981	2.1529926588870456	2000.1732512961241	948.4453066538972	392.6422669731936	1931.1331235682962	8.32290907814506
10.903239681185156	2.150562652969678	2016.910521413546	959.6034867321786	392.9881207125647	1946.7391614150622	8.370101478332206
10.887314801479608	2.148151007606875	2033.6477915309677	970.7616668104596	393.2656238133483	1962.315198666065	8.417116850009712
10.870099054882418	2.1457574493363722	2050.3850616483896	981.9198468887407	393.59264970092124	1977.9027199264697	8.463958230667412
10.855729133702404	2.1433817112008384	2067.1223317658114	993.0780269670219	393.81963369905714	1993.4480275839528	8.510627535696797
10.838576783017764	2.1410235362116032	2083.859601883234	1004.236207045303	394.15041331405763	2009.0249494306177	8.557126795810008
10.824926584517089	2.1386826768957086	2100.5968720006563	1015.3943871235842	394.3558696948556	2024.5495512713958	8.603458502602088
10.808927214499866	2.1363588920183534	2117.334142118077	1026.552567201865	394.65027131730363	2040.1008780265815	8.64962470058996
10.793910901237352	2.134051947154543	2134.0714122354993	1037.7107472801463	394.9111754193527	2055.6335387021986	8.695627157610918
10.779209476121787	2.131761616311648	2150.8086823529216	1048.8689273584273	395.162816236956	2071.1565424590835	8.741468007554635
10.764498901783007	2.1294876798046607	2167.545952470343	1060.0271074367085	395.4174421295407	2086.67449235011	8.787149331014907
10.750574790476309	2.1272299219256507	2184.283222587765	1071.1852875149898	395.6450366370187	2102.1756670150726	8.832673030213117
10.73528716848836	2.1249881354376607	2201.020492705187	1082.3434675932708	395.92677303772626	2117.692039731839	8.878040974253883
10.720676375679957	2.1227621170321544	2217.757762822608	1093.501647671552	396.1854682524297	2133.193395199394	8.923254999874443
10.709569511548722	2.120551668565088	2234.4950329400303	1104.659827749833	396.31252835233084	2148.635281682172	8.968316912173226
10.69445300180099	2.1183565986534343	2251.232303057454	1115.8180078281143	396.5955445105178	2164.134118968132	9.013228485318395
10.680628465820593	2.1161767182037603	2267.969573174875	1126.9761879063956	396.8315299697177	2179.607732101255	9.057991463236936
10.667847617630672	2.1140118428547994	2284.706843292296	1138.1343679846766	397.0292678800898	2195.059298975881	9.102607560284962
10.654528654016636	2.1118617946870692	2301.4441134097183	1149.2925480629576	397.250187717911	2210.5143349454106	9.14707846189981
10.640559743703609	2.1097263965908355	2318.181383527141	1160.450728141239	397.49904672387845	2225.975207193948	9.19140582523456
10.63085903249126	2.1076054776788	2334.9186536445623	1171.6089082195201	397.5821735488999	2241.3584749574193	9.23559127977546
10.615654574617553	2.1054988712633675	2351.655923761983	1182.7670882978011	397.8845600573676	2256.8303848580676	9.279636297419788
10.602182739278916	2.103406411879999	2368.3931938794053	1193.9252683760824	398.1209810374162	2272.2679081712904	9.323542325078074
10.590685464564183	2.101327937955652	2385.130463996828	1205.0834484543634	398.28103093009344	2287.6654698190764	9.367311127299779
10.577691730321186	2.099263293744861	2401.867734114249	1216.2416285326447	398.5030610427733	2303.0844867266296	9.410944229940752
10.565415202858393	2.097212323857087	2418.6050042316706	1227.399808610926	398.698611626729	2318.485521326718	9.454442937790756
10.55427731121836	2.0951748763679268	2435.342274349093	1238.557988689207	398.8502589319755	2333.8602232299454	9.497808547932362
10.542340764465234	2.093150803694295	2452.0795444665137	1249.716168767488	399.0361018595327	2349.244393071196	9.541042848636955
10.530592324162441	2.091139957673968	2468.816814583937	1260.8743488457694	399.2164104142326	2364.619814298492	9.584146974143426
10.519231177330697	2.089142197458631	2485.5540847013585	1272.0325289240504	399.3829531153576	2379.982531154506	9.627122226169698
10.509443868552351	2.087157382328205	2502.2913548187794	1283.1907090023315	399.48675866917245	2395.308893139703	9.669970345110436
10.497195034338779	2.0851853732647254	2519.028624936202	1294.3488890806127	399.6937135764789	2410.6783763854028	9.712691934844182
10.485608042173368	2.0832260348685847	2535.7658950536234	1305.5070691588937	399.8755484322244	2426.0297509034253	9.755289073917973
10.474387140573953	2.0812792341300783	2552.503165171045	1316.665249237175	400.0441750259507	2441.3686172930793	9.797762324753965
10.463134677446527	2.07934483920209	2569.240435288466	1327.8234293154562	400.2161504552659	2456.7030201075754	9.840113617966601
10.4524450972647	2.077422722277397	2585.9777054058873	1338.9816093937372	400.36659328214296	2472.0205050308596	9.882343440135104
10.44190401187879	2.075512755015837	2602.7149755233077	1350.1397894720183	400.5126897429042	2487.329525639632	9.924453696046594
10.431156640167004	2.073614814763233	2619.4522456407303	1361.2979695502997	400.6693665610289	2502.6377080802567	9.966445031073839
10.421172111397881	2.0717287780207494	2636.1895157581525	1372.4561496285808	400.795676473445	2517.924010395926	10.008318902363337
10.410384829447805	2.0698545226747305	2652.9267858755734	1383.6143297068618	400.95778834482826	2533.2226670238842	10.05007656466755
10.400081749705194	2.0679919309591983	2669.664055992995	1394.772509785143	401.1012093692813	2548.5054312684965	10.091718608497672
10.390002879709254	2.06614088707813	2686.4013261104183	1405.930689863424	401.23690071148866	2563.7778787741227	10.133246659480886
10.38008217286704	2.0643012737045647	2703.13859622784	1417.0888699417053	401.367614491615	2579.041400297227	10.174661769480295
10.37055652567106	2.0624729782829214	2719.8758663452613	1428.2470500199865	401.4830961057566	2594.2903690713224	10.215964661557111
10.360306775248667	2.0606558885204294	2736.6131364626835	1439.4052300982676	401.6315436163707	2609.5510250777297	10.257156602727974
10.35049567845396	2.058849896049301	2753.350406580105	1450.5634101765488	401.76287686373075	2624.7961605719274	10.298238713014518
10.340204565066363	2.057054890137218	2770.087676697527	1461.72159025483	401.9168413322005	2640.047769326531	10.33921198830003
10.33043405875275	2.0552707642474233	2786.8249468149475	1472.879770333111	402.0499822040648	2655.281725295391	10.38007738643633
10.321976646716266	2.0534974137040245	2803.562216932369	1484.0379504113923	402.1274937159602	2670.4778822077647	10.420835684461709
10.312237647321979	2.051734733446373	2820.2994870497905	1495.1961304896734	402.2626785662757	2685.7005083873723	10.461488092467805
10.303417002888276	2.049982623564066	2837.0367571672123	1506.3543105679544	402.35927117172156	2700.894701552662	10.50203555420781
10.294312674845346	2.048240979988492	2853.774027284634	1517.5124906462356	402.4699586030941	2716.0907114912757	10.542479001138275
10.285326202523086	2.0465097043155653	2870.5112974020562	1528.6706707245164	402.57709309023807	2731.2783622930983	10.58281935262763
10.276164846535261	2.0447886988423942	2887.248567519478	1539.828850802798	402.6936289787602	2746.4653390178637	10.623057516160355
10.2673434463436	2.043077866531896	2903.9858376368993	1550.9870308810791	402.7967312230262	2761.6380862463943	10.663194387536905
10.258425655406219	2.041377111613378	2920.7231077543206	1562.14521095936	402.9057330523686	2776.8081488228677	10.703230851069579
10.24996841653886	2.039686339242945	2937.4603778717424	1573.3033910376412	402.99575122430156	2791.9604213701014	10.743167779774287
10.241055691929732	2.0380054571500374	2954.1976479891646	1584.4615711159224	403.1077381016501	2807.1198912574355	10.783006035558437
10.231691332223246	2.0363343733571866	2970.934918106587	1595.6197511942034	403.2416971660553	2822.286935421296	10.822746469404976
10.224089925126838	2.0346729969774477	2987.6721882240076	1606.7779312724847	403.29794720849907	2837.399291746769	10.862389921552705
10.217218351048855	2.0330212378463655	3004.409458341429	1617.936111350766	403.3225978890992	2852.484915141416	10.90193722167293
10.206692711651906	2.0313790101563804	3021.1467284588507	1629.094291429047	403.51399672877255	2867.670199068881	10.941389189042559
10.199895902347421	2.0297462249586453	3037.883998576273	1640.2524715073282	403.5380799675173	2882.742383924135	10.980746632713725
10.192016192638967	2.0281227960972292	3054.621268693694	1651.4106515856095	403.6126870174385	2897.840458560308	11.020010351680002
10.182879633205685	2.026508640837998	3071.358538811115	1662.5688316638903	403.7461166680158	2912.970744536096	11.059180888356106
10.177127986521036	2.0249036727898666	3088.0958089285373	1673.7270117421715	403.7264462730115	2927.9939280704293	11.098259239795032
9.852573375336554	1.9547857270159181	3924.9593147996234	2231.6360156562287	406.0215805009499	3673.0859288481465	12.948890422204945
9.729480377811212	1.9258022951654834	4343.39106773517	2510.5905176132574	406.32317210247373	4038.908416251245	13.810452040736937
9.627352955500799	1.8999503953963428	4761.822820670708	2789.545019570286	406.1416275114415	4400.155185395713	14.6375822190218
9.537677640901485	1.8733784143000562	5180.254573606239	3068.4995215273148	405.8240196834723	4757.185883688602	15.434664694948195
9.469719599351466	1.855749510612368	5598.686326541777	3347.454023484343	404.80919874412814	5108.962400682944	16.205204843931156
9.398926323692686	1.8366884616807686	6017.118079477327	3626.4085254413717	404.3366904985624	5457.600505603568	16.9520605941664
9.342250279843455	1.8192902014810362	6435.549832412869	3905.3630273984004	403.4625068329229	5801.333515362194	17.677599909015505
9.291878649536956	1.8033427859226951	6853.981585348416	4184.317529355429	402.5616661076135	6140.852404049904	18.383811509797827
9.246677066834524	1.7886701467164692	7272.413338283962	4463.272031312457	401.66137371314926	6476.234638262063	19.072385720551548
9.207876176100628	1.7751246573912152	7690.845091219512	4742.226533269486	400.66769200137793	6807.1844795595	19.744774484859104
9.172272453938891	1.7625814859661413	8109.2768441550525	5021.181035226515	399.72672590152735	7134.15451178245	20.402235717969518
9.139716157282887	1.7509342529561938	8527.708597090608	5300.1355371835425	398.8248129593165	7457.127658218247	21.045869017058163
9.112444264320498	1.7400916623670237	8946.140350026159	5579.090039140572	397.8256763554651	7775.553340503227	21.676641590428204
9.085986659335319	1.7298500715410714	9364.572102961687	5858.044541097601	396.94844145913214	8090.374676061025	22.295410468193555
9.064448694534898	1.7205152977864189	9783.00385589723	6136.9990430546295	395.9641160516191	8400.532246847442	22.902938872424965
9.043048218406868	1.7116531217084099	10201.435608832766	6415.953545011657	395.1093884648884	8707.23640401181	23.499910848431927
9.024646798226392	1.7033357389624746	10619.86736176831	6694.908046968686	394.2244676696268	9009.668338277374	24.086941527940326
9.007589236135415	1.6955167528321915	11038.29911470386	6973.862548925715	393.3849703981349	9308.285131348619	24.66458757278597
8.995663856576936	1.6881550279091329	11456.730867639402	7252.817050882743	392.3894984953474	9601.699774365192	25.2333537799326
8.980228829974074	1.681214018604713	11875.16262057494	7531.771552839771	391.6693197899794	9892.986868685035	25.793700470515617
8.965711526880918	1.6746609936280972	12293.594373510485	7810.726054796801	390.99096168143814	10180.651306112288	26.346048317938497
8.956684061985797	1.668466667041384	12712.026126446028	8089.6805567538295	390.11959102256685	10462.702483905841	26.890783252483562
8.950335591100753	1.6625947726121597	13130.457879381564	8368.635058710857	389.190748047074	10740.094606259636	27.428260298958975
8.935488720619729	1.657051263998534	13548.889632317101	8647.589560667886	388.757198054989	11018.165285736248	27.958807128024016
8.92847842154953	1.65178488882117	13967.321385252646	8926.544062624915	388.0000766803636	11289.20295381211	28.482726693308514
8.92559637627554	1.6467860301785004	14385.7531381882	9205.498564581943	387.10361550665215	11554.658764360775	29.000300102998665
8.913513663324249	1.642036921576696	14804.184891123732	9484.453066538972	386.71116706706965	11821.878723606429	29.511788350724583
8.909203904701949	1.637521354698641	15222.61664405928	9763.407568496	385.99500831623067	12081.50049562889	30.01743485741412
8.902240426530822	1.6332245166077926	15641.048396994816	10042.36207045303	385.4557395583841	12339.481904074019	30.517466644947287
8.897587264555975	1.629132827592803	16059.480149930363	10321.316572410058	384.85212184690363	12592.841881608527	31.01209604782423
8.892713115250874	1.6252338250131235	16477.911902865904	10600.271074367085	384.30217886292166	12843.1735186048	31.501522003976074