28.382674912641598	0.08186168569606778	35.01889990375193	0.11158180078281144	0.21926186974739212	29.42314902622758	0.2294761402266479
27.641770240697547	0.08321373215704085	56.00181385488425	0.22316360156562287	0.16964892259207845	45.838738242152175	0.36638318336958964
26.83433892584748	0.08412053650494968	72.04827648580353	0.33474540234843436	0.14312977282693629	59.51381247828058	0.4708744562489539
26.655930269292238	0.08653140692622104	81.10687321179608	0.44632720313124574	0.11056400213515243	70.98732377518685	0.5297225169962301
25.816045958412317	0.08964351049144294	90.14122176324858	0.5579090039140573	0.09426161745451377	78.92916323992486	0.5884123560085507
25.510632233044056	0.09351022418067965	97.0036548044586	0.6694908046968687	0.07703501150416726	86.10946335922631	0.6325701430208444
24.865723215220463	0.09808744128249584	101.25525164665608	0.7810726054796802	0.06441478610460978	94.30146334271618	0.6592591071306456
24.363387806718706	0.10347096747597125	105.50684848885356	0.8926544062624915	0.05173119779557157	98.66426263710478	0.6859480712404469
23.71699265879324	0.10924524599950719	109.75844533105104	1.004236207045303	0.045385242815485956	102.71746229944176	0.7126370353502481
12.792134408148895	0.5526437527238907	245.11840180934104	11.158180078281145	108.20242257996381	242.56449039513973	1.563983909281709
12.742262311043623	0.5871555101549841	253.6540410384029	12.273998086109259	117.4949594955068	251.06878325606058	1.6161407807104244
12.70314227468177	0.6199291101522424	261.7296771082521	13.389816093937375	125.8490451845769	259.108636761203	1.6652806910331768
12.668838322403348	0.6511410853015032	269.40553577977784	14.505634101765487	131.80510260383375	266.75024764979014	1.7117989672106333
12.649619523398043	0.6809410772448864	276.72257684770744	15.621452109593601	137.18930556072803	274.03280903034465	1.7559693827879308
12.625578827812985	0.7094615764908471	283.6973660638568	16.73727011742172	142.5035281082216	280.9880748295598	1.7979135809894156
12.613189611900346	0.7368265153738458	290.32130709036545	17.853088125249833	147.34273066968737	287.6118773951306	1.8376007940358814
12.596907351534428	0.7631594304985789	296.55435630294664	18.968906133077947	152.06915889997555	293.8856849106818	1.8748119035482038
12.620750455376296	0.7885909600607529	302.3243170849087	20.084724140906058	155.60811381678423	299.7342832644513	1.9091371977593692
12.574737798635814	0.8132575073414523	307.5813468777778	21.200542148734172	160.77644574372917	305.14255832581466	1.940304129351474
12.570050673447428	0.8372900713482198	312.31411688530454	22.316360156562286	164.7888305121408	310.0346292167403	1.9682683620732653
12.572596414528297	0.8608016530233912	316.56985371361674	23.4321781643904	168.52817998552567	314.439834839075	1.993331289848967
12.557562722007322	0.8838795106473366	320.4223873227176	24.547996172218518	172.6623191713441	318.4270375879916	2.0159461404573342
12.551297816081576	0.9065853011384098	323.94764799962604	25.663814180046632	176.5191763192221	322.0598675231534	2.036573402932906
12.550434096938057	0.9289600529774927	327.2136614429314	26.779632187874743	180.19222320073794	325.40829499338275	2.0556236958128506
12.548212341326675	0.9510302835877549	330.2674004873572	27.89545019570286	183.86640969021562	328.52691647938224	2.0733797724211636
12.545477955811906	0.9728129404526734	333.1494221903847	29.011268203530975	187.5259026534346	331.4618368637	2.0900863608286406
12.544939817780127	0.994319103199606	335.8817331353983	30.12708621135909	191.09824326355985	334.23747250677036	2.105875997026233
12.547268193441264	1.0155562368342816	338.4870848098266	31.242904219187203	194.56147305154803	336.8789710005235	2.1208867501992463
12.548650303950664	1.0365297012010544	340.9800469832447	32.35872222701532	198.01038163739506	339.403401936408	2.135207279995852
12.55121386223028	1.0572436382625265	343.3698962596384	33.47454023484344	201.3865643663826	341.82332338468467	2.148894192484402
12.553161528253897	1.0777014818515747	345.6679022360754	34.590358242671556	204.7434495872226	344.14598036203205	2.162016623290788
12.557192916564125	1.0979063565180185	347.88298438089134	35.70617625049967	208.00418513320156	346.3831769201356	2.1746294085671227
12.563917998727156	1.1178611077889093	350.01820033495136	36.82199425832778	211.15072398657438	348.5394734813115	2.1867514147302507
12.564355924534459	1.137568548228972	352.0826798349083	37.937812266155895	214.4504967960248	350.6252190061271	2.198438812977867
12.568220236519732	1.1570313545036697	354.08156037183886	39.053630273984005	217.6172117759677	352.6397767980309	2.2097232076980533
12.573372170757828	1.1762522085783003	356.01733729820046	40.169448281812116	220.71435332890417	354.5917987561233	2.220619925087584
12.578113131360464	1.1952337810667417	357.895708268973	41.28526628964023	223.79398646587626	356.4855530851119	2.231163910221167
12.583953117624045	1.2139786978552582	359.72109476354655	42.401084297468344	226.81084790780005	358.324447862834	2.2413822180334435
12.5881224343688	1.2324895735459365	361.49709706858107	43.51690230529646	229.85098722747767	360.1127312415512	2.2512968118086305
12.595071943768223	1.250769008516769	363.2271742836863	44.63272031312458	232.77563199778257	361.8529139852542	2.260928747755207
12.601536732796472	1.2688195886231872	364.91463246444573	45.7485383209527	235.68788837046012	363.5490805326967	2.270298111420608
12.607501315037853	1.2866438832222042	366.56128201136875	46.86435632878081	238.5884543220745	365.2044382739949	2.2794157325533293
12.60859684413723	1.3042444201458983	368.1703001054622	47.980174336608926	241.61885475950564	366.82296000870184	2.2883008346676252
12.62903822719519	1.3216237355069798	369.7452614150065	49.095992344437036	243.99625503564593	368.401392727546	2.2969751143008343
12.626422527240337	1.338784355022903	371.2888440288006	50.211810352265154	247.08936736333513	369.9501840358511	2.3054547518855095
12.632791721462866	1.355728783810368	372.8009246843826	51.327628360093264	249.8587597209818	371.4669986925338	2.3137384883466328
12.639810176475844	1.3724594613346441	374.285320536936	52.44344636792138	252.57624475053234	372.95515092678414	2.321849539223142
12.644815307320657	1.3889788917442216	375.74479663483083	53.559264375749486	255.32943773805943	374.41510910478416	2.329804685620662
12.652410706490052	1.4052894918092989	377.17796551082523	54.6750823835776	257.96667395417245	375.8510566408142	2.3375946092295723
12.659047337225527	1.4213936969601255	378.59046406157063	55.79090039140572	260.606354271575	377.26197076678045	2.3452541735517243
12.659047337225527	1.4213936969601255	378.59046406157063	55.79090039140572	260.606354271575	377.26197076678045	2.3452541735517243
12.66045507158231	1.42538778209665	378.93910912566065	56.06985489336274	261.2700592942839	377.61254314857644	2.347140708027838
12.662299701558146	1.4293691669543729	379.28775418975056	56.348809395319776	261.91737457067467	377.9595573857611	2.349027242503953
12.664275890578832	1.4333378543015247	379.6347764238208	56.6277638972768	262.5585964152867	378.30645254582083	2.3509034610196378
12.666034469961444	1.437293923160239	379.9800710809213	56.90671839923384	263.20487037660445	378.6523067931529	2.3527686977224143
12.667443276666495	1.4412373899214048	380.32536573802173	57.185672901190856	263.86111958593784	378.99589008673684	2.35463393442519
12.671207207278943	1.4451682853051036	380.6680673153953	57.464627403147894	264.43571556373456	379.3389714411189	2.3564826259912777
12.670692662541212	1.449086667040092	381.01013571807465	57.74358190510491	265.15408644827687	379.6808845355787	2.3583272775883053
12.672420520033707	1.452992549527676	381.35191491497426	58.02253640706195	265.7945880688342	380.02108704772485	2.3601700763762734
12.674302713650098	1.4568859842394786	381.69088038953697	58.301490909018966	266.4272798455834	380.3612534117512	2.361994848933073
12.675411356590585	1.460767014484917	382.0298458640998	58.580445410976004	267.0848165767445	380.69869806231577	2.3638196214898723
12.677702221968506	1.4646356491865258	382.36775883346877	58.859399912933036	267.7003158849784	381.035588957138	2.365637620997133
12.676972210985483	1.468491956611251	382.70374386058137	59.13835441489007	268.41756622364375	381.3726397548495	2.3674432138687864
12.68049691492063	1.4723359629081267	383.0397288876939	59.41730891684709	268.9870221521028	381.7062084974342	2.36924880674044
12.682073688325199	1.4761676834230724	383.3740444655939	59.69626341880411	269.6211577178155	382.0401810605406	2.3710436038168368
12.684286974734581	1.479987189712919	383.7071706661637	59.975217920761146	270.2318044882549	382.372917416934	2.3728307095696266
12.686152298518987	1.48379449921905	384.04029686673346	60.25417242271817	270.8528289107752	382.7038837429291	2.3746178153224164
12.689040471355899	1.4875896356721225	384.3712705486636	60.53312692467521	271.43627366350876	383.0346270911823	2.376390926632537
12.689177456658935	1.4913726718836215	384.70165867482353	60.812081426632226	272.1127726833284	383.36436561011243	2.3781602309945997
12.68989922633035	1.49514360992169	385.03204680098344	61.091035928589264	272.7674490723528	383.6927429683152	2.3799295353566627
12.69330857001796	1.4989024944267957	385.35992100473584	61.36999043054628	273.3276090793552	384.02054621128013	2.3816823991212974
12.692296362436915	1.5026493786513382	385.6876909357639	61.64894493250332	274.0388411376672	384.34733136491593	2.3834345809611923
12.695786693778762	1.5063842709078277	386.0151944815637	61.927899434460336	274.5915446410568	384.6724109386448	2.38518500936268
12.697593588166995	1.510107226084701	386.34046522454923	62.206853936417374	275.2011453032926	384.99784190097455	2.3869207406946797
12.698579518878521	1.513818282395904	386.6657359675348	62.4858084383744	275.83764584196564	385.32123803767536	2.3886564720266796
12.700370915464028	1.517517454992889	386.99046869235053	62.76476294033144	276.44392175152547	385.6440830058489	2.390388636531089
12.702520568204969	1.521204799645278	387.31335838740813	63.043717442288454	277.0354964214102	385.9668466502706	2.3921085825459376
12.702238702947714	1.5248803508661417	387.6362480824658	63.32267194424548	277.7102180867292	386.28776432134	2.3938285285607863
12.704880586972862	1.528544123028823	387.95841588412213	63.60162644620251	278.2813663044674	386.6079508547065	2.3955436507513683
12.706454412878209	1.5321961775066992	388.2790418139413	63.88058094815954	278.8871771588997	386.92828092645175	2.3972484698712027
12.708243599270544	1.5358365412527266	388.5996677437604	64.15953545011656	279.4834473472229	387.24629357065334	2.3989532889910374
12.710213694010747	1.5394652335378711	388.9194647452537	64.4384899520736	280.0717336969457	387.56425959773765	2.400652520290704
12.71182803912067	1.5430823133713851	389.23794334876663	64.71744445403063	280.6705410038278	387.88211642050163	2.402342864246804
12.714254658746231	1.5466878058307107	389.5564219522796	64.99639895598766	281.23804722072583	388.197745373009	2.4040332082029034
12.714817531649	1.5502817335291723	389.8740308802855	65.27535345794469	281.8692210620997	388.5137679938266	2.405717632213687
12.716116888750216	1.553864152600597	390.1904777702326	65.5543079599017	282.47282082015545	388.8294066466273	2.4073941461457022
12.717907850491013	1.557435088964755	390.5069246601797	65.83326246185874	283.0565432746742	389.1430403726455	2.409070660077718
12.720568630533098	1.5609945658642999	390.82251724038844	66.11221696381577	283.60739496984695	389.45648070612737	2.410741295001694
12.721367257062543	1.5645426354616752	391.13704722455475	66.3911714657728	284.22189594012616	389.77011425740534	2.4124046175770033
12.725901468934234	1.568079327257746	391.451577208721	66.67012596772985	284.70266820137766	390.08113863559305	2.414067940152312
12.729040301639412	1.571604662354959	391.76531457592966	66.94908046968686	285.22992803765453	390.39245379171524	2.4157257412816335
12.725884718999414	1.5751186946705573	392.078041681829	67.2280349716439	285.976477343882	390.7049888652991	2.417376504833472
12.726276957296115	1.578621449181682	392.39076878772835	67.50698947360091	286.5962965730926	391.0150006291162	2.41902726838531
12.727623444808613	1.5821129513577121	392.7028019087906	67.78594397555796	287.17936716973486	391.3248017180462	2.420673130650019
12.73057784354496	1.5855932513225972	393.01383941157275	68.06489847751497	287.7037039751461	391.63421048470775	2.422311961333056
12.731325393100732	1.5890623770859178	393.3248769143549	68.34385297947202	288.30366429731566	391.9423523327045	2.4239507920160923
12.733523309673751	1.5925203479812031	393.6353470222576	68.62280748142904	288.84947172954	392.25015950637936	2.4255855525794052
12.735207751257516	1.5959672230523994	393.9448074756161	68.90176198338607	289.410795649687	392.5581021397889	2.427213070541449
12.736587824175809	1.5994030228822826	394.2542679289746	69.1807164853431	289.9808316602721	392.8645174289381	2.428840588503493
12.73835662344976	1.602827770244901	394.5633069664817	69.45967098730013	290.5338667583143	393.17074918243003	2.4304650293952483
12.739722498833052	1.6062415175640352	394.8713022363442	69.73862548925715	291.09827047606836	393.4770638468878	2.4320818489637985
12.7377446231893	1.609644291881819	395.17929750620675	70.01757999121418	291.77716887319264	393.782790158701	2.4336986685323487
12.743412386068165	1.613036115705103	395.4870285776755	70.29653449317121	292.1858751842054	394.08659552133497	2.435313519312303
12.744132121036602	1.616417035011485	395.7936698784605	70.57548899512823	292.76433024557883	394.391480389789	2.4369202491946864
12.75070821380297	1.6197870800631813	396.10031117924547	70.85444349708526	293.1364062470282	394.69402065610694	2.4385269790770696
12.744740662326544	1.6231462770727125	396.4068490093824	71.13339799904229	293.94182022898235	394.9989250488038	2.4401329195206776
12.74872772768816	1.6264946634015713	396.71224694261207	71.41235250099933	294.3972395143673	395.30162678626203	2.4417301630165484
12.750025280406703	1.6298322771752347	397.01764487584165	71.69130700295635	294.94416169613476	395.60413572853037	2.4433274065124193
12.75150684249057	1.6331591401536258	397.32304280907124	71.97026150491338	295.47984107044624	395.90604489581426	2.4449246500082897
12.75329997304264	1.636475287660807	397.6273608693823	72.2492160068704	296.00216288745736	396.20787811934264	2.4465134245376485
12.754809178090955	1.639780761192663	397.9316254644442	72.52817050882744	296.5315715221948	396.5092478872662	2.448101779762664
12.758627642944505	1.643075581323263	398.23589005950606	72.80712501078446	296.97670999574416	396.80939091639743	2.44969013498768
12.75565231845213	1.646359781205002	398.53933055231204	73.08607951274149	297.6523104529874	397.11104613041215	2.4512718133616804
12.757877797364916	1.6496334032753035	398.8425713091692	73.36503401469851	298.14622459435293	397.4112574121027	2.4528518734811953
12.76081928650745	1.6528964690900259	399.14581206602634	73.64398851665555	298.6113061334424	397.71045940069433	2.45443193360071
12.760756937175229	1.6561490093726199	399.4484668987603	73.92294301861257	299.17623725042824	398.0103290074452	2.4560070577819397
12.763396184854958	1.6593910646992185	399.75079283241087	74.20189752056959	299.64424185195253	398.3095356224585	2.457579411253596
12.764202875320882	1.662622660452319	400.05311876606146	74.48085202252663	300.1713175135666	398.60818951578966	2.4591517647252528
12.766411292025479	1.6658438258659458	400.3550733975545	74.75980652448366	300.64758329397296	398.90651861565857	2.460720837993844
12.768040522017472	1.6690545982577478	400.6565930840499	75.0387610264407	301.13853831492514	399.20497174119214	2.4622860688179813
12.767521892114141	1.672255006370768	400.9581127705453	75.31771552839771	301.6985777830672	399.5031565204012	2.4638512996421196
12.770691255914745	1.675445077570991	401.259446692512	75.59667003035476	302.1300927650359	399.80034442209814	2.4654147893203513
12.772583328922115	1.6786248464422544	401.56026831634443	75.87562453231178	302.60175803041926	400.09781328002606	2.4669734772971763
12.77347862637392	1.681794347241925	401.86108994017684	76.1545790342688	303.101267757645	400.39502930674456	2.4685321652740013
12.774408869381835	1.6849536022322336	402.1618771610296	76.43353353622582	303.5954476721081	400.6919126082064	2.4700905054455355
12.798201045794213	1.6881026469248794	402.46210856370544	76.71248803818287	303.33935598384085	400.9835162974213	2.47164322643803
12.777457322568656	1.6912415123757942	402.76233996638126	76.99144254013989	304.53285026171125	401.28514004166846	2.473195947430524
12.783839958921547	1.6943702265790854	403.0625713690571	77.27039704209692	304.8394946497195	401.58005370103757	2.4747486684230178
12.785974610659693	1.6974888193631912	403.36239822667125	77.54935154405395	305.27862038865413	401.87593916302126	2.4762968678537978
12.781858257314065	1.7005973243583627	403.66214695628855	77.82830604601098	305.91477201234477	402.17321505293813	2.4778441940553795
12.783158042548102	1.7036957702781534	403.9618956859058	78.10726054796801	306.3708643039017	402.46870191395436	2.479391520256961
12.784776202031324	1.706784182687889	404.26141665928503	78.38621504992503	306.8144906710457	402.7641069248256	2.480935918265061
12.78582752992592	1.7098625967010046	404.5607900206071	78.66516955188207	307.2703955969002	403.0596371954427	2.4824784184693183
12.787084218345006	1.7129310384073542	404.8601633819291	78.94412405383909	307.7164358757829	403.3547191852759	2.4840209186735756
12.78883280032021	1.7159895390250255	405.1594387594246	79.22307855579612	308.14249875395893	403.64959581481287	2.4855618627365015
12.789020510211563	1.7190381278218663	405.4585438654955	79.50203305775315	308.6126887306356	403.9448323597245	2.487100102614356
12.79114900787551	1.7220768340100843	405.75764897156637	79.7809875597102	309.0190723133681	404.23940346831176	2.4886383424922105
12.792229550908635	1.725105685689302	406.0567355632082	80.05994206166721	309.4530845696699	404.53404326761637	2.49017615791501
12.793944422749533	1.7281247118685112	406.3556793868521	80.33889656362425	309.8639658804842	404.8285271690614	2.491710700290722
12.795144351659443	1.7311339433617714	406.65462321049597	80.61785106558126	310.2860570599597	405.12306017762654	2.493245242666434
12.796553174209533	1.7341334071162735	406.9535670341399	80.89680556753831	310.69787831916926	405.41733615745716	2.494779785042146
12.796626719476734	1.7371231316277442	407.2524642660257	81.17576006949533	311.1451519250054	405.71192395187325	2.4963116403812236
12.798875706867344	1.740103145704929	407.55135369148377	81.45471457145234	311.5238058669196	406.00598261717727	2.497843045508542
12.800478062507038	1.7430734786001547	407.8502431169418	81.73366907340937	311.91813900709957	406.30003779179344	2.4993744506358597
12.801598813113827	1.7460341032369089	408.1584212741925	82.0126235753664	312.3216303811238	406.594187968327	2.5009516751264003
12.801836479223773	1.7489848128633037	408.47301387456116	82.29157807732344	312.7479792844556	406.88852209148314	2.502560540717756
12.804541620818005	1.7519256097977904	408.7876064749299	82.57053257928045	313.09729986252154	407.182197022892	2.5041694063091113
12.805688713201565	1.7548564801350135	409.11064350493893	82.84948708123748	313.4905103922275	407.47620262539436	2.5058200093232745
12.805519236466823	1.7577771963470328	409.44269266808254	83.12844158319453	313.9136297742765	407.7704864179495	2.5075151556905193
12.808010949740925	1.7606877387709607	409.77474183122615	83.40739608515156	314.26071334515245	408.0688980903495	2.5092103020577636
12.808411306626846	1.7635880852182673	410.1172108646251	83.68635058710858	314.6597168156989	408.37841983718573	2.5109570445375815
12.810308618020505	1.7664779821728491	410.4687677155864	83.96530508906562	315.01547598269667	408.68750114611277	2.512748787199406
12.81177939780904	1.7693574181763212	410.8203245665477	84.24425959102264	315.37805400807247	408.999232957165	2.51454052986123
12.813099924547233	1.7722263100673767	411.18819732150837	84.52321409297967	315.7415216494039	409.3255253510536	2.5164132031602104
12.813935634679057	1.775084403311025	411.5616970563431	84.80216859493669	316.1156660611438	409.6518896879773	2.5183137875738
12.815329427631752	1.7779317115463473	411.93800131586465	85.08112309689372	316.4687453792007	409.98090160531706	2.5202283053932595
12.81663479881812	1.7807679871567539	412.3363654743179	85.36007759885075	316.82375514673527	410.32617498410804	2.522252420937679
12.81693297769921	1.7835930958730346	412.73472963277123	85.63903210080777	317.1986423570248	410.6716756256464	2.5242765364820983
12.820379877933693	1.789209195649777	413.578125313754	86.19694110472183	317.8653280167216	411.38975905470215	2.5285569651804884
12.82140584435784	1.7919998260489607	414.01583478210097	86.47589560667886	318.21102131502937	411.7563443399668	2.5307769217460936
12.822100750732664	1.7947784405135025	414.4753847702236	86.75485010863589	318.5647728803689	412.1382242685059	2.5331056974467097
12.82376790462118	1.7975449354352673	414.942066754951	87.03380461059292	318.8853035920121	412.5287719240554	2.5354700529621517
12.824591798066802	1.8002989058859216	415.4398442388141	87.31275911254995	319.2272493660874	412.92248845817414	2.537989536439998
12.84121786528869	1.803040150769083	415.94674644619215	87.59171361450699	319.1512982953755	413.3350912914996	2.5405545937916245
12.827194623263722	1.80576818992216	416.48968835158064	87.870668116464	319.8739310193919	413.75880101160107	2.543299653161453
12.828270093904322	1.8084827414320723	417.0532492662282	88.14962261842105	320.200004449266	414.2009049408765	2.5461478038384504
12.830315974100104	1.8111831660959647	417.6503691419831	88.42857712037807	320.4949540547214	414.6503468664087	2.5491637432352805
12.829254276263605	1.8138690152367047	418.29532511710164	88.70753162233508	320.8672157046559	415.12170033433824	2.552419082135313
12.831686581093507	1.81653951913363	418.9775644709802	88.98648612429211	321.14814060763746	415.60774407126416	2.555861089207137
12.848774205739506	1.8191937267430203	419.7235651002103	89.26544062624914	321.0511216475454	416.1096071028913	2.559622465994316
12.832659089834147	1.8218305483279678	420.56514762230023	89.54439512820618	321.79430702045744	416.6476277956416	2.5638629562509045
12.834343322650895	1.82444834038935	421.5214505240375	89.8233496301632	322.0824732256622	417.2113900692135	2.568678834062834
12.835905817275417	1.8270446174107702	422.66088613273	90.10230413212022	322.3682475286453	417.79194572420255	2.574413688148896
12.836821633193814	1.8296148768136673	424.2352912924276	90.38125863407727	322.66767862396523	418.4327030518426	2.582332605406544
12.83779737568851	1.8320450666112365	489.8947464019749	90.6602131360343	322.9463020910929	419.0783374228847	2.9122950039428623
12.83741194939917	1.8327489311272336	707.8234791655973	90.93916763799132	323.0426712720764	419.3502454904604	4.007206376333731
12.837607924055847	1.8329021006151371	710.4281938412818	91.21812213994835	323.056671727016	419.5411072264781	4.020288848322939
12.837108669901918	1.8330072605847858	711.9793374158013	91.49707664190538	323.0818552375618	419.77042355951033	4.028077027990884
12.836092755874038	1.8330866415884226	713.2295766073548	91.77603114386241	323.11658380125544	420.0655550284769	4.034352524788097
12.841819561309082	1.8331474166049704	714.291781413225	92.05498564581943	322.98259168066545	420.3909511675711	4.039682437855672
12.83530366068189	1.8331934168179111	715.2286619266915	92.33394014777646	323.148912832536	420.7552885838862	4.0443818915867356
12.834201245305877	1.8332271201759502	716.0778482823147	92.61289464973349	323.18010573537043	421.1993890723677	4.048640022701473
12.836237872893065	1.8332503117945926	716.863290631542	92.89184915169052	323.1324346384764	421.67426553972797	4.05257724708955
12.833313177347824	1.8332643530902126	717.6009591309469	93.17080365364754	323.20620578730995	422.26002416941316	4.05627389322239
12.831965501585868	1.8332703305217266	718.2983453858403	93.44975815560458	323.2400178389972	422.9250269679341	4.059767640882042
12.831014063919271	1.8332691325009618	718.9456543254294	93.7287126575616	323.2631432035031	423.7537884039444	4.06300903204145
12.82966558764293	1.8332615095054428	719.571814846585	94.00766715951863	323.29529636021607	424.9632489908623	4.06614380333182
12.828752005983386	1.8332481035679924	720.1695744936362	94.28662166147566	323.31596980215807	474.5694437991165	4.06913537896259
12.827864411766342	1.8332294644898588	720.7390010751287	94.56557616343271	323.3353467109582	698.7418299128053	4.071984021575392
12.826680752503568	1.833206084363502	721.2969100790434	94.84453066538973	323.36146813373813	709.8381195939921	4.0747745609759045
12.82547228488091	1.8331783891886004	721.8227667538516	95.12348516734676	323.3876709526909	711.5278489892772	4.077403308987086
12.824104952496018	1.833146769399881	722.3455965367241	95.40243966930377	323.4173297359719	712.8032574942921	4.080016777410571
12.822226018727479	1.8331115610087514	722.8378691872368	95.68139417126082	323.459246232566	713.8866685668053	4.082475904950478
12.821553271014537	1.833073087005789	723.3301418377497	95.96034867321784	323.4708242235626	714.8386008824381	4.084935032490385
12.820443463342926	1.8330316232816042	723.7957885251748	96.23930317517487	323.4928775413194	715.7012417699927	4.087259585819467
12.818527015198706	1.8329874396980317	724.2607126951035	96.51825767713188	323.5346419171895	716.4994865028884	4.089580487366205
12.817817499472822	1.8329407682868752	724.7055901709649	96.79721217908893	323.5461008611314	717.2373645096992	4.09179999713304
12.824257501180798	1.832891830595032	725.1460446477394	97.07616668104595	323.3793928401413	717.9127813941598	4.093997136340998
12.815702559358549	1.8328408289412566	725.5745284671664	97.35512118300298	323.58548713418514	718.5815826783358	4.096133686160243
12.813393382460088	1.8327879532378843	725.9929602201022	97.63407568496	323.6359926094325	719.2090152615518	4.098219357523418
12.81126729389141	1.8327333802417238	726.411391973038	97.91303018691704	323.6816877755413	719.8012196170811	4.100304781398652
12.808816353339898	1.8326772635570134	726.8298237259736	98.19198468887407	323.7343506475234	720.3816289513135	4.102388760533538
12.80885806411747	1.8326197473292765	727.2482554789091	98.47093919083109	323.7258773239425	720.9231674384242	4.104472739668425
12.80768023831179	1.8325609681814847	727.6666872318447	98.74989369278813	323.7470760377556	721.458497917679	4.106555457280779
12.80557983759246	1.8325010358929508	728.0851189847801	99.02884819474517	323.790735319818	721.9687701119514	4.1086377476157185
12.804389145053692	1.8324400756324288	728.5035507377157	99.30780269670218	323.81199254136925	722.4701161473654	4.1107194551599235
12.803497393103978	1.83237819015808	728.9219824906512	99.58675719865921	323.8258036731382	722.9492332252854	4.112800060112156
12.801375566826323	1.8323154775667305	729.3404142435867	99.86571170061625	323.86969324504366	723.4248825058216	4.114880665064388
12.799679643202648	1.8322520320608036	729.7588459965223	100.14466620257328	323.90305958390945	723.8782558234702	4.116959684511351
12.796874796134992	1.8321879392376543	730.1772777494579	100.4236207045303	323.96361209062667	724.3327611527607	4.119038607487066
12.796283619648804	1.8321232832607635	730.5957095023933	100.70257520648732	323.9697075828003	724.7618947793501	4.121116628137012
12.794263102732252	1.8320581408936794	731.014141255329	100.98152970844436	324.01089328782535	725.1917586616644	4.123193872531397
12.792805594221253	1.831992582012348	731.4325730082645	101.26048421040139	324.03818924402174	725.6073907666979	4.125270898283101
12.79104522302243	1.8319266838761559	731.8510047612001	101.5394387123584	324.07291124621787	726.0155253314609	4.127346467480394
12.793336898944483	1.8318605037017694	732.2694365141356	101.81839321431544	324.0077193393329	726.4199741332272	4.1294220366776875
12.789261016433679	1.831794106635142	732.6878682670712	102.09734771627247	324.0994651302959	726.8301983184565	4.131496399587525
12.7846642413391	1.8317275525261367	733.1063000200068	102.3763022182295	324.2041478788705	727.2408995125224	4.133570296961059
12.784130136611463	1.8316608962015763	733.5247317729422	102.65525672018653	324.2085626913389	727.6478947249713	4.1356436760768815
12.782349949695297	1.8315941884974782	733.9431635258777	102.93421122214357	324.24375096191807	728.0560205869059	4.137715904989133
12.783139718895187	1.8315274846542944	734.3615952788133	103.21316572410059	324.2153819966062	728.4617849181121	4.139788133901385
12.778732676227884	1.8314608239690344	734.7800270317488	103.49212022605762	324.3155912558209	728.8723088553605	4.1418588679459685
12.787665152257102	1.8313942618302572	735.1984587846844	103.77107472801464	324.08550914332955	729.2705571957117	4.143929431748608
12.774838201096511	1.8313278363676162	735.61689053762	104.05002922997168	324.3944192457712	729.6888321922544	4.1459991929866
12.771942547245365	1.8312615888333281	736.0353222905555	104.3289837319287	324.4574267100494	730.0979628676346	4.1480680950205375
12.771464382862753	1.831195560129749	736.4537540434911	104.60793823388573	324.4604986336148	730.5048552113037	4.150136887237196
12.769192013896161	1.8311297869026615	736.8721857964266	104.88689273584275	324.5081486707667	730.9134012656688	4.152204130832629
12.76765241387506	1.8310643060638885	737.2906175493622	105.16584723779978	324.53758689633725	731.3212630868187	4.154271374428063
12.765956076289262	1.8309991495745286	737.7090493022977	105.4448017397568	324.57040267684755	731.7292647595228	4.1563375462716765
12.763665792975017	1.8309343520046317	738.1274810552331	105.72375624171383	324.617783942806	732.1378134338795	4.158403134748139
12.761946596637163	1.830869943655658	738.5459128081687	106.00271074367086	324.65128661917936	732.5458266819508	4.160468348395952
12.75967255686993	1.8308059536001124	738.9643445611044	106.2816652456279	324.69842823914007	732.9543537718039	4.162532285062357
12.757752535049116	1.8307424117076145	739.3827763140399	106.56061974758492	324.73699167220104	733.3625455579486	4.164596221728761
12.75561370671776	1.8306793437656443	739.8012080669755	106.83957424954195	324.7809957399129	733.7709382054554	4.166658832390058
12.752943874622162	1.830616776863101	740.219639819911	107.11852875149897	324.83811182814827	734.1798265832552	4.168721120544749
12.755324359372285	1.8305547350181002	740.6380715728466	107.39748325345602	324.77141386954463	734.5839519203096	4.170782783722416
12.75004292032084	1.830493243903205	741.056503325782	107.67643775541303	324.8927983007105	734.9952943049541	4.172843426653209
12.747776229018172	1.8304323202917672	741.4749350787176	107.95539225737006	324.94031162664265	735.403791031184	4.174904069584003
12.745799001736126	1.8303719916892662	741.8933668316531	108.2343467593271	324.9808132542528	735.812010001877	4.176963147006816
12.742662993997627	1.8303122784205155	742.3117985845887	108.51330126128413	325.04994092205794	736.2213248674949	4.179022147991052
12.741691152103654	1.8302531964458104	742.7302303375242	108.79225576324114	325.06589730146015	736.6285807208204	4.181080288530419
12.739560984569028	1.830194767803587	743.1486620904598	109.07121026519818	325.1104795113112	737.0369325845704	4.183137650835002
12.73675156060218	1.8301370101793983	743.5670938433952	109.3501647671552	325.171936932022	737.4459291104201	4.18519485812119
12.73555260552993	1.8300799394357545	743.9855255963308	109.62911926911224	325.1937635908633	737.8533838512548	4.187250585002636
12.73375826984788	1.8300235730772356	744.4039573492664	109.90807377106927	325.2303867277445	738.2614020262703	4.189306311884082
12.731747428890522	1.8299679270158808	744.8223891022019	110.1870282730263	325.27247196973286	738.6696230719425	4.1913609573532495
12.731447309263235	1.8299130153605114	745.2408208551375	110.46598277498333	325.27232322464533	739.076111061647	4.193415052057736
12.72962890480045	1.8298588535168439	745.6592526080731	110.74493727694036	325.3098418987142	739.484135137444	4.195468774718794
12.725641069739073	1.8298054546567792	746.0776843610086	111.02389177889738	325.4010778908786	739.8942484310612	4.197521240482199
12.723007799588071	1.8297528310230702	746.4961161139441	111.30284628085441	325.4580121889123	740.3030545123509	4.1995737062456024
12.720257248797255	1.829700996616412	746.9145478668796	111.58180078281144	325.5179535041748	740.711972165129	4.201624883951969
12.632596417760041	1.8283621379677484	763.6518179843014	122.73998086109259	327.46216720651506	757.0442706220979	4.283144579579634
12.540287990498006	1.82854985975669	780.3890881017234	133.89816093937375	329.6875654586118	773.3767086976934	4.3636444063349975
12.452148811375089	1.830146902287979	797.1263582191447	145.0563410176549	331.96079750007016	789.7004845647185	4.443167450518744
12.356436236953432	1.8329123176651136	813.8636283365666	156.21452109593602	334.5461558925277	806.0300594055113	4.521754175700639
12.268547120094727	1.8365908448277843	830.6008984539884	167.37270117421716	337.0435717716787	822.347210599687	4.599442224150249
12.1836787384876	1.8409499373934546	847.33816857141	178.53088125249832	339.54640918254296	838.6574937626003	4.676265964800659
12.103266551595667	1.8457908463429153	864.0754386888316	189.68906133077948	342.00028684081224	854.9587537323449	4.752258572448116
12.02817707997934	1.8509495103307918	880.8127088062533	200.84724140906062	344.3671139829309	871.2488166975363	4.8274507368762585
11.95058066644332	1.85629350313376	897.5499789236751	212.00542148734172	346.8209789481313	887.5399686067527	4.901871149995562
11.880238060603222	1.8617176855145752	914.2872490410969	223.16360156562288	349.1169088241773	903.8162916550358	4.975547017260912
11.812573497185657	1.8671397715386624	931.0245191585185	234.32178164390402	351.3569382998114	920.0847539025985	5.048503170397264
11.748367126343258	1.8724962623824835	947.7617892759404	245.47996172218518	353.51331407929473	936.3435753245194	5.120764339958751
11.687781078615451	1.8777388809431212	964.4990593933619	256.63814180046626	355.57858124194183	952.5919007807341	5.192352538232249
11.628089943080374	1.882831629272442	981.2363295107835	267.79632187874745	357.61636637016574	968.8348681803003	5.263289739642168
11.572421172743994	1.887748304906902	997.9735996282054	278.9545019570286	359.54506695390774	985.0656985079141	5.333595983936107
11.517853203577067	1.8924704944797117	1014.7108697456275	290.1126820353098	361.43523660291663	1001.2900814328316	5.40329041778287
11.464992813005113	1.8969859443225727	1031.4481398630494	301.2708621135909	363.2716915757311	1017.5070594174048	5.472391346087665
11.418495227425487	1.9012872386226387	1048.1854099804705	312.429042191872	364.9373238038433	1033.7045407888386	5.540916279726146
11.368453408290126	1.9053707468045513	1064.9226800978922	323.58722227015323	366.6789524854254	1049.9067528069272	5.608881316279499
11.321066529294372	1.9092357727700247	1081.659950215314	334.74540234843437	368.3404749412316	1066.0982635635205	5.676302333194715
11.27713228063493	1.9128838772097652	1098.3972203327357	345.9035824267155	369.90205935033487	1082.276272935667	5.743194238121306
11.235413197480828	1.9163183371997936	1115.1344904501577	357.06176250499664	371.3957649330006	1098.4435720409633	5.809571585421523
11.19419948036604	1.9195437147998773	1131.8717605675804	368.21994258327777	372.86436894162017	1114.6049040858952	5.875447482867664
11.152626637914109	1.9225655141027582	1148.609030685002	379.37812266155896	374.3311668230297	1130.7630908069966	5.940835081535792
11.11479503119216	1.925389909334812	1165.3463008024235	390.5363027398401	375.6908522452694	1146.9050761109202	6.005746990358029
11.077292780147133	1.928023531573817	1182.0835709198452	401.69448281812123	377.0304073410004	1163.041380765446	6.070195118098195
11.04079234372911	1.9304732965581215	1198.8208410372667	412.85266289640236	378.33501365092627	1179.169759032498	6.134190501180081
11.005366179310258	1.9327462754078601	1215.5581111546885	424.01084297468344	379.60210777059945	1195.2898151957963	6.197744309089183
10.971223369014353	1.9348495867136606	1232.29538127211	435.16902305296463	380.8254725676598	1211.4005919342583	6.26086733093822
10.937700468330895	1.9367903232758554	1249.032651389532	446.32720313124577	382.02516438160114	1227.504402929042	6.323569119534319
10.91088730969924	1.9385754825185455	1265.7699215069542	457.48538320952696	383.02999241505324	1243.5767917013384	6.385859724101622
10.873645777279192	1.9402119277415608	1282.5071916243764	468.64356328780804	384.32055556524375	1259.6863333586548	6.447748058564078
10.842674664844267	1.9417063495081486	1299.2444617417982	479.8017433660893	385.42906991438394	1275.7659580581803	6.509243568355148
10.813115337593764	1.9430652419068517	1315.9817318592195	490.95992344437036	386.49183116546624	1291.8347948523149	6.57035449281838
10.783914978843478	1.9442948871112768	1332.7190019766415	502.1181035226515	387.53908573528923	1307.8972406123232	6.631088980916268
10.755276578527747	1.9454013403339077	1349.456272094064	513.2762836009326	388.5652864924941	1323.952380451663	6.691455315486702
10.72763293303244	1.9463904297351209	1366.1935422114852	524.4344636792138	389.55771198347975	1339.998076759247	6.751461151441518
10.700434074991469	1.9472677458882544	1382.9308123289068	535.5926437574949	390.5327979822785	1356.0368091733578	6.811113912121036
10.673263514563473	1.948038649437952	1399.6680824463288	546.7508238357761	391.50360191442815	1372.0706776663098	6.870420798366437
10.647817963238053	1.9487082699035334	1416.4053525637503	557.9090039140572	392.41831124345066	1388.0909486735889	6.929388503381713
10.6225114663478	1.9492815086346749	1433.1426226811716	569.0671839923383	393.3255038442852	1404.1055699100157	6.988023748551619
10.596549852551506	1.949763047910025	1449.8798927985936	580.2253640706195	394.25081832389225	1420.1190253237014	7.046333328393081
10.573609605066862	1.9501573529787606	1466.6171629160156	591.3835441489007	395.0780604092283	1436.1108816023843	7.104323325675548
10.54958606684898	1.950468684807284	1483.3544330334373	602.5417242271818	395.9373382723536	1452.1038552554708	7.161999513776407
10.526055209194748	1.9507011017047382	1500.0917031508593	613.699904305463	396.7788945012014	1468.0891533937145	7.2193682775262396
10.503967256931519	1.9508584684395192	1516.8289732682808	624.858084383744	397.57141850927616	1484.0608608677255	7.276434735608249
10.481026273478465	1.9509444686349002	1533.5662433857024	636.0162644620251	398.3904711252438	1500.032893334566	7.333204719918829
10.459050028615358	1.9509626060569334	1550.303513503125	647.1744445403064	399.1759525169435	1515.9940609608875	7.389683697250706
10.437373474565256	1.9509162168955942	1567.0407836205468	658.3326246185874	399.94995216542225	1531.9484360420977	7.44587631941179
10.41653631772474	1.9508084749614059	1583.7780537379685	669.4908046968686	400.69428877102547	1547.8923493677737	7.501787885238241
10.39534051092445	1.950642402002404	1600.51532385539	680.6489847751498	401.4502671273478	1563.833828436809	7.5574233258089
10.375976430041765	1.9504208702278447	1617.2525939728112	691.8071648534309	402.1414471990622	1579.7576222917905	7.612787310802097
10.355425316765574	1.9501466212442435	1633.989864090233	702.965344931712	402.8733438274487	1595.6848831994237	7.667884394834343
10.334885225805744	1.9498222440449107	1650.7271342076544	714.1235250099932	403.6050442521006	1611.607417366375	7.722719021137634
10.316176313713337	1.949450221482769	1667.464404325076	725.2817050882744	404.270527135436	1627.5114950122202	7.777295525093224
10.296378141732955	1.949032911190449	1684.2016744424977	736.4398851665554	404.97551379138815	1643.419317883541	7.8316181376284
10.280232809278594	1.9485725524008868	1700.9389445599195	747.5980652448367	405.54492742227944	1659.2932455510559	7.885690988482565
10.260198705384589	1.9480712780920266	1717.6762146773412	758.7562453231178	406.25892134483115	1675.1932834782435	7.93951790717075
10.242051309776922	1.9475311194270168	1734.4134847947632	769.914425401399	406.9025953793187	1691.0732864004287	7.993102646659807
10.223759545951598	1.9469540094145608	1751.1507549121843	781.07260547968	407.5521376712905	1706.9497179563575	8.046449346943037
10.206929675293258	1.946341788948888	1767.888025029606	792.2307855579612	408.1546898056692	1722.808844424488	8.099561586407235
10.189541315458822	1.9456962091770424	1784.6252951470276	803.3889656362423	408.80221173037825	1738.667847227739	8.152442533327758
10.17272778139585	1.9450189398534867	1801.362565264449	814.5471457145234	409.4526821639293	1754.5168976964815	8.205096378708522
10.156374042126108	1.9443115700517763	1818.099835381871	825.7053257928047	410.10069521554544	1770.3568364392752	8.257525634125429
10.139687361734904	1.943575614393167	1834.8371054992922	836.8635058710857	410.7927282186906	1786.194958174788	8.309734506850836
10.123504240021884	1.9428125158889238	1851.574375616714	848.0216859493669	411.49567755797705	1802.0235203566458	8.361725407162853
10.107399386871645	1.9420236491764606	1868.3116457341362	859.1798660276481	412.22310670541555	1817.846492675726	8.413502044904476
10.092879597735958	1.9412103236255749	1885.0489158515575	870.3380461059293	412.8907389946269	1833.6488881605167	8.465067469759548
10.076404113873624	1.9403737926303612	1901.786185968979	881.4962261842104	413.72180360165754	1849.4659022610706	8.516424114059404
10.060888889706682	1.9395152435485232	1918.523456086401	892.6544062624915	414.5453082763668	1865.2685314220114	8.567575419327733
10.046131043958427	1.9386358128854697	1935.2607262038223	903.8125863407726	415.3710683501787	1881.0584459861586	8.618524177480687
10.031576312878961	1.9377365850506019	1951.997996321244	914.9707664190539	416.2418936420668	1896.8412513584026	8.669273125078721
10.017195558304973	1.9368185935492666	1968.735266438666	926.128946497335	417.17368190744617	1912.6172311417477	8.719824944751782
10.002322555462117	1.9358828239511077	1985.4725365560873	937.2871265756161	418.25174597375707	1928.393808365044	8.770182197368829
9.99207183056827	1.9349302187317634	2002.2098066735093	948.4453066538972	418.9659972783499	1944.1131719332109	8.820347538158519
9.975934135884481	1.9339616750625592	2018.9470767909313	959.6034867321786	420.48812678114996	1959.8943040894949	8.870323560723325
9.959506924587656	1.9329780503742724	2035.6843469083526	970.7616668104596	422.5288446251987	1975.6749192615891	8.920112743217674
9.9496524283248	1.9319801642148569	2052.4216170257746	981.9198468887407	423.9897943362206	1991.372935105652	8.969717411500648
9.934258650047461	1.9309687977479442	2069.1588871431964	993.0780269670219	707.7990619726291	2007.1322116292997	9.019139947349812
9.919722184783804	1.92994469796682	2085.896157260618	1004.236207045303	712.8058567207552	2022.8768544897423	9.068382734325853
9.911495925252959	1.9289085776273605	2102.6334273780403	1015.3943871235842	714.0533335848893	2038.5374635241685	9.117448069868548
9.89306178746544	1.9278611193567574	2119.3706974954616	1026.552567201865	717.1582962617871	2054.3224313024366	9.16633820848009
9.88200921738419	1.9268029733832999	2136.1079676128843	1037.7107472801463	718.4317080076718	2070.0084726791206	9.215055362768604
9.867429517492177	1.925734761371151	2152.845237730305	1048.8689273584273	720.1032955934858	2085.7358605449	9.263601201657437
9.854713681287443	1.9245229457522435	2169.582507847728	1060.0271074367085	721.3613178144484	2101.434139540912	9.311978285041972
9.845447118552658	1.9235704967298357	2186.3197779651505	1071.1852875149898	722.0735855208816	2117.080364490226	9.360188727440018
9.837713135876301	1.9224755548359296	2203.0570480825713	1082.3434675932708	722.5651278249185	2132.6990260693656	9.408233960250023
9.820035853609431	1.9213727741711093	2219.7943181999935	1093.501647671552	724.2295633009235	2148.4520397280307	9.456116510662673
9.817577198307376	1.920262652135018	2236.5315883174144	1104.659827749833	724.0470421246085	2163.9833581858834	9.503838023168978
9.802935065319478	1.919145663037473	2253.2688584348357	1115.8180078281143	725.2599537028957	2179.68412714867	9.551400413508269
9.783484275211979	1.9180222630945165	2270.006128552258	1126.9761879063956	726.927218044224	2195.452999648495	9.598805576428601
9.771366512779489	1.9168928859776864	2286.743398669679	1138.1343679846766	727.800957906503	2211.109918823877	9.646055275423421
9.761144800328756	1.91575794793341	2303.4806687871014	1149.2925480629576	728.4683966911764	2226.733297221496	9.693151213937794
9.751332189396237	1.914617847832201	2320.2179389045227	1160.450728141239	729.0898355384184	2242.3450235941054	9.740095438688469
9.73970246968239	1.9134501375992274	2336.9552090219445	1171.6089082195201	729.9118055197148	2257.9800823101946	9.786889043053971
9.72855868148638	1.9123236668050365	2353.692479139366	1182.7670882978011	730.6810885049795	2273.6028525690253	9.833534273618081
9.716177964848203	1.911170300288485	2370.429749256788	1193.9252683760824	731.5897639419755	2289.2411266644167	9.8800327055752
9.706525554545788	1.9100131992481069	2387.1670193742098	1205.0834484543634	732.1942925014316	2304.8302853180185	9.926385468413331
9.697000318937059	1.9088526844791593	2403.904289491632	1216.2416285326447	732.7842209537446	2320.412053613362	9.972594594488179
9.693194246924792	1.9076890584154143	2420.641559609054	1227.399808610926	732.7256693487212	2335.891121391456	10.018661596081897
9.674674133696621	1.906522617989515	2437.3788297264755	1238.557988689207	734.3370239005575	2351.616456695562	10.06458796223101
9.665120689606216	1.9053536431561295	2454.1160998438963	1249.716168767488	734.931753892314	2367.1839151773997	10.110375035600368
9.65335678484558	1.904086581340035	2470.8533699613185	1260.8743488457694	735.7811492341042	2382.7855864241033	10.156024294834475
9.650169016254509	1.9030091489268328	2487.5906400787394	1272.0325289240504	735.642456823438	2398.2287151638166	10.20153729722901
9.633275563698394	1.9017177220995984	2504.327910196161	1283.1907090023315	737.0881393290273	2413.9142566939477	10.2469154423054
9.626350696435816	1.9006575888242574	2521.0651803135825	1294.3488890806127	737.380145916085	2429.413812857588	10.292160108577182
9.613868130544109	1.899479741740217	2537.8024504310038	1305.5070691588937	738.3211724660374	2445.0116109917394	10.337272653960198
9.608400356737913	1.898300808862497	2554.5397205484255	1316.665249237175	738.4413647324924	2460.472462668699	10.38225441617298
9.596916216718466	1.8971209969390999	2571.2769906658473	1327.8234293154562	739.2689132132721	2476.0426404885898	10.427106713127603
9.586371422196999	1.8959405027192002	2588.0142607832695	1338.9816093937372	739.9883499312713	2491.5907331511426	10.471830843311276
9.577903062842978	1.894759516054874	2604.7515309006913	1350.1397894720183	740.4629653425964	2507.093509747309	10.516428086158905
9.57942630419076	1.8935782200301368	2621.488801018112	1361.2979695502997	739.7457520205382	2522.3901500476145	10.56089970241694
9.55754922943912	1.8923967874130652	2638.2260711355343	1372.4561496285808	741.8238082528048	2538.15320980771	10.605246934498656
9.549184436586176	1.8912153846223345	2654.9633412529556	1383.6143297068618	742.2893254912625	2553.639409111799	10.649470841339834
9.540034204879225	1.8900341706003332	2671.700611370377	1394.772509785143	742.8506467193924	2569.1369526213666	10.693572681685607
9.536636643542074	1.888853298740187	2688.4378814877987	1405.930689863424	742.7155007394978	2584.508050663536	10.737553723399778
9.523602980889102	1.887657691678043	2705.175151605219	1417.0888699417053	743.750170134138	2600.0781920215272	10.781415139755556
9.512574965286161	1.886493158271917	2721.912421722641	1428.2470500199865	744.545236062584	2615.6023589285837	10.82515808733137
9.506353947808407	1.8853141630797268	2738.649691840062	1439.4052300982676	744.753767608893	2631.017362490938	10.868783333509906
9.498939272450217	1.884136056874298	2755.3869619574843	1450.5634101765488	745.1087745492534	2646.452925659704	10.912292294556414
9.489376565420322	1.8829589626397074	2772.124232074906	1461.72159025483	745.7297326707688	2661.931621815187	10.955686128181442
9.478945966942478	1.8817296088676019	2788.861502192328	1472.879770333111	746.4608883383479	2677.426056919602	10.998965614710201
9.471998419153168	1.8806082734763978	2805.5987723097505	1484.0379504113923	746.7617916368537	2692.8364367913287	11.042131907161163
9.46540663395359	1.8794348977532762	2822.3360424271723	1495.1961304896734	747.018709246932	2708.2330301551196	11.085186278242636
9.454902754859447	1.8782629732328802	2839.0733125445945	1506.3543105679544	747.7659628315486	2723.7166780125144	11.12812921742226
9.44727495040319	1.8770925970399637	2855.8105826620167	1517.5124906462356	748.1552106561677	2739.128033259712	11.170962235677225
9.446952054449298	1.8759238641031695	2872.547852779438	1528.6706707245164	747.6252629392288	2754.3571443002756	11.213686020099173
9.431587276316291	1.8747568624656226	2889.28512289686	1539.828850802798	748.9921803584141	2769.946569655112	11.25630165483785
9.422910000224144	1.8735916806814645	2906.0223930142824	1550.9870308810791	749.5187848683647	2785.3694256803974	11.298810070494758
9.415132680010178	1.872428397569275	2922.7596631317037	1562.14521095936	749.9330758048077	2800.7654600374785	11.341212188101581
9.407361309783642	1.8712670924140524	2939.4969332491264	1573.3033910376412	750.3482589693049	2816.1566596810376	11.383508924980225
9.405800260488412	1.8701078401475073	2956.234203366547	1584.4615711159224	749.9699580892488	2831.383398347808	11.42570129236332
9.398241194907051	1.8689507119603312	2972.9714734839686	1595.6197511942034	750.3589550481614	2846.757975497957	11.46778994761266
9.376967034971637	1.8666430945616872	3006.446013718812	1617.936111350766	751.9373828175519	2877.657030734711	11.551660316483671
9.375530207809117	1.8654921402320859	3023.183283836233	1629.094291429047	751.5406834826227	2892.854605111855	11.593443655550036
9.361950700548045	1.86434474908225	3039.9205539536542	1640.2524715073282	752.7191586957244	2908.374637935077	11.635127029812049
9.354594000414043	1.8631991990013117	3056.657824071076	1651.4106515856095	753.0930749369138	2923.722417797729	11.676710864027982
9.354738644927552	1.8620561358240337	3073.3950941884964	1662.5688316638903	752.4886692423275	2938.85666184906	11.718196399187546
9.35087160182884	1.8609156119621553	3090.132364305919	1673.7270117421715	752.4069811130257	2954.0946321863785	11.759584419893574
9.050909526878177	1.8077363051702764	3926.9958701770056	2231.6360156562287	764.3408504165697	3712.805446124973	13.719627399181197
8.939933040314859	1.7841589087145608	4345.427623112552	2510.5905176132574	766.514409093494	4086.2354118931303	14.632148340039183
8.839456304506461	1.7624874467197513	4763.859376048092	2789.545019570286	768.223805157502	4456.2476172273455	15.508212230563762
8.759928805764366	1.7425580760378199	5182.291128983629	3068.4995215273148	767.7492711990104	4822.018376752544	16.352458994819607
8.686218044860786	1.7241995239541836	5600.72288191918	3347.454023484343	767.3053146148737	5184.456592227195	17.16859986376475
8.625538582579303	1.7072497635502175	6019.154634854721	3626.4085254413717	765.6677848605599	5542.838239466174	17.959660479466567
8.5709080470375	1.6915618960625478	6437.586387790267	3905.3630273984004	763.8540824736117	5897.672119703668	18.728147447691367
8.514230751217784	1.6769088191698638	6856.0181407258115	4184.317529355429	763.0963932914042	6249.9645674044095	19.476166662546408
8.469483746092884	1.66343179308302	7274.4498936613545	4463.272031312457	761.0833153750119	6597.904443764799	20.20550784226455
8.434333420748631	1.650840501055719	7692.881646596912	4742.226533269486	758.1280573379721	6941.474898772952	20.917708038021367
8.393655649125813	1.639042848276604	8111.313399532449	5021.181035226515	756.6143497486926	7283.092289000821	21.61409970645189
8.363449968819447	1.627994586430943	8529.745152467996	5300.1355371835425	753.9221773254899	7619.9800630950995	22.295846724138233
8.33169281811366	1.6176274136317808	8948.17690540354	5579.090039140572	751.9427002715303	7954.318156153805	22.96397350105609
8.303363079511792	1.6078203306226748	9366.60865833908	5858.044541097601	749.5164653698209	8285.111569592897	23.619387432154433
8.26116032920855	1.5900437452121134	10203.47216421018	6415.953545011657	744.4775602835467	8934.49909485079	24.895225988065324
8.23694072223762	1.581863325434855	10621.903917145717	6694.908046968686	742.8018548953949	9255.798408337469	25.51702635938388
8.219335538311663	1.5741234235266899	11040.335670081251	6973.862548925715	740.3929655867956	9572.317166307086	26.128887354371038
8.209818756990519	1.5667903485342087	11458.767423016801	7252.817050882743	737.0156546103666	9883.182605267131	26.73134367956152
8.18740854666619	1.559833825809938	11877.199175952337	7531.771552839771	735.9007237553792	10195.661121111356	27.324882732589167
8.169870404420516	1.5532265755704115	12295.630928887891	7810.726054796801	734.2718543236239	10503.74067106054	27.909949962339866
8.156552543166352	1.5469439472326798	12714.062681823441	8089.6805567538295	732.2202619111837	10807.415476717839	28.486954052629997
8.144891758516476	1.5409636077037046	13132.494434758986	8368.635058710857	730.1283709409362	11107.571787695913	29.056271180666016
8.134154242482579	1.5352652688399908	13550.926187694535	8647.589560667886	728.0952413655389	11404.485288983591	29.618248167415363
8.123009050176597	1.5298304583326734	13969.357940630076	8926.544062624915	726.3076201653361	11698.803196547542	30.17320596945343
8.119192631293146	1.5246423161001452	14387.789693565608	9205.498564581943	723.4632446252316	11986.579946602415	30.721442177579522
8.10779169356858	1.5196854207838104	14806.22144650117	9484.453066538972	721.7712222250387	12275.448355820117	31.263233368936916
8.096832103220976	1.5149456350342834	15224.653199436705	9763.407568496	719.998152839655	12561.454991547014	31.79883721643519
8.091009368131987	1.5104099728445524	15643.084952372245	10042.36207045303	716.9125823787217	12841.77863452463	32.32849415210799
8.082392811971365	1.506066483003724	16061.516705307795	10321.316572410058	713.989010821478	13121.046342569403	32.85242907842081
8.077988745252375	1.5019041450584627	16479.94845824332	10600.271074367085	565.037508764959	13394.909075779957	33.37085272051802