150.	16.042453670254503	0.19671631332948284227	308.83062394032	72.66321595	6.252280790080642e6
175.	13.83219979634511	0.279938453144697311052	171.6111896088578	50.0349846361	1.2789566968349607e6
200	13.023344590028538	0.371865337589565839633	108.4151542412209	36.9066626987	361357.93927561934
225.	12.674055367535518	0.469527594968667993212	74.5385807943287	28.37427495726	125733.42583856054
250.	12.51392342120752	0.569839525981543229464	54.6047792060377	22.503894384659	51141.613956833025
300	12.400936089041688	0.7711339346600270838	33.4917511451403	15.132831623283	11758.929123672393
305	12.39597178497113	0.7909084865707700019557	32.1416219208742	14.603035987854	10348.717076905561
310	12.391460176946476	0.8105893935948048960614	30.8817024694639	14.100560916295	9134.033053411267
315	12.387404827670661	0.8301642185350683047658	29.7045143840426	13.623705413662	8084.655597328724
320	12.38324110043046	0.8517889382290548291615	28.4846767561461	13.121711360929	7081.605684354045
325	12.377408683161091	0.8921006511873646342652	26.41926499649	12.252255122123	5570.701268580214
330	12.376618291590118	0.9540131886059283278135	23.7154924948525	11.073393449639	3927.3380368991557
335	12.391899408389893	1.037805372724906759973	20.775385122639	9.732883984453	2533.8615563924127
340	12.42665223279129	1.130012664846501648378	18.24311509855819	8.523641072794	1628.229782365884
345	12.473042059819585	1.219328444518818645883	16.29324728990268	7.554855348595	1096.1526443714492
350.	12.52520616753662	1.30479135899345955682	14.76637939274971	6.7720698608327	769.289199624708
356.25	12.592637426602538	1.40542422099131511437	13.28510910429788	5.9919095305912	519.8584677904814
362.5	12.658370143322735	1.49886447662861145532	12.14273068500769	5.37644586022	368.49802162572473
368.75	12.719998798605523	1.5851811825195957217	11.24182908515324	4.8830452868074	271.8753695869061
375.	12.776416159553113	1.66467044382556155896	10.51742596162277	4.4816420291916	207.46395683217781
381.25	12.827252962524271	1.73773910751593172367	9.92507800475055	4.1507415774726	162.90426998687184
387.5	12.872549645546586	1.80483983236243010768	9.43361885560247	3.8747223849932	131.08055078265616
393.75	12.912564344332807	1.86643403645099846439	9.02067913937049	3.6420423021725	107.71844508616623
400	12.947660935359579	1.92297098184723698723	8.66986216842632	3.4440376025872	90.15272124336423
412.5	13.004735051511878	2.0225496452563661176	8.10852880971151	3.1271563576582	66.1178113107175
425.	13.04700155939412	2.10663587915423911023	7.68222897812322	2.8870704031643	50.969547350591036
437.5	13.077358049428442	2.17781448030079377806	7.34991438559811	2.7007264250477	40.87472148310975
450.	13.098235856297674	2.23823339738309713586	7.08530307719285	2.5531500481887	33.83889888566886
500	13.12117064562523	2.4034390995292325257	6.42375936758053	2.18923996543277	19.793111464742946
550.	13.095706743160308	2.49394958715617031442	6.08192620147854	2.00557536967055	14.324616344081042
575.	13.07567601044587	2.52325703898843711318	5.96949298961578	1.94612354762367	12.767098693554486
600	13.05350047305494	2.54563525892689918435	5.88085204761227	1.89967289584799	11.619194814358028
650.	13.006457163098071	2.57624316017018673956	5.75054293585055	1.83219503348735	10.056092811418436
700	12.958536778466229	2.59480444843002384099	5.65909052599037	1.78555135587552	9.045412777094256
800	12.863122008200147	2.61238427020040825462	5.53674482226452	1.72442084382894	7.802779563573923
900	12.76839377993092	2.61577456201423117933	5.45621613737741	1.68534006486727	7.053579108897492
910	12.758970643633642	2.61561211506529189851	5.44959767529525	1.68218437781284	6.9944873442812465