28.382674912641598	0.08186168569606778	35.01889990375193	0.11158180078281144	0.21926186974739212	29.42314902622758	0.2294761402266479
27.641770240697547	0.08321373215704085	56.00181385488425	0.22316360156562287	0.16964892259207845	45.838738242152175	0.36638318336958964
26.83433892584748	0.08412053650494968	72.04827648580353	0.33474540234843436	0.14312977282693629	59.51381247828058	0.4708744562489539
26.655930269292238	0.08653140692622104	81.10687321179608	0.44632720313124574	0.11056400213515243	70.98732377518685	0.5297225169962301
25.816045958412317	0.08964351049144294	90.14122176324858	0.5579090039140573	0.09426161745451377	78.92916323992486	0.5884123560085507
25.510632233044056	0.09351022418067965	97.0036548044586	0.6694908046968687	0.07703501150416726	86.10946335922631	0.6325701430208444
24.865723215220463	0.09808744128249584	101.25525164665608	0.7810726054796802	0.06441478610460978	94.30146334271618	0.6592591071306456
24.363387806718706	0.10347096747597125	105.50684848885356	0.8926544062624915	0.05173119779557157	98.66426263710478	0.6859480712404469
23.71699265879324	0.10924524599950719	109.75844533105104	1.004236207045303	0.045385242815485956	102.71746229944176	0.7126370353502481
12.790508200417223	0.5526437528422838	245.1184020096942	11.158180078281145	108.24941371527719	242.56514105840452	1.5639839105109101
12.741844988683567	0.5871555111555989	253.65404261951434	12.273998086109259	117.50875010195774	251.0689532292167	1.6161407903683724
12.703093518621078	0.6199291074439531	261.7296876054994	13.389816093937375	125.85018533037763	259.1086625237894	1.6652807548923627
12.673870060804246	0.6511410717392117	269.4055962745393	14.505634101765487	131.68568792249943	266.74817204637486	1.7117993338468043
12.649050694321803	0.6809410051343897	276.72287937272495	15.621452109593601	137.20306003060705	274.0332163034561	1.7559712092779407
12.638971559768402	0.7094612567635955	283.69870404461176	16.73727011742172	142.17221895081167	280.9830511068824	1.7979216311163295
12.623873044969306	0.7368252430033018	290.3264756886116	17.853088125249833	147.07696947749466	287.610185794187	1.8376317821389079
12.600631528880603	0.7631549914313146	296.5716568394774	18.968906133077947	151.9751716651829	293.89426702747585	1.8749153030271155
12.589731016760224	0.7885774509434988	302.37346995694344	20.084724140906058	156.3914754908005	299.77770726560766	1.9094300248894451
12.576964650428856	0.813221882641108	307.6977800217818	21.200542148734172	160.71336166173728	305.21883451969086	1.9409954673559573
12.570265083236668	0.8372084305606754	312.5548311003268	22.316360156562286	164.7687886265924	310.20209391619466	1.9696941581087066
12.572861913941608	0.8606367865296405	316.9984994001083	23.4321781643904	168.49198743998335	314.7563998666357	1.995863315072614
12.555355391952354	0.8835802784123964	321.11246882335183	24.547996172218518	172.6671342459176	318.9610736518758	2.020012427524096
12.552586668515302	0.9060872279487413	324.97287906137774	25.663814180046632	176.39579567776644	322.8812256958583	2.0425998459960533
12.549303360794479	0.9281868800742319	328.64772908651815	26.779632187874743	180.08381759946494	326.58826436462635	2.06403412644212
12.547029355665046	0.9498960174825601	332.18020221677125	27.89545019570286	183.69401065141875	330.1367309646492	2.0845736169209217
12.549846986522324	0.9712245392010899	335.5982255806876	29.011268203530975	187.1171428062381	333.55972908762607	2.1043861706555105
12.541879842619874	0.9921794552440616	338.9166332901087	30.12708621135909	190.79417534865402	336.883362415041	2.123562600602054
12.541851623953152	1.0127675080659044	342.14054098195624	31.242904219187203	194.20553382854922	340.11169575241763	2.1421370079781914
12.540451557683788	1.0329967019400024	345.26897586087966	32.35872222701532	197.59985520610675	343.24823309017006	2.160108333654557
12.54794642716364	1.052876953245705	348.2934906048384	33.47454023484344	200.68296994274357	346.2879625227379	2.1774307504241994
12.550264790066533	1.0724201724174003	351.210670664623	34.590358242671556	203.86132557500414	349.22830420978073	2.194090618878463
12.545960590642697	1.0916398850196187	354.0134116692692	35.70617625049967	207.1846714453883	352.06484395029605	2.210051092885248
12.546458091755477	1.1105506904133053	356.69639673979367	36.82199425832778	210.32396229378122	354.78794887674593	2.2252858323402576
12.5468537442063	1.1291675848027425	359.2598072956073	37.937812266155895	213.42545230099563	357.39553768487303	2.2398008335536086
12.549732008290807	1.1475053415867196	361.7032782267105	39.053630273984005	216.41523699265278	359.88639815880884	2.253597754807214
12.551405279787563	1.1655780499041453	364.03298968856814	40.169448281812116	219.4062795923648	362.26468099343913	2.2667164136772837
12.558740718264321	1.1833988499448942	366.2544771961141	41.28526628964023	222.1916947877873	364.53312101731103	2.27919180247867
12.560058823171868	1.200979584575236	368.3723492162662	42.401084297468344	225.13025443811827	366.6968121538377	2.291052772256226
12.563009157007457	1.2183309544401535	370.3945062881371	43.51690230529646	227.99060166113577	368.76357774085784	2.30234711811895
12.566130400776824	1.2354623165346452	372.32977450712104	44.63272031312458	230.81955176279334	370.74062040449684	2.3131276296906176
12.56964265528042	1.2523818949893888	374.18470846904665	45.7485383209527	233.61137006091303	372.63384834342173	2.3234333070653297
12.57595388247614	1.2690968389724635	375.9661085932601	46.86435632878081	236.29105617781642	374.44910518437734	2.333304347113423
12.576834708017715	1.2856133438276007	377.6807841326737	47.980174336608926	239.12075181763444	376.19507180021907	2.342780804752391
12.583391473116663	1.30193676925473	379.3353523431716	49.095992344437036	241.74709169037502	377.8756664603081	2.3519014682303516
12.584308680430219	1.3180717656828473	380.936078147139	50.211810352265154	244.53465522373617	379.5000138255667	2.3607029707657965
12.586965572167815	1.3340223704641796	382.48624769484627	51.327628360093264	247.24045621033315	381.07241836383594	2.369204206513878
12.593317032956925	1.34979203171475	383.99094137104214	52.44344636792138	249.80042066518504	382.5974580320199	2.377434627335955
12.597410093219263	1.3653838373065095	385.4574652488782	53.559264375749486	252.41089292460313	384.0769883583978	2.385437058826325
12.604747967283995	1.3808004828862888	386.88526062837286	54.6750823835776	254.88930609122013	385.5193815227823	2.393207279747515
12.604988094095834	1.3960442962561939	388.28205340026153	55.79090039140572	257.5833133428908	386.9267196260726	2.400790724825697
12.604988094095834	1.3960442962561939	388.28205340026153	55.79090039140572	257.5833133428908	386.9267196260726	2.400790724825697
12.606341871655834	1.3998285140503122	388.62560388992966	56.06985489336274	258.2094142960993	387.27441297411394	2.402652426041103
12.606879975490108	1.4036020893810666	388.9691543795978	56.348809395319776	258.86186079950977	387.6180178147347	2.404514127256509
12.608997209186537	1.4073650398382642	389.3092460178832	56.6277638972768	259.45970749745436	387.9612809916932	2.4063548026499553
12.609273845875853	1.4111174390715293	389.64811616552146	56.90671839923384	260.1186828720764	388.3025449393451	2.4081880527909028
12.611075076403301	1.414859270301122	389.98693508958297	57.185672901190856	260.72417277794744	388.64099404152404	2.4100209900440475
12.611987170329952	1.4185905794910074	390.3213971290051	57.464627403147894	261.35834162387465	388.9796338824216	2.4118273142383533
12.613220682762336	1.4223114129678267	390.6558591684272	57.74358190510491	261.9804252581172	389.3146717251294	2.413633638432659
12.61660595432875	1.42602175272206	390.9893132638223	58.02253640706195	262.5280684966391	389.64816516290205	2.4154337715539547
12.615525926961634	1.4297216639803014	391.3196370570143	58.301490909018966	263.22612969201106	389.98261814606815	2.417214677487069
12.615991196489993	1.4334111652602954	391.64996085020636	58.580445410976004	263.87004501494346	390.31239809123514	2.4189955834201835
12.622647894431944	1.4370902503809329	391.9785969112701	58.859399912933036	264.3007145147694	390.6408470717193	2.4207660562565834
12.62077806111132	1.4407589859813332	392.30504983083335	59.13835441489007	265.0223512483002	390.9703470082013	2.4225230335115264
12.620113010956864	1.4444173759793721	392.63150275039663	59.41730891684709	265.70108926622567	391.2962764374479	2.4242800107664686
12.620802492371373	1.448065424676069	392.9558273330506	59.69626341880411	266.3318197287311	391.6219165111046	2.4260237333001684
12.620604075808604	1.4517031939548681	393.27867419404487	59.975217920761146	266.9920421774262	391.94644081699823	2.4277582529728985
12.623543876113223	1.4553306798427181	393.6015210550392	60.25417242271817	267.5429803860239	392.26778624482836	2.4294927726456286
12.624320922179209	1.458947898053895	393.92200192986	60.53312692467521	268.1667442487907	392.58958625361083	2.431212429756095
12.6255914736316	1.4625548995118354	394.24150496681034	60.812081426632226	268.7718326705094	392.90966803134694	2.432925944321691
12.626548376453806	1.466151679411102	394.5610080037607	61.091035928589264	269.3866693246198	393.227870792118	2.4346394588872866
12.627730589414782	1.46973825518566	394.8780758260635	61.36999043054628	269.99258076893625	393.54602392516756	2.436337520266725
12.629178041707517	1.4733146755331676	395.1944947110226	61.64894493250332	270.58727282410223	393.8623765076701	2.4380314636725844
12.629773210582275	1.4768809326060268	395.5109135959817	61.927899434460336	271.21021395072546	394.17735153960484	2.439725407078444
12.631806506889257	1.4804370506257325	395.82496375616637	62.206853936417374	271.7819521861422	394.49201952090584	2.441404138089287
12.63248813983187	1.4839830675386425	396.13855565388286	62.4858084383744	272.39953949451495	394.8052463526811	2.443079926052562
12.635650869327264	1.4875189801544133	396.4521475515993	62.76476294033144	272.9281551940778	395.11662881533556	2.4447557140158374
12.635403461305268	1.4910448080831868	396.76354217341384	63.043717442288454	273.57493682847	395.4287294583532	2.446417187304375
12.636149731489732	1.4945605909238697	397.0745618298326	63.32267194424548	274.18581459488223	395.73902405599836	2.448076217791955
12.637305869904845	1.498066326161599	397.38558148625134	63.60162644620251	274.7805596955467	396.04803452543075	2.449735248279535
12.63853092156323	1.5015620308119308	397.69465154487773	63.88058094815954	275.37111987371014	396.3570260776864	2.451381355984308
12.639240022277264	1.5050477418185944	398.00335140539033	64.15953545011656	275.97864080772945	396.66474449292247	2.45302500985484
12.640383671145457	1.5085234594843009	398.3120512659028	64.4384899520736	276.5697365256492	396.9712110080147	2.4546686637253714
12.641351757074165	1.5119891967439012	398.6190988018067	64.71744445403063	277.1645735109719	397.2777098302939	2.456301130142157
12.643971189270678	1.5154449897507178	398.9257291558621	64.99639895598766	277.69997399887177	397.582744227958	2.457930771930774
12.64380293437276	1.5188908402431058	399.23235950991756	65.27535345794469	278.33243006148433	397.8871900785791	2.4595604137193923
12.645216839315207	1.522326763832673	399.537659918174	65.5543079599017	278.90713095228296	398.1912943601099	2.4611808083062106
12.646100986168209	1.525752789756676	399.84246906705374	65.83326246185874	279.49873348610896	398.49469494828105	2.4627977871338333
12.647349226387297	1.5291689239364736	400.14727821593345	66.11221696381577	280.07623165502906	398.79678673276385	2.464414765961456
12.648528777010016	1.5325751755825083	400.45108259421517	66.3911714657728	280.654583755046	399.09888714053994	2.4660245165868653
12.651794346818777	1.5359715768247209	400.75431703896186	66.67012596772985	281.15659993189234	399.40002685027997	2.467630167177055
12.648591890536869	1.5393581347184186	401.0575514837086	66.94908046968686	281.8865933345465	399.7012607059814	2.469235817767245
12.652419929682406	1.5427348559899488	401.36008902527215	67.2280349716439	282.36616971027087	400.0009818669249	2.470836224123156
12.653294258404262	1.5461017723754158	401.6619936719374	67.50698947360091	282.9476238729903	400.30110797085985	2.4724318679106063
12.654253462028079	1.5494588854091607	401.96389831860273	67.78594397555796	283.524720924144	400.5998823866342	2.474027511698057
12.660546981258445	1.5528062190397927	402.2653787394322	68.06489847751497	283.91070410179793	400.89749919502003	2.4756197588143616
12.656510486711333	1.5561437815909838	402.56619711896985	68.34385297947202	284.66156753677154	401.1973436638936	2.477206705130095
12.658139774561295	1.5594715928125473	402.86701549850744	68.62280748142904	285.2091671474336	401.4946654740066	2.4787936514458275
12.657911106667687	1.5627896590317767	403.1676314901748	68.90176198338607	285.8213519853585	401.7923658011329	2.4803788232578206
12.659998509474574	1.5660980020239579	403.4676059901169	69.1807164853431	286.3487068924782	402.08955657195014	2.481958370575303
12.661575418301126	1.5693966342333319	403.76758049005906	69.45967098730013	286.8921954427084	402.38599156054255	2.483537917892785
12.662699217241059	1.572685564798125	404.06751019220155	69.73862548925715	287.4504050485483	402.6823081364004	2.485117010825606
12.663865061357665	1.5759648117115557	404.3668822989419	70.01757999121418	288.00423711768536	402.9786091881551	2.486690448061038
12.668816635751398	1.579234389856282	404.6662544056822	70.29653449317121	288.42162822010977	403.2735704838421	2.4882638852964702
12.666367604521506	1.5824943092550163	404.96562651242255	70.57548899512823	289.10044412960497	403.5698195662348	2.4898373225319017
12.66547091862972	1.585744583313632	405.2646744418319	70.85444349708526	289.7210330859057	403.8657238846696	2.491406429688128
12.668204440807461	1.5889852272137306	405.5636849897193	71.13339799904229	290.21047693480386	404.16058737290916	2.492975037534452
12.667752252132688	1.5922162537240718	405.86269553760667	71.41235250099933	290.8114037098448	404.45578898975447	2.494543645380776
12.670538458359246	1.5954376738008849	406.16162020117747	71.69130700295635	291.29424661068197	404.75026404908914	2.4961097320841503
12.671654860743041	1.5986495025574334	406.4605096266355	71.97026150491338	291.8342874952492	405.0450442559862	2.4976747843691007
12.672966384300118	1.6018517521923357	406.7593990520935	72.2492160068704	292.36564349013946	405.33947504675024	2.4992398366540507
12.67386906265043	1.605044432845516	407.0583497671181	72.52817050882744	292.9076067521583	405.63399032384297	2.5008037126439984
12.674871122147993	1.6082275587364112	407.3573583660068	72.80712501078446	293.44436342021805	405.92847284775695	2.5023664777026093
12.67850566299331	1.6114011441461817	407.65636696489554	73.08607951274149	293.8855379310962	406.2222480874527	2.5039292427612203
12.675893227744194	1.614565199270891	407.9554887731327	73.36503401469851	294.54389789817884	406.51741443343525	2.5054916857441523
12.67807512560037	1.6177197334716966	408.2548569590178	73.64398851665555	295.03126045086833	406.8114899100197	2.5070534277933767
12.679824146936072	1.6208647619513683	408.55422514490283	73.92294301861257	295.53034097356533	407.10573388217415	2.5086151698426016
12.680418508769575	1.6240002971437826	408.8536613404413	74.20189752056959	296.0670951875104	407.4002685043868	2.510176938903682
12.681915985774253	1.6271263478216202	409.153629901657	74.48085202252663	296.57039933279503	407.69458824035337	2.511738919408055
12.682404217422347	1.6302429250385349	409.4535984628727	74.75980652448366	297.1040651401862	407.98928946883984	2.5133008999124273
12.683719467221145	1.6333500438838218	409.75356702408845	75.0387610264407	297.6070448226322	408.283989191955	2.5148628804168
12.685145137350325	1.6364477139143323	410.054303480135	75.31771552839771	298.1029285870706	408.5786541942817	2.5164262278860843
12.690105466313971	1.6395359429473673	410.3551138335126	75.59667003035476	298.47306185881683	408.87259399271414	2.5179897069034074
12.686896739205036	1.6426147457147173	410.65592418689016	75.87562453231178	299.1238423044154	409.1689101416153	2.51955318592073
12.688021409394779	1.6456841369256145	410.95750881385584	76.1545790342688	299.6194969701938	409.46420867952725	2.521118635093287
12.688553881742566	1.6517946979778855	411.5612976920426	76.71248803818287	300.66232378331756	410.0559528144302	2.5242511100851948
12.695923371917102	1.6548359027285362	411.86388489072436	76.99144254013989	300.93575351547344	410.35057361754855	2.525819445238945
12.694732118635992	1.6578677242833684	412.16710682630526	77.27039704209692	301.4986106430629	410.64720819870047	2.527389702359316
12.6935073488919	1.6608901836318695	412.47032876188615	77.54935154405395	302.05784814770556	410.944572112682	2.5289599594796868
12.694683429655644	1.6639032940141782	412.7740815886505	77.82830604601098	302.53367408395064	411.24169536413547	2.530532000526789
12.694652311521226	1.6669070512442605	413.078875779157	78.10726054796801	303.0448607848207	411.5390977760712	2.5321075408156823
12.697214951283918	1.6699014737668152	413.3836699696634	78.38621504992503	303.4665621669912	411.83643797296145	2.5336830811045754
12.697932828202916	1.6728865760469767	413.6887626758225	78.66516955188207	303.94614058740035	412.13494681127844	2.535259696604415
12.70446969597868	1.6758623582696814	413.99537544533837	78.94412405383909	304.2291889971643	412.43202629294	2.5368417871563844
12.699808861735786	1.678828827383849	414.30198821485425	79.22307855579612	304.88062153996947	412.7321392377418	2.5384238777083534
12.701160295018342	1.6817860044534587	414.60860878065887	79.50203305775315	305.32791794388	413.0320077383984	2.5400059977678766
12.701018618645511	1.68473388995988	414.9172882218722	79.7809875597102	305.82284165694574	413.33223333071993	2.541595910301347
12.703281732807854	1.6876724885768466	415.22596766308544	80.05994206166721	306.23246447370093	413.6318531670622	2.5431858228348165
12.70456365133268	1.6906018196022827	415.5346471042987	80.33889656362425	306.6737134950745	413.93345340064474	2.5447757353682863
12.706760085052295	1.6935218881731333	415.84531647974893	80.61785106558126	307.0787877675403	414.23485161820327	2.546373463707253
12.706498052406232	1.696432691818763	416.156312639188	80.89680556753831	307.5629083097255	414.53685392446926	2.5479724755459707
12.707527984308893	1.6993342496629678	416.4673087986271	81.17576006949533	307.9988334689353	414.84007793260776	2.5495714873846884
12.70732431679085	1.702226574111174	416.78018541683986	81.45471457145234	308.47299191980505	415.14408047355926	2.5511780998062523
12.709762533344293	1.7051096519753373	417.09375045952225	81.73366907340937	308.8572265339914	415.44739569007004	2.5527874947547655
12.716913640594305	1.7079835075729846	417.4073155022046	82.0126235753664	309.09019071567496	415.75077270331707	2.5543968897032787
12.711699526720473	1.710848153107861	417.7226458364169	82.29157807732344	309.7110854882897	416.058315281467	2.5560135839898614
12.712708052721476	1.7137035736801607	418.03903418686394	82.57053257928045	310.13267837782587	416.36423523122687	2.5576346530882232
12.71326840471656	1.7165497933897562	418.355422537311	82.84948708123748	310.5625536799842	416.6712465884062	2.5592557221865855
12.714679114051146	1.719386816920722	418.673476831574	83.12844158319453	310.9648091852517	416.97956146297014	2.560883808044221
12.715835800808012	1.7222146401317238	418.992945287955	83.40739608515156	311.3691135881779	417.28792862504895	2.5625178501862518
12.716144448812821	1.7250332755599018	419.3124137443361	83.68635058710858	311.79902422716737	417.5971512128287	2.564151892328283
12.716436440761225	1.7278427432382861	419.6334883523061	83.96530508906562	312.22314661685266	417.90849905532446	2.5657928029258814
12.71871079675271	1.730643021814944	419.95629617027754	84.24425959102264	312.5860708016806	418.21929913610967	2.5674411253244362
12.719206200054524	1.7334341292042827	420.279103988249	84.52321409297967	312.9972382234832	418.53085302525466	2.569089447722991
12.720720012590618	1.736216085872088	420.60352362813217	84.80216859493669	313.3768705157711	418.8448548742123	2.5707447507487764
12.72157770498049	1.7389888683990657	420.92993257073823	85.08112309689372	313.77114706687144	419.1590191803893	2.5724086692305614
12.722487650410732	1.741752494023505	421.25634151334435	85.36007759885075	314.1624255413194	419.47315351402347	2.574072587712346
12.72256668928575	1.7445069834329223	421.58446141497694	85.63903210080777	314.57434788509727	419.79073536584366	2.575743995833082
12.723241028645715	1.7472523112337253	421.9147357647832	85.9179866027648	314.9661312379836	420.108188242586	2.577424834944689
12.725452301442377	1.7499884952795313	422.24501011458943	86.19694110472183	315.3089791533653	420.42519387124776	2.579105674056296
12.727774149714602	1.7527155547818025	422.5772180306001	86.47589560667886	315.64513516897466	420.74532688015717	2.5807950546455274
12.727594972696602	1.7554334621397607	422.911624560049	86.75485010863589	316.05450585655245	421.06651286183524	2.582494147551536
12.726029529221787	1.758142236871802	423.2460310894979	87.03380461059292	316.4990864903681	421.388079411331	2.584193240457545
12.734227575288376	1.7608418951165772	423.58274913825096	87.31275911254995	316.6556045108409	421.7100121824637	2.5859026244387757
12.730266241093881	1.763532410437956	423.9215570340637	87.59171361450699	317.1657696537745	422.0360498583717	2.5876213125920517
12.731931026475197	1.7662138011221473	424.2603649298766	87.870668116464	317.5089681437213	422.3604337202527	2.5893400007453278
12.732136462817927	1.7688860818024363	424.6020512335116	88.14962261842105	317.8917100102783	422.68853527361455	2.591071590375121
12.731807406956921	1.7715492221994054	424.9455319708275	88.42857712037807	318.286904579086	423.0175310121287	2.592811222938863
12.73229428841621	1.7742032460252632	425.2890127081434	88.70753162233508	318.6567744963011	423.3462667331032	2.594550855502606
12.734362463513046	1.7768481619112177	425.6361627845859	88.98648612429211	318.97705215623216	423.67806081542676	2.596307030897512
12.734498048574808	1.7794839382136205	425.9845899464356	89.26544062624914	319.3525824062872	424.01118913602255	2.598068963898228
12.747480248655611	1.782110608410928	426.33301710828533	89.54439512820618	319.35634235911203	424.34038113709	2.599830896898944
12.736354326344	1.7847280713757412	426.697999415102	89.8233496301632	320.04782315310104	424.68084632229755	2.6016739739034747
12.73829596099421	1.7873361817581659	427.06473930215526	90.10230413212022	320.3639857328036	425.0179169650037	2.603525665577204
12.737894620344008	1.7899349604423542	427.4356255454094	90.38125863407727	320.7432224771952	425.35567820959363	2.605397712923936
12.739797921770968	1.7925242086359403	427.8227115984201	90.6602131360343	321.0566922917101	425.6972009498354	2.607349289865842
12.746387288293903	1.7951038566847648	428.20979765143073	90.93916763799132	321.2341190523685	426.03748971772615	2.6093008668077484
12.741687542493887	1.7976738613152672	428.61147495941555	91.21812213994835	321.72841590410854	426.38209407969083	2.611324184055077
12.74255919574167	1.8002339794323825	429.02129732834294	91.49707664190538	322.0640149989008	426.7420452998983	2.6133875478344395
12.743461956989949	1.8027842130868514	429.43670842449006	91.77603114386241	322.39524927088365	427.101921976558	2.6154784281285806
12.744273806463314	1.8053243201932765	429.87210471292667	92.05498564581943	322.72854507380447	427.4675677698046	2.6176677070056864
12.745104574119676	1.8078542080294537	430.3075010013633	92.33394014777646	323.05778307427977	427.8472613544076	2.619856985882793
12.746048934394505	1.8103737124430617	430.76998240150436	92.61289464973349	323.3822004063014	428.22682051842213	2.6221797951733534
12.746632523489977	1.8128826120278485	431.2343567890119	92.89184915169052	323.7156206842418	428.62155413523385	2.624511936948433
12.747730894117902	1.8153807802020432	431.72491237500225	93.17080365364754	324.0307181664739	429.0231285947864	2.6269733101352686
12.748172367040027	1.8178679112780491	432.2223972072668	93.44975815560458	324.3634294747015	429.4300169272709	2.629468886350624
12.749548897344718	1.8203438514093515	432.7499479686474	93.7287126575616	324.66777654002664	429.8562563499011	2.6321130366104275
12.749953381213093	1.8228082456126726	433.2856273783464	94.00766715951863	324.99635523008453	430.2827298302646	2.634797355466116
12.75085682979451	1.8252608330373228	433.8624909390173	94.28662166147566	325.31036272548596	430.73363909019935	2.637685401834368
12.752207431333904	1.8277012554150671	434.45340882484555	94.56557616343271	325.60857387954826	431.1876875539127	2.640643021745459
12.752362116150376	1.8301290285390717	435.08626353123896	94.84453066538973	325.938042007115	431.66415209692894	2.6438082900233004
12.752129226354246	1.8325437655750836	435.75847855078143	95.12348516734676	326.27699717227006	432.1507831888618	2.6471686181501197
12.753216657246124	1.8349448045553216	436.46880021128686	95.40243966930377	326.5755777377671	432.6601038661683	2.6507178488648133
12.75545520181909	1.8373313909523827	437.24189954032903	95.68139417126082	326.8412009265154	433.18202274982957	2.654578433495628
12.755996686520827	1.8397026379402108	438.10081540718625	95.96034867321784	327.15166925261695	433.7357502435828	2.658864934194599
12.754637777235024	1.8420572828261614	439.0616357645297	96.23930317517487	327.5102837165925	434.3018265398121	2.6636574775786617
12.756609657348779	1.8443935142602492	440.17500123040395	96.51825767713188	327.7758052075139	434.9140947837339	2.6692079069532384
12.7571656695572	1.8467084209678484	441.58018547703927	96.79721217908893	328.0768817343015	435.5481417093004	2.676208992554526
12.759362955094117	1.8489955890803875	443.7780432945536	97.07616668104595	328.32825852911947	436.2191496422076	2.6871528567132157
12.758342796385945	1.850601270785304	636.8341627823031	97.35512118300298	328.57540100591274	436.76096736212037	3.6478035327745677
12.75849436148124	1.8507754220614216	915.7886647393036	97.63407568496	328.5950185035896	436.91326662622816	5.035448215131157
12.758476474591863	1.8505132245614864	1131.3226296734795	97.91303018691704	328.55965607904824	436.93901014319124	6.107340649906287
12.757672556348506	1.850077870825324	1133.9205926392676	98.19198468887407	328.52221702371764	436.9450052874153	6.120258262469892
12.756937402649463	1.8495744371615568	1135.4743329602468	98.47093919083109	328.473594484436	436.9659996554658	6.127982092499138
12.755660686578342	1.8490369141361052	1136.7278465374545	98.74989369278813	328.43517917258976	437.0055004292924	6.134212252697318
12.756016165231337	1.8484777292349368	1137.7937388947826	99.02884819474517	328.3490630770305	437.06144802612476	6.139508769483039
12.767273976842878	1.84790290150204	1138.7345716790603	99.30780269670218	327.9621967678931	437.1249854664695	6.144182814117032
12.754048982703333	1.8473158736007305	1139.5878845956404	99.58675719865921	328.2443719245246	437.22539643924483	6.1484211301515375
12.753712995276796	1.8467188440161708	1140.377569015689	99.86571170061625	328.1721150386189	437.330382673555	6.1523425913573115
12.752378888369206	1.8461133353765267	1141.1195547800182	100.14466620257328	328.12604407185734	437.4650904110694	6.156026480683014
12.751645876789121	1.845500447012347	1141.8169410349121	100.4236207045303	328.06252643892475	437.61458968227555	6.159488194516731
12.749516991092163	1.8448810645193539	1142.4686134827664	100.70257520648732	328.03631378535147	437.7802869938576	6.16272210923857
12.74956603454554	1.8442558704779461	1143.099162112685	100.98152970844436	327.9497079990465	437.95773309870845	6.165850737983409
12.74914761434683	1.843625421704971	1143.6969217597368	101.26048421040139	327.8745236748999	438.14921573432974	6.168815917734681
12.747898233571615	1.842990204339581	1144.270744281129	101.5394387123584	327.8216253376976	438.35847640366916	6.171661729739476
12.746762085637798	1.8423506146487738	1144.8286532850439	101.81839321431544	327.7650104695186	438.6075347266281	6.174428185486265
12.744264046629592	1.8417070120454888	1145.3589003133025	102.09734771627247	327.74538817306615	438.8725262372918	6.177056644180179
12.743533422176336	1.8410597032566678	1145.8819400044722	102.3763022182295	327.6765435442042	439.14864971322453	6.179649147695416
12.743732221437286	1.8404089653284155	1146.378376463078	102.65525672018653	327.5816468547375	439.4541183224271	6.182108880129722
12.741370553637775	1.8397550420460382	1146.870649113591	102.93421122214357	327.5568409655727	439.8093171806979	6.184547831882589
12.74121461505332	1.8390981620521738	1147.3406435400193	103.21316572410059	327.47090616781577	440.1752392138537	6.186875548276754
12.739494329879136	1.8384385215057417	1147.8055677099483	103.49212022605762	327.42765908628246	440.60302803860156	6.189177948837924
12.738493150627002	1.8377763103580795	1148.25475886792	103.77107472801464	327.3642772323024	441.07764134639433	6.191401757455648
12.737168336926588	1.8371116946222736	1148.6952133446946	104.05002922997168	327.30947352137315	441.62721190466425	6.1935819232695435
12.736088304359154	1.8364448381076288	1149.1279696558893	104.3289837319287	327.2476374266272	442.26094038140286	6.195723615040933
12.734373238147985	1.8357758794752816	1149.5464014088252	104.60793823388573	327.202970644662	443.10698796988476	6.1977937152548845
12.733513212922071	1.835104959640369	1149.9648331617611	104.88689273584275	327.13454227210883	444.32729021493304	6.199863815468835
12.731288780324093	1.8344322193566696	1150.3832649146968	105.16584723779978	327.1033458734604	519.283499570778	6.201932877338794
12.730983938467416	1.8337577819253608	1150.8016966676325	105.4448017397568	327.0184084569959	663.3196922395542	6.2040018660895395
12.729468952198134	1.833081766765325	1151.220128420568	105.72375624171383	326.9667629703086	845.5482072157656	6.206070280347347
12.728005318030714	1.8324042849277136	1151.6385601735035	106.00271074367086	326.9134899534124	1073.8882609472253	6.208138159125587
12.726653631690729	1.831725434852717	1152.056991926439	106.2816652456279	326.85692467609954	1132.9275773347845	6.210205927457351
12.724041182964031	1.8310453170887964	1152.4754236793747	106.56061974758492	326.8351132431192	1134.7306304514343	6.212272697750587
12.72348859628593	1.8303640216147687	1152.8938554323106	106.83957424954195	326.75606850118595	1136.0588834760513	6.214339468043821
12.722497871390898	1.8296816324101302	1153.312287185246	107.11852875149897	326.6890163428534	1137.1657747640081	6.216405485129592
12.720635129444874	1.8289982319131701	1153.7307189381818	107.39748325345602	326.64596869181764	1138.1428059965385	6.218471148422133
12.721632782598427	1.828313900360547	1154.1491506911173	107.67643775541303	326.5236232980881	1139.0144669289648	6.220536524419137
12.7179231489702	1.8276287077001296	1154.5675824440527	107.95539225737006	326.53143059372553	1139.829039106505	6.2226010821921225
12.71628247765373	1.826942723634327	1154.9860141969882	108.2343467593271	326.4818657081291	1140.5695519094018	6.224665639965108
12.714539663750907	1.8262560158906953	1155.404445949924	108.51330126128413	326.4350201866739	1141.271111403905	6.226729272498661
12.711772921876316	1.8255686453375148	1155.8228777028594	108.79225576324114	326.4163899070238	1141.9454560978406	6.228792726230056
12.711802186363279	1.8248806770872452	1156.241309455795	109.07121026519818	326.32035938457165	1142.5616714309397	6.23085572247817
12.71003414569041	1.8241921643568766	1156.6597412087306	109.3501647671552	326.27394417554996	1143.1651235157449	6.232918073642784
12.708821945851398	1.823503165171219	1157.078172961666	109.62911926911224	326.21179554793065	1143.7409856338525	6.234980424807398
12.707015681909688	1.8228137314890664	1157.4966047146017	109.90807377106927	326.16581349574864	1144.2930611595307	6.2370416853281405
12.706343880541265	1.8221239156075277	1157.9150364675374	110.1870282730263	326.08810098401426	1144.8292699365713	6.239102935397632
12.704620645004598	1.8214337660576085	1158.333468220473	110.46598277498333	326.03968906015746	1145.341760149058	6.241163564402591
12.702043326991577	1.8207433298092235	1158.7518999734084	110.74493727694036	326.01506055703544	1145.8492224783633	6.2432237148454774
12.70048708926589	1.8200526504608932	1159.1703317263439	111.02389177889738	325.9618931351841	1146.3306047158512	6.245283713974246
12.69854726735765	1.819361777386521	1159.5887634792794	111.30284628085441	325.919390879541	1146.8068140820587	6.247342766255916
12.695255856449865	1.818670745376862	1160.007195232215	111.58180078281144	325.9145523014856	1147.2681670261302	6.249401818537587
12.622310212160079	1.7912494887936141	1176.7444653496373	122.73998086109259	324.08297177511156	1163.5723780843596	6.331389452683118
12.53681627326637	1.765026945114506	1193.4817354670588	133.89816093937375	322.7105388977965	1179.7804176045106	6.412676103075307
12.444324656527042	1.7405546327986035	1210.2190055844803	145.0563410176549	321.7318939994769	1196.0046313359112	6.493282340734393
12.250943617631762	1.6974523449591388	1243.6935458193238	167.37270117421716	320.74654134682856	1228.4809902835443	6.652530393040286
12.150967748940056	1.6787941998978646	1260.4308159367456	178.53088125249832	320.74188292351573	1244.7335282945799	6.7312086524933505
12.053836552687423	1.6619485777127303	1277.1680860541671	189.68906133077948	320.90595940326244	1260.9838363524248	6.80927911924643
11.958586801994032	1.6467960706019067	1293.9053561715891	200.84724140906062	321.2584121758641	1277.2342273362665	6.886757725237009
11.861274541791783	1.633208142629111	1310.6426262890109	212.00542148734172	321.9170404142987	1293.4959040656056	6.96366023938684
11.76756086438234	1.6210546528375191	1327.3798964064329	223.16360156562288	322.68355711844873	1309.753209850569	7.04000141684286
11.674700564096051	1.6102084499676337	1344.1171665238542	234.32178164390402	323.6358032098329	1326.0139180390304	7.115794768260751
11.586107345649042	1.60054812129145	1360.8544366412762	245.47996172218518	324.6431084243061	1342.2673866281975	7.191054302001001
11.501578716129629	1.5919595605609356	1377.5917067586975	256.63814180046626	325.69693017747926	1358.51336081429	7.265792911770892
11.416154664149413	1.5843367498354761	1394.3289768761192	267.79632187874745	326.9556018483421	1374.7677518338924	7.340023038796427
11.333976893233181	1.5775820259540934	1411.066246993541	278.9545019570286	328.2633474662084	1391.0167754844488	7.413756133819473
11.255085785197574	1.5716060144401223	1427.803517110963	290.1126820353098	329.608115977966	1407.2596128534044	7.487004137402778
11.17899292026916	1.56632733699548	1444.5407872283847	301.2708621135909	330.99342535813383	1423.4973634938776	7.559778175838708
11.105203791046154	1.5616721987280302	1461.2780573458062	312.429042191872	332.42906293456684	1439.731341998467	7.632088108397383
11.033379520860624	1.5575738915229729	1478.0153274632275	323.58722227015323	333.91722129523885	1455.962450142277	7.703944855939891
10.96478623371536	1.553972273226435	1494.7525975806498	334.74540234843437	335.4010439672531	1472.1852005673104	7.775357938629285
10.898726623082785	1.5508132214575319	1511.4898676980715	345.9035824267155	336.8982252161125	1488.4017032306838	7.846336530779705
10.83257791597787	1.5480481129040415	1528.2271378154928	357.06176250499664	338.50045854194434	1504.6226599796541	7.91689007881401
10.771188255873536	1.5456333302264458	1544.9644079329155	368.21994258327777	340.0138219495759	1520.8269607538587	7.987027302350688
10.710939614430897	1.5435297726827875	1561.701678050337	379.37812266155896	341.5676164791746	1537.029618636277	8.056756660749965
10.652816993459503	1.5417024269398816	1578.438948167759	390.5363027398401	343.1170800190289	1553.2258953163252	8.126086363174602
10.596361558540673	1.540119953930523	1595.1762182851812	401.69448281812123	344.67268687858575	1569.4174737990102	8.195024378176363
10.542142549871627	1.5387543176464555	1611.913488402603	412.85266289640236	346.2041690490062	1585.6011865906464	8.263577869856832
10.488200552093122	1.5375804486602407	1628.6507585200247	424.01084297468344	347.78268129289444	1601.7863404249808	8.331754774935526
10.437025939455232	1.5365759364623461	1645.3880286374465	435.16902305296463	349.3000495789975	1617.9601677403375	8.399562236062243
10.388930234722373	1.5357207472943772	1662.1252987548685	446.32720313124577	350.73777718326767	1634.12016884724	8.467006696506834
10.295020181105723	1.5343886468406547	1695.5998389897115	468.64356328780804	353.6333416741707	1666.4335521244684	8.600834540865025
10.249873856186982	1.5338814547097883	1712.3371091071335	479.8017433660893	355.05442811870483	1682.5829420700834	8.667230345317886
10.206621601877414	1.5334626427800366	1729.074379224555	490.95992344437036	356.4221512635229	1698.7230571971054	8.73328916209059
10.164266062842621	1.5331208090607906	1745.8116493419766	502.1181035226515	357.7745431648458	1714.8593044975069	8.799016823740018
10.122500560159105	1.5328457778040716	1762.5489194593983	513.2762836009326	359.1210227575942	1730.9933936755795	8.864419015805147
10.083178380126581	1.5326284596291395	1779.2861895768199	524.4344636792138	360.3820517246347	1747.1138081031859	8.929501281612232
10.044689777013996	1.532460743402513	1796.0234596942416	535.5926437574949	361.62136199159926	1763.2295865725807	8.994269026888206
10.006850387645896	1.5323353881529438	1812.760729811664	546.7508238357761	362.84681000738266	1779.3421455346845	9.058727524191237
9.970551428836444	1.5322459389018905	1829.4979999290852	557.9090039140572	364.01498477377277	1795.4452656837952	9.122881917167055
9.94787561336387	1.532186635104832	1846.235270046507	569.0671839923383	364.6480207801316	1811.4552545275258	9.186737224639053
9.90008025756036	1.5321523465058053	1862.9725401639287	580.2253640706195	366.2899864501111	1827.6386679300124	9.250298344539795
9.871424685433515	1.5321385045673641	1879.7098102813509	591.3835441489007	367.1742145523914	1843.6890053133106	9.31356954626696
9.840137808892264	1.5321410348242184	1896.4470803987722	602.5417242271818	368.16835719785894	1859.757456749249	9.376555808578267
9.810634403293781	1.5321563240193687	1913.184350516194	613.699904305463	369.09546358865225	1875.812294087135	9.439261539288719
9.773485413025163	1.5321811573736674	1929.9216206336155	624.858084383744	370.32171049229635	1891.9250310313005	9.501690814628555
9.755826245679756	1.5322126811439265	1946.6588907510366	636.0162644620251	370.7956827397377	1907.8873189739404	9.563848140314754
9.717421536588885	1.5322483685594754	1963.3961608684592	647.1744445403064	372.0747538536559	1924.0110136254693	9.625737498798825
9.685739496084986	1.5322859812509986	1980.133430985881	658.3326246185874	373.09446416482496	1940.0826102801418	9.687362735544706
9.65249994613051	1.532323543508969	1996.8707011033027	669.4908046968686	374.17426696593503	1956.1677661650438	9.748728058441172
9.625562282456809	1.5323593157547273	2013.6079712207243	680.6489847751498	375.0143916812847	1972.20086973551	9.809837194228002
9.605054988551204	1.5323290338348605	2030.3452413381458	691.8071648534309	375.6131523141198	1988.1777975185319	9.870693557635686
9.570480552267325	1.5324195394663396	2047.082511455567	702.965344931712	376.7445244434803	2004.275887852264	9.931300987560672
9.544103725583028	1.5324414772931025	2063.8197815729886	714.1235250099932	377.5675514225781	2020.3026166831282	9.99166303586231
9.52181820153975	1.5324565519913966	2080.5570516904104	725.2817050882744	378.23938760969224	2036.2914904862103	10.051783127452449
9.49608383849518	1.5324638770889676	2097.294321807833	736.4398851665554	379.0417943876159	2052.310757035258	10.111664617476249
9.47083110421111	1.5324626886332626	2114.0315919252553	747.5980652448367	379.826464934616	2068.325026089694	10.171310793158133
9.449251403496678	1.5324523325136863	2130.768862042677	758.7562453231178	380.47432080069643	2084.3033121089825	10.230724875588008
9.42816647347147	1.5324322518583435	2147.506132160099	769.914425401399	381.1067076111346	2100.275064861172	10.289909992316597
9.40144375343132	1.532401979012105	2164.24340227752	781.07260547968	381.95080616314425	2116.3016200171623	10.348868960725182
9.37899794023667	1.5323611243069826	2180.9806723949423	792.2307855579612	382.63826632142957	2132.2849292192577	10.407605051904952
9.359013852499542	1.53230936932373	2197.717942512364	803.3889656362423	383.2325423468625	2148.241641714521	10.466121241257978
9.336070207471458	1.532246458259195	2214.4552126297854	814.5471457145234	383.9401421419736	2164.2278279061816	10.524420262635596
9.315272354301126	1.5321721918252367	2231.1924827472076	825.7053257928047	384.57076355497986	2180.190303182038	10.582504741952835
9.309241443010459	1.5320864208952079	2247.929752864628	836.8635058710857	384.6498368765202	2195.9897116285306	10.640377843604416
9.273560425798154	1.5319890417547053	2264.6670229820497	848.0216859493669	385.8383297527166	2212.112695486759	10.698041711570516
9.25707147374377	1.531879993033112	2281.4042930994706	859.1798660276481	386.3138758189643	2228.022742884751	10.755499482516802
9.238139946251028	1.531759240874437	2298.1415632168932	870.3380461059293	386.87912611452225	2243.9582514627728	10.812753234383313
9.214339107762004	1.5316267934745214	2314.8788333343145	881.4962261842104	387.6301430651314	2259.9491349082678	10.869805994352342
9.196176895442417	1.531482679912165	2331.616103451736	892.6544062624915	388.17340211178026	2275.8732374827073	10.926659631990434
9.177701152032002	1.531326958740136	2348.3533735691567	903.8125863407726	388.7276447160873	2291.7993753841088	10.983316993951382
9.160513078610554	1.531034107286343	2365.0906436865794	914.9707664190539	389.2370036949279	2307.708133365507	11.0397804327401
9.141549999731904	1.5309810217606894	2381.8279138039998	926.128946497335	389.81485672947224	2323.637100452783	11.096051886436848
9.12881138082423	1.5307910182520943	2398.5651839214215	937.2871265756161	390.15864735075104	2339.485855986483	11.152133880774011
9.106690563321221	1.5305898252413628	2415.3024540388433	948.4453066538972	390.8612103031603	2355.4520439828075	11.208028658805787
9.094638831303685	1.530377584970856	2432.039724156265	959.6034867321786	391.1808788720789	2371.2865720792083	11.26373836081565
9.072943020359837	1.5301544502765128	2448.776994273686	970.7616668104596	391.8727822248957	2387.24570762086	11.319265091357455
9.062341194347573	1.5299205842380494	2465.514264391107	981.9198468887407	392.13950552803703	2403.0552040597418	11.374610920030843
9.040246986259142	1.529676157725746	2482.2515345085294	993.0780269670219	392.85197241957314	2419.018204240145	11.429777882236015
9.02366939720594	1.5294213479761187	2498.988804625952	1004.236207045303	393.35301643209897	2434.9049932270846	11.484767979908579
9.0166464750255	1.529156337802471	2515.726074743374	1015.3943871235842	393.48578196392714	2450.655069224828	11.53958318223503
8.99378621944161	1.5288813163672268	2532.463344860795	1026.552567201865	394.2358811907344	2466.626981407864	11.594225426349523
8.980869034994047	1.5285964745364249	2549.2006149782183	1037.7107472801463	394.6018473037801	2482.455276241894	11.648696618012497
8.962746833398645	1.5283020080635734	2565.93788509564	1048.8689273584273	395.17215467248235	2498.357601698048	11.70299863227166
8.95041199925135	1.527998113692113	2582.675155213062	1060.0271074367085	395.5186062251494	2514.1725272495173	11.757133314105955
8.933887629035663	1.5276849885285022	2599.4124253304835	1071.1852875149898	396.0310535964668	2530.0481686855815	11.811102479052984
8.923731018682595	1.5273628345501775	2616.149695447905	1082.3434675932708	396.293394160009	2545.824370598704	11.864907887960735
8.905377471909006	1.5270318480732887	2632.8869655653266	1093.501647671552	396.88436895674073	2561.725057969856	11.91855097195551
8.890940689516782	1.5266922317178484	2649.6242356827483	1104.659827749833	397.3220231147602	2577.563362837311	11.972033773959105
8.879668110279935	1.5263441844617949	2666.36150580017	1115.8180078281143	397.63324951828594	2593.3488695832048	12.025357998739711
8.86781409372882	1.5259879032929788	2683.0987759175914	1126.9761879063956	397.9691957239665	2609.1406622442123	12.078524917753025
8.85325168544679	1.525623587211567	2699.836046035013	1138.1343679846766	398.4181936879359	2624.974420169217	12.131536452695338
8.840542017267628	1.5252514319373367	2716.573316152434	1149.2925480629576	398.7923994815139	2640.775485047874	12.184394164789529
8.82444803914903	1.5248716291685018	2733.3105862698567	1160.450728141239	399.3095599192667	2656.6317600257084	12.237099364134474
8.811275155132481	1.5244843730259015	2750.0478563872784	1171.6089082195201	399.7075590068649	2672.436909424911	12.289653958024571
8.80871162394316	1.5240883172401365	2766.7851265046997	1182.7670882978011	399.666003044378	2688.054538112573	12.342058989250214
8.78733478996787	1.523688258312776	2783.5223966221215	1193.9252683760824	400.4110467546462	2703.998573823568	12.394316378113482
8.774236030968522	1.5232797717060125	2800.259666739544	1205.0834484543634	400.81272370561044	2719.7959158033304	12.446427229026567
8.762869176686134	1.5228645767756626	2816.996936856965	1216.2416285326447	401.14404768483587	2735.5598826104883	12.498393157076636
8.739076793971106	1.5220147796517525	2850.4714770918094	1238.557988689207	401.856095334268	2767.0996790993495	12.601895691336207
8.725076022153823	1.5215805281731871	2867.208747209231	1249.716168767488	402.30619534638777	2782.905898672454	12.6534350479283
8.719309321833261	1.5211402711901276	2883.946017326653	1260.8743488457694	402.40241229657687	2798.553267361145	12.704835010899282
8.713430298872726	1.5206941763092345	2900.6832874440747	1272.0325289240504	402.50310076425643	2814.19758959128	12.756096574830057
8.695804972964865	1.5202424089518267	2917.420557561496	1283.1907090023315	403.11737080101676	2830.0676133866427	12.807221284942102
8.679932733382799	1.5197851328756602	2934.157827678917	1294.3488890806127	403.6592751973596	2845.903464382026	12.858210430673555
8.668893032213061	1.519322505697438	2950.895097796338	1305.5070691588937	403.99188549847514	2861.6419980237797	12.909065241616583
8.669054882222408	1.5188546843739223	2967.6323679137604	1316.665249237175	403.82753155342124	2877.149793882405	12.959786931063435
8.651072590999226	1.518365541544843	2984.3696380311812	1327.8234293154562	404.4717365797216	2893.0241209985174	13.010376599834835
8.640754209587277	1.5179040677108668	3001.1069081486016	1338.9816093937372	404.7767592534588	2908.7395360964947	13.060835505652657
8.628235004988753	1.5174215698047473	3017.844178266024	1350.1397894720183	405.18326984870373	2924.49888001582	13.111164868648356
8.614839645734584	1.5169344715164756	3034.5814483834456	1361.2979695502997	405.6327149310178	2940.275529214786	13.161365838990926
8.605194736421916	1.5164429142553881	3051.318718500868	1372.4561496285808	405.9137122941581	2955.970084205879	13.211439551911255
8.594116708178156	1.5158818895046564	3068.0559886182878	1383.6143297068618	406.2623842242923	2971.6932343634116	13.261387127954716
8.590243421581755	1.5154469714035954	3084.79325873571	1394.772509785143	406.27927139673756	2987.2546889078926	13.311209673228477
8.574354888518291	1.5149428533800544	3101.5305288531317	1405.930689863424	406.85519447911497	3003.079900129024	13.360908279643702
8.569368468657608	1.5144348101071314	3118.267798970554	1417.0888699417053	406.9246979594066	3018.658369782339	13.410484025152808
8.56026593517258	1.5139229683197957	3135.0050690879757	1428.2470500199865	407.187804617139	3034.3262441358665	13.45993795862695
8.545628313062753	1.5134074525906298	3151.742339205398	1439.4052300982676	407.7150028335998	3050.11978144927	13.509270997101428
8.53347427688556	1.5127609060342226	3168.479609322819	1450.5634101765488	408.128592565432	3065.855104708747	13.558484298870555
8.525983488604453	1.5123658766664703	3185.21687944024	1461.72159025483	408.32114334040926	3081.4785806529903	13.60757888889012
8.517055667217935	1.5118400506881584	3201.9541495576623	1472.879770333111	408.5839148869868	3097.1329761991456	13.656555779261382
8.508149163718814	1.5113110171901203	3218.6914196750845	1484.0379504113923	408.8471825149036	3112.7840829611646	13.705415969441074
8.500837960028038	1.5107788854582969	3235.428689792506	1495.1961304896734	409.0343744799163	3128.3932668048365	13.754160243067023
8.491707162499772	1.5102437638569999	3252.165959909928	1506.3543105679544	409.31174379182437	3144.0440675288123	13.80278965167575
8.479959363144559	1.5096647324060455	3268.90323002735	1517.5124906462356	409.7201347049629	3159.7580373728842	13.851305259651733
8.480383975430353	1.5091649699443659	3285.640500144772	1528.6706707245164	409.52733814580597	3175.161898242569	13.899707948394123
8.46349849601931	1.5086214996582226	3302.377770262194	1539.828850802798	410.19572369417386	3191.0023674270346	13.947998389617705
8.45724779969237	1.508075444918963	3319.115040379617	1550.9870308810791	410.33592718620696	3206.568786016445	13.996177826077869
8.445669427569497	1.5075269011237253	3335.8523104970377	1562.14521095936	410.7457472178318	3222.270929384466	14.04424699658965
8.442879971902839	1.506975962963417	3352.5895806144595	1573.3033910376412	410.71224403732566	3237.739158514953	14.092206683063747
8.43001575259146	1.5064227208715402	3369.3268507318808	1584.4615711159224	411.1928492324658	3253.4714365091977	14.140058061729482
8.424144463525169	1.5058672626838392	3386.0641208493025	1595.6197511942034	411.317559542382	3269.0142450132766	14.187801501454656
8.414385224574515	1.5053096757475966	3402.8013909667247	1606.7779312724847	411.6433933288206	3284.6593659190626	14.235438357874328
8.404484007713457	1.5047500445315427	3419.5386610841465	1617.936111350766	411.9799678326542	3300.306599998461	14.282969035395238
8.407306507909936	1.5041884517849016	3436.2759312015687	1629.094291429047	411.6536548751608	3315.596588468499	14.330394738757246
8.39173587488752	1.5036249777094064	3453.01320131899	1640.2524715073282	412.2890364992644	3331.396971943593	14.377715885751188
8.381038770010573	1.503059700881042	3469.7504714364113	1651.4106515856095	412.67287842778927	3347.0599530618542	14.424933713260751
8.37183674706433	1.5024926985945775	3486.4877415538335	1662.5688316638903	412.98161869032083	3362.6787631643274	14.472048504624341
8.37126110869356	1.5019240455137401	3503.2250116712557	1673.7270117421715	412.830178438238	3378.044566545999	14.519061489668022
8.047449778118082	1.4726046494618048	4340.088517542345	2231.6360156562287	422.54598028957395	4151.006835653436	16.754376279354826
