28.382674912641598	0.08186168569606778	35.01889990375193	0.11158180078281144	0.21926186974739212	29.42314902622758	0.2294761402266479
27.641770240697547	0.08321373215704085	56.00181385488425	0.22316360156562287	0.16964892259207845	45.838738242152175	0.36638318336958964
26.83433892584748	0.08412053650494968	72.04827648580353	0.33474540234843436	0.14312977282693629	59.51381247828058	0.4708744562489539
26.655930269292238	0.08653140692622104	81.10687321179608	0.44632720313124574	0.11056400213515243	70.98732377518685	0.5297225169962301
25.816045958412317	0.08964351049144294	90.14122176324858	0.5579090039140573	0.09426161745451377	78.92916323992486	0.5884123560085507
25.510632233044056	0.09351022418067965	97.0036548044586	0.6694908046968687	0.07703501150416726	86.10946335922631	0.6325701430208444
24.865723215220463	0.09808744128249584	101.25525164665608	0.7810726054796802	0.06441478610460978	94.30146334271618	0.6592591071306456
24.363387806718706	0.10347096747597125	105.50684848885356	0.8926544062624915	0.05173119779557157	98.66426263710478	0.6859480712404469
23.71699265879324	0.10924524599950719	109.75844533105104	1.004236207045303	0.045385242815485956	102.71746229944176	0.7126370353502481
12.790508200417223	0.5526437528422838	245.1184020096942	11.158180078281145	108.24941371527719	242.56514105840452	1.5639839105109101
12.741844988683567	0.5871555111555989	253.65404261951434	12.273998086109259	117.50875010195774	251.0689532292167	1.6161407903683724
12.703093518621078	0.6199291074439531	261.7296876054994	13.389816093937375	125.85018533037763	259.1086625237894	1.6652807548923627
12.673870060804246	0.6511410717392117	269.4055962745393	14.505634101765487	131.68568792249943	266.74817204637486	1.7117993338468043
12.649050694321803	0.6809410051343897	276.72287937272495	15.621452109593601	137.20306003060705	274.0332163034561	1.7559712092779407
12.638971559768402	0.7094612567635955	283.69870404461176	16.73727011742172	142.17221895081167	280.9830511068824	1.7979216311163295
12.623873044969306	0.7368252430033018	290.3264756886116	17.853088125249833	147.07696947749466	287.610185794187	1.8376317821389079
12.600631528880603	0.7631549914313146	296.5716568394774	18.968906133077947	151.9751716651829	293.89426702747585	1.8749153030271155
12.589731016760224	0.7885774509434988	302.37346995694344	20.084724140906058	156.3914754908005	299.77770726560766	1.9094300248894451
12.576964650428856	0.813221882641108	307.6977800217818	21.200542148734172	160.71336166173728	305.21883451969086	1.9409954673559573
12.570265083236668	0.8372084305606754	312.5548311003268	22.316360156562286	164.7687886265924	310.20209391619466	1.9696941581087066
12.572861913941608	0.8606367865296405	316.9984994001083	23.4321781643904	168.49198743998335	314.7563998666357	1.995863315072614
12.555355391952354	0.8835802784123964	321.11246882335183	24.547996172218518	172.6671342459176	318.9610736518758	2.020012427524096
12.552586668515302	0.9060872279487413	324.97287906137774	25.663814180046632	176.39579567776644	322.8812256958583	2.0425998459960533
12.549303360794479	0.9281868800742319	328.64772908651815	26.779632187874743	180.08381759946494	326.58826436462635	2.06403412644212
12.547029355665046	0.9498960174825601	332.18020221677125	27.89545019570286	183.69401065141875	330.1367309646492	2.0845736169209217
12.549846986522324	0.9712245392010899	335.5982255806876	29.011268203530975	187.1171428062381	333.55972908762607	2.1043861706555105
12.541879842619874	0.9921794552440616	338.9166332901087	30.12708621135909	190.79417534865402	336.883362415041	2.123562600602054
12.541851623953152	1.0127675080659044	342.14054098195624	31.242904219187203	194.20553382854922	340.11169575241763	2.1421370079781914
12.540451557683788	1.0329967019400024	345.26897586087966	32.35872222701532	197.59985520610675	343.24823309017006	2.160108333654557
12.54794642716364	1.052876953245705	348.2934906048384	33.47454023484344	200.68296994274357	346.2879625227379	2.1774307504241994
12.550264790066533	1.0724201724174003	351.210670664623	34.590358242671556	203.86132557500414	349.22830420978073	2.194090618878463
12.545960590642697	1.0916398850196187	354.0134116692692	35.70617625049967	207.1846714453883	352.06484395029605	2.210051092885248
12.546458091755477	1.1105506904133053	356.69639673979367	36.82199425832778	210.32396229378122	354.78794887674593	2.2252858323402576
12.5468537442063	1.1291675848027425	359.2598072956073	37.937812266155895	213.42545230099563	357.39553768487303	2.2398008335536086
12.549732008290807	1.1475053415867196	361.7032782267105	39.053630273984005	216.41523699265278	359.88639815880884	2.253597754807214
12.551405279787563	1.1655780499041453	364.03298968856814	40.169448281812116	219.4062795923648	362.26468099343913	2.2667164136772837
12.558740718264321	1.1833988499448942	366.2544771961141	41.28526628964023	222.1916947877873	364.53312101731103	2.27919180247867
12.560058823171868	1.200979584575236	368.3723492162662	42.401084297468344	225.13025443811827	366.6968121538377	2.291052772256226
12.563009157007457	1.2183309544401535	370.3945062881371	43.51690230529646	227.99060166113577	368.76357774085784	2.30234711811895
12.566130400776824	1.2354623165346452	372.32977450712104	44.63272031312458	230.81955176279334	370.74062040449684	2.3131276296906176
12.56964265528042	1.2523818949893888	374.18470846904665	45.7485383209527	233.61137006091303	372.63384834342173	2.3234333070653297
12.57595388247614	1.2690968389724635	375.9661085932601	46.86435632878081	236.29105617781642	374.44910518437734	2.333304347113423
12.576834708017715	1.2856133438276007	377.6807841326737	47.980174336608926	239.12075181763444	376.19507180021907	2.342780804752391
12.583391473116663	1.30193676925473	379.3353523431716	49.095992344437036	241.74709169037502	377.8756664603081	2.3519014682303516
12.584308680430219	1.3180717656828473	380.936078147139	50.211810352265154	244.53465522373617	379.5000138255667	2.3607029707657965
12.586965572167815	1.3340223704641796	382.48624769484627	51.327628360093264	247.24045621033315	381.07241836383594	2.369204206513878
12.593317032956925	1.34979203171475	383.99094137104214	52.44344636792138	249.80042066518504	382.5974580320199	2.377434627335955
12.597410093219263	1.3653838373065095	385.4574652488782	53.559264375749486	252.41089292460313	384.0769883583978	2.385437058826325
12.604747967283995	1.3808004828862888	386.88526062837286	54.6750823835776	254.88930609122013	385.5193815227823	2.393207279747515
12.604988094095834	1.3960442962561939	388.28205340026153	55.79090039140572	257.5833133428908	386.9267196260726	2.400790724825697
12.604988094095834	1.3960442962561939	388.28205340026153	55.79090039140572	257.5833133428908	386.9267196260726	2.400790724825697
12.606341871655834	1.3998285140503122	388.62560388992966	56.06985489336274	258.2094142960993	387.27441297411394	2.402652426041103
12.606879975490108	1.4036020893810666	388.9691543795978	56.348809395319776	258.86186079950977	387.6180178147347	2.404514127256509
12.608997209186537	1.4073650398382642	389.3092460178832	56.6277638972768	259.45970749745436	387.9612809916932	2.4063548026499553
12.609273845875853	1.4111174390715293	389.64811616552146	56.90671839923384	260.1186828720764	388.3025449393451	2.4081880527909028
12.611075076403301	1.414859270301122	389.98693508958297	57.185672901190856	260.72417277794744	388.64099404152404	2.4100209900440475
12.611987170329952	1.4185905794910074	390.3213971290051	57.464627403147894	261.35834162387465	388.9796338824216	2.4118273142383533
12.613220682762336	1.4223114129678267	390.6558591684272	57.74358190510491	261.9804252581172	389.3146717251294	2.413633638432659
12.61660595432875	1.42602175272206	390.9893132638223	58.02253640706195	262.5280684966391	389.64816516290205	2.4154337715539547
12.615525926961634	1.4297216639803014	391.3196370570143	58.301490909018966	263.22612969201106	389.98261814606815	2.417214677487069
12.615991196489993	1.4334111652602954	391.64996085020636	58.580445410976004	263.87004501494346	390.31239809123514	2.4189955834201835
12.622647894431944	1.4370902503809329	391.9785969112701	58.859399912933036	264.3007145147694	390.6408470717193	2.4207660562565834
12.62077806111132	1.4407589859813332	392.30504983083335	59.13835441489007	265.0223512483002	390.9703470082013	2.4225230335115264
12.620113010956864	1.4444173759793721	392.63150275039663	59.41730891684709	265.70108926622567	391.2962764374479	2.4242800107664686
12.620802492371373	1.448065424676069	392.9558273330506	59.69626341880411	266.3318197287311	391.6219165111046	2.4260237333001684
12.620604075808604	1.4517031939548681	393.27867419404487	59.975217920761146	266.9920421774262	391.94644081699823	2.4277582529728985
12.623543876113223	1.4553306798427181	393.6015210550392	60.25417242271817	267.5429803860239	392.26778624482836	2.4294927726456286
12.624320922179209	1.458947898053895	393.92200192986	60.53312692467521	268.1667442487907	392.58958625361083	2.431212429756095
12.6255914736316	1.4625548995118354	394.24150496681034	60.812081426632226	268.7718326705094	392.90966803134694	2.432925944321691
12.626548376453806	1.466151679411102	394.5610080037607	61.091035928589264	269.3866693246198	393.227870792118	2.4346394588872866
12.627730589414782	1.46973825518566	394.8780758260635	61.36999043054628	269.99258076893625	393.54602392516756	2.436337520266725
12.629178041707517	1.4733146755331676	395.1944947110226	61.64894493250332	270.58727282410223	393.8623765076701	2.4380314636725844
12.629773210582275	1.4768809326060268	395.5109135959817	61.927899434460336	271.21021395072546	394.17735153960484	2.439725407078444
12.631806506889257	1.4804370506257325	395.82496375616637	62.206853936417374	271.7819521861422	394.49201952090584	2.441404138089287
12.63248813983187	1.4839830675386425	396.13855565388286	62.4858084383744	272.39953949451495	394.8052463526811	2.443079926052562
12.635650869327264	1.4875189801544133	396.4521475515993	62.76476294033144	272.9281551940778	395.11662881533556	2.4447557140158374
12.635403461305268	1.4910448080831868	396.76354217341384	63.043717442288454	273.57493682847	395.4287294583532	2.446417187304375
12.636149731489732	1.4945605909238697	397.0745618298326	63.32267194424548	274.18581459488223	395.73902405599836	2.448076217791955
12.637305869904845	1.498066326161599	397.38558148625134	63.60162644620251	274.7805596955467	396.04803452543075	2.449735248279535
12.63853092156323	1.5015620308119308	397.69465154487773	63.88058094815954	275.37111987371014	396.3570260776864	2.451381355984308
12.639240022277264	1.5050477418185944	398.00335140539033	64.15953545011656	275.97864080772945	396.66474449292247	2.45302500985484
12.640383671145457	1.5085234594843009	398.3120512659028	64.4384899520736	276.5697365256492	396.9712110080147	2.4546686637253714
12.641351757074165	1.5119891967439012	398.6190988018067	64.71744445403063	277.1645735109719	397.2777098302939	2.456301130142157
12.643971189270678	1.5154449897507178	398.9257291558621	64.99639895598766	277.69997399887177	397.582744227958	2.457930771930774
12.64380293437276	1.5188908402431058	399.23235950991756	65.27535345794469	278.33243006148433	397.8871900785791	2.4595604137193923
12.645216839315207	1.522326763832673	399.537659918174	65.5543079599017	278.90713095228296	398.1912943601099	2.4611808083062106
12.646100986168209	1.525752789756676	399.84246906705374	65.83326246185874	279.49873348610896	398.49469494828105	2.4627977871338333
12.647349226387297	1.5291689239364736	400.14727821593345	66.11221696381577	280.07623165502906	398.79678673276385	2.464414765961456
12.648528777010016	1.5325751755825083	400.45108259421517	66.3911714657728	280.654583755046	399.09888714053994	2.4660245165868653
12.651794346818777	1.5359715768247209	400.75431703896186	66.67012596772985	281.15659993189234	399.40002685027997	2.467630167177055
12.648591890536869	1.5393581347184186	401.0575514837086	66.94908046968686	281.8865933345465	399.7012607059814	2.469235817767245
12.652419929682406	1.5427348559899488	401.36008902527215	67.2280349716439	282.36616971027087	400.0009818669249	2.470836224123156
12.653294258404262	1.5461017723754158	401.6619936719374	67.50698947360091	282.9476238729903	400.30110797085985	2.4724318679106063
12.654253462028079	1.5494588854091607	401.96389831860273	67.78594397555796	283.524720924144	400.5998823866342	2.474027511698057
12.660546981258445	1.5528062190397927	402.2653787394322	68.06489847751497	283.91070410179793	400.89749919502003	2.4756197588143616
12.656510486711333	1.5561437815909838	402.56619711896985	68.34385297947202	284.66156753677154	401.1973436638936	2.477206705130095
12.658139774561295	1.5594715928125473	402.86701549850744	68.62280748142904	285.2091671474336	401.4946654740066	2.4787936514458275
12.657911106667687	1.5627896590317767	403.1676314901748	68.90176198338607	285.8213519853585	401.7923658011329	2.4803788232578206
12.659998509474574	1.5660980020239579	403.4676059901169	69.1807164853431	286.3487068924782	402.08955657195014	2.481958370575303
12.661575418301126	1.5693966342333319	403.76758049005906	69.45967098730013	286.8921954427084	402.38599156054255	2.483537917892785
12.662699217241059	1.572685564798125	404.06751019220155	69.73862548925715	287.4504050485483	402.6823081364004	2.485117010825606
12.663865061357665	1.5759648117115557	404.3668822989419	70.01757999121418	288.00423711768536	402.9786091881551	2.486690448061038
12.668816635751398	1.579234389856282	404.6662544056822	70.29653449317121	288.42162822010977	403.2735704838421	2.4882638852964702
12.666367604521506	1.5824943092550163	404.96562651242255	70.57548899512823	289.10044412960497	403.5698195662348	2.4898373225319017
12.66547091862972	1.585744583313632	405.2646744418319	70.85444349708526	289.7210330859057	403.8657238846696	2.491406429688128
12.668204440807461	1.5889852272137306	405.5636849897193	71.13339799904229	290.21047693480386	404.16058737290916	2.492975037534452
12.667752252132688	1.5922162537240718	405.86269553760667	71.41235250099933	290.8114037098448	404.45578898975447	2.494543645380776
12.670538458359246	1.5954376738008849	406.16162020117747	71.69130700295635	291.29424661068197	404.75026404908914	2.4961097320841503
12.671654860743041	1.5986495025574334	406.4605096266355	71.97026150491338	291.8342874952492	405.0450442559862	2.4976747843691007
12.672966384300118	1.6018517521923357	406.7593990520935	72.2492160068704	292.36564349013946	405.33947504675024	2.4992398366540507
12.67386906265043	1.605044432845516	407.0583497671181	72.52817050882744	292.9076067521583	405.63399032384297	2.5008037126439984
12.674871122147993	1.6082275587364112	407.3573583660068	72.80712501078446	293.44436342021805	405.92847284775695	2.5023664777026093
12.67850566299331	1.6114011441461817	407.65636696489554	73.08607951274149	293.8855379310962	406.2222480874527	2.5039292427612203
12.675893227744194	1.614565199270891	407.9554887731327	73.36503401469851	294.54389789817884	406.51741443343525	2.5054916857441523
12.67807512560037	1.6177197334716966	408.2548569590178	73.64398851665555	295.03126045086833	406.8114899100197	2.5070534277933767
12.679824146936072	1.6208647619513683	408.55422514490283	73.92294301861257	295.53034097356533	407.10573388217415	2.5086151698426016
12.680418508769575	1.6240002971437826	408.8536613404413	74.20189752056959	296.0670951875104	407.4002685043868	2.510176938903682
12.681915985774253	1.6271263478216202	409.153629901657	74.48085202252663	296.57039933279503	407.69458824035337	2.511738919408055
12.682404217422347	1.6302429250385349	409.4535984628727	74.75980652448366	297.1040651401862	407.98928946883984	2.5133008999124273
12.683719467221145	1.6333500438838218	409.75356702408845	75.0387610264407	297.6070448226322	408.283989191955	2.5148628804168
12.685145137350325	1.6364477139143323	410.054303480135	75.31771552839771	298.1029285870706	408.5786541942817	2.5164262278860843
12.690105466313971	1.6395359429473673	410.3551138335126	75.59667003035476	298.47306185881683	408.87259399271414	2.5179897069034074
12.686896739205036	1.6426147457147173	410.65592418689016	75.87562453231178	299.1238423044154	409.1689101416153	2.51955318592073
12.688021409394779	1.6456841369256145	410.95750881385584	76.1545790342688	299.6194969701938	409.46420867952725	2.521118635093287
12.688553881742566	1.6517946979778855	411.5612976920426	76.71248803818287	300.66232378331756	410.0559528144302	2.5242511100851948
12.695923371917102	1.6548359027285362	411.86388489072436	76.99144254013989	300.93575351547344	410.35057361754855	2.525819445238945
12.694732118635992	1.6578677242833684	412.16710682630526	77.27039704209692	301.4986106430629	410.64720819870047	2.527389702359316
12.6935073488919	1.6608901836318695	412.47032876188615	77.54935154405395	302.05784814770556	410.944572112682	2.5289599594796868
12.694683429655644	1.6639032940141782	412.7740815886505	77.82830604601098	302.53367408395064	411.24169536413547	2.530532000526789
12.694652311521226	1.6669070512442605	413.078875779157	78.10726054796801	303.0448607848207	411.5390977760712	2.5321075408156823
12.697214951283918	1.6699014737668152	413.3836699696634	78.38621504992503	303.4665621669912	411.83643797296145	2.5336830811045754
12.697932828202916	1.6728865760469767	413.6887626758225	78.66516955188207	303.94614058740035	412.13494681127844	2.535259696604415
12.70446969597868	1.6758623582696814	413.99537544533837	78.94412405383909	304.2291889971643	412.43202629294	2.5368417871563844
12.699808861735786	1.678828827383849	414.30198821485425	79.22307855579612	304.88062153996947	412.7321392377418	2.5384238777083534
12.701160295018342	1.6817860044534587	414.60860878065887	79.50203305775315	305.32791794388	413.0320077383984	2.5400059977678766
12.701018618645511	1.68473388995988	414.9172882218722	79.7809875597102	305.82284165694574	413.33223333071993	2.541595910301347
12.703281732807854	1.6876724885768466	415.22596766308544	80.05994206166721	306.23246447370093	413.6318531670622	2.5431858228348165
12.70456365133268	1.6906018196022827	415.5346471042987	80.33889656362425	306.6737134950745	413.93345340064474	2.5447757353682863
12.706760085052295	1.6935218881731333	415.84531647974893	80.61785106558126	307.0787877675403	414.23485161820327	2.546373463707253
12.706498052406232	1.696432691818763	416.156312639188	80.89680556753831	307.5629083097255	414.53685392446926	2.5479724755459707
12.707527984308893	1.6993342496629678	416.4673087986271	81.17576006949533	307.9988334689353	414.84007793260776	2.5495714873846884
12.70732431679085	1.702226574111174	416.78018541683986	81.45471457145234	308.47299191980505	415.14408047355926	2.5511780998062523
12.709762533344293	1.7051096519753373	417.09375045952225	81.73366907340937	308.8572265339914	415.44739569007004	2.5527874947547655
12.716913640594305	1.7079835075729846	417.4073155022046	82.0126235753664	309.09019071567496	415.75077270331707	2.5543968897032787
12.711699526720473	1.710848153107861	417.7226458364169	82.29157807732344	309.7110854882897	416.058315281467	2.5560135839898614
12.712708052721476	1.7137035736801607	418.03903418686394	82.57053257928045	310.13267837782587	416.36423523122687	2.5576346530882232
12.71326840471656	1.7165497933897562	418.355422537311	82.84948708123748	310.5625536799842	416.6712465884062	2.5592557221865855
12.714679114051146	1.719386816920722	418.673476831574	83.12844158319453	310.9648091852517	416.97956146297014	2.560883808044221
12.715835800808012	1.7222146401317238	418.992945287955	83.40739608515156	311.3691135881779	417.28792862504895	2.5625178501862518
12.716144448812821	1.7250332755599018	419.3124137443361	83.68635058710858	311.79902422716737	417.5971512128287	2.564151892328283
12.716436440761225	1.7278427432382861	419.6334883523061	83.96530508906562	312.22314661685266	417.90849905532446	2.5657928029258814
12.71871079675271	1.730643021814944	419.95629617027754	84.24425959102264	312.5860708016806	418.21929913610967	2.5674411253244362
12.719206200054524	1.7334341292042827	420.279103988249	84.52321409297967	312.9972382234832	418.53085302525466	2.569089447722991
12.720720012590618	1.736216085872088	420.60352362813217	84.80216859493669	313.3768705157711	418.8448548742123	2.5707447507487764
12.72157770498049	1.7389888683990657	420.92993257073823	85.08112309689372	313.77114706687144	419.1590191803893	2.5724086692305614
12.722487650410732	1.741752494023505	421.25634151334435	85.36007759885075	314.1624255413194	419.47315351402347	2.574072587712346
12.72256668928575	1.7445069834329223	421.58446141497694	85.63903210080777	314.57434788509727	419.79073536584366	2.575743995833082
12.723241028645715	1.7472523112337253	421.9147357647832	85.9179866027648	314.9661312379836	420.108188242586	2.577424834944689
12.725452301442377	1.7499884952795313	422.24501011458943	86.19694110472183	315.3089791533653	420.42519387124776	2.579105674056296
12.727774149714602	1.7527155547818025	422.5772180306001	86.47589560667886	315.64513516897466	420.74532688015717	2.5807950546455274
12.727594972696602	1.7554334621397607	422.911624560049	86.75485010863589	316.05450585655245	421.06651286183524	2.582494147551536
12.726029529221787	1.758142236871802	423.2460310894979	87.03380461059292	316.4990864903681	421.388079411331	2.584193240457545
12.734227575288376	1.7608418951165772	423.58274913825096	87.31275911254995	316.6556045108409	421.7100121824637	2.5859026244387757
12.730266241093881	1.763532410437956	423.9215570340637	87.59171361450699	317.1657696537745	422.0360498583717	2.5876213125920517
12.731931026475197	1.7662138011221473	424.2603649298766	87.870668116464	317.5089681437213	422.3604337202527	2.5893400007453278
12.732136462817927	1.7688860818024363	424.6020512335116	88.14962261842105	317.8917100102783	422.68853527361455	2.591071590375121
12.731807406956921	1.7715492221994054	424.9455319708275	88.42857712037807	318.286904579086	423.0175310121287	2.592811222938863
12.73229428841621	1.7742032460252632	425.2890127081434	88.70753162233508	318.6567744963011	423.3462667331032	2.594550855502606
12.734362463513046	1.7768481619112177	425.6361627845859	88.98648612429211	318.97705215623216	423.67806081542676	2.596307030897512
12.734498048574808	1.7794839382136205	425.9845899464356	89.26544062624914	319.3525824062872	424.01118913602255	2.598068963898228
12.747480248655611	1.782110608410928	426.33301710828533	89.54439512820618	319.35634235911203	424.34038113709	2.599830896898944
12.736354326344	1.7847280713757412	426.697999415102	89.8233496301632	320.04782315310104	424.68084632229755	2.6016739739034747
12.73829596099421	1.7873361817581659	427.06473930215526	90.10230413212022	320.3639857328036	425.0179169650037	2.603525665577204
12.737894620344008	1.7899349604423542	427.4356255454094	90.38125863407727	320.7432224771952	425.35567820959363	2.605397712923936
12.739797921770968	1.7925242086359403	427.8227115984201	90.6602131360343	321.0566922917101	425.6972009498354	2.607349289865842
12.746387288293903	1.7951038566847648	428.20979765143073	90.93916763799132	321.2341190523685	426.03748971772615	2.6093008668077484
12.741687542493887	1.7976738613152672	428.61147495941555	91.21812213994835	321.72841590410854	426.38209407969083	2.611324184055077
12.74255919574167	1.8002339794323825	429.02129732834294	91.49707664190538	322.0640149989008	426.7420452998983	2.6133875478344395
12.743461956989949	1.8027842130868514	429.43670842449006	91.77603114386241	322.39524927088365	427.101921976558	2.6154784281285806
12.744273806463314	1.8053243201932765	429.87210471292667	92.05498564581943	322.72854507380447	427.4675677698046	2.6176677070056864
12.745104574119676	1.8078542080294537	430.3075010013633	92.33394014777646	323.05778307427977	427.8472613544076	2.619856985882793
12.746048934394505	1.8103737124430617	430.76998240150436	92.61289464973349	323.3822004063014	428.22682051842213	2.6221797951733534
12.746632523489977	1.8128826120278485	431.2343567890119	92.89184915169052	323.7156206842418	428.62155413523385	2.624511936948433
12.747730894117902	1.8153807802020432	431.72491237500225	93.17080365364754	324.0307181664739	429.0231285947864	2.6269733101352686
12.748172367040027	1.8178679112780491	432.2223972072668	93.44975815560458	324.3634294747015	429.4300169272709	2.629468886350624
12.749548897344718	1.8203438514093515	432.7499479686474	93.7287126575616	324.66777654002664	429.8562563499011	2.6321130366104275
12.749953381213093	1.8228082456126726	433.2856273783464	94.00766715951863	324.99635523008453	430.2827298302646	2.634797355466116
12.75085682979451	1.8252608330373228	433.8624909390173	94.28662166147566	325.31036272548596	430.73363909019935	2.637685401834368
12.752207431333904	1.8277012554150671	434.45340882484555	94.56557616343271	325.60857387954826	431.1876875539127	2.640643021745459
12.752362116150376	1.8301290285390717	435.08626353123896	94.84453066538973	325.938042007115	431.66415209692894	2.6438082900233004
12.752129226354246	1.8325437655750836	435.75847855078143	95.12348516734676	326.27699717227006	432.1507831888618	2.6471686181501197
12.753216657246124	1.8349448045553216	436.46880021128686	95.40243966930377	326.5755777377671	432.6601038661683	2.6507178488648133
12.75545520181909	1.8373313909523827	437.24189954032903	95.68139417126082	326.8412009265154	433.18202274982957	2.654578433495628
12.755996686520827	1.8397026379402108	438.10081540718625	95.96034867321784	327.15166925261695	433.7357502435828	2.658864934194599
12.754637777235024	1.8420572828261614	439.0616357645297	96.23930317517487	327.5102837165925	434.3018265398121	2.6636574775786617
12.756609657348779	1.8443935142602492	440.17500123040395	96.51825767713188	327.7758052075139	434.9140947837339	2.6692079069532384
12.7571656695572	1.8467084209678484	441.58018547703927	96.79721217908893	328.0768817343015	435.5481417093004	2.676208992554526
12.759362955094117	1.8489955890803875	443.7780432945536	97.07616668104595	328.32825852911947	436.2191496422076	2.6871528567132157
12.758342796385945	1.850601270785304	636.8341627823031	97.35512118300298	328.57540100591274	436.76096736212037	3.6478035327745677
12.75849436148124	1.8507754220614216	915.7886647393036	97.63407568496	328.5950185035896	436.91326662622816	5.035448215131157
12.758799966169907	1.850544226314957	932.2702115320025	97.91303018691704	328.555002853796	436.9784392723592	5.11742055554404
12.756208629674529	1.8502330462077303	934.0054977907716	98.19198468887407	328.583590459821	437.0698302281536	5.126048573974986
12.757034667933889	1.8498887526116152	935.3145690711423	98.47093919083109	328.5138231392119	437.18468509452015	5.132555729087604
12.756327296769015	1.8495236173136531	936.4221212314156	98.74989369278813	328.4833041911533	437.32485236111893	5.13805982389052
12.755978554474627	1.8491431012235224	937.3953526824528	99.02884819474517	328.4408404661387	437.5067684093873	5.1428951603762805
12.755142704760432	1.8487502897110364	938.2745857132912	99.30780269670218	328.4100616229134	437.7122309383333	5.1472623684875245
12.754149577839064	1.8483471953442479	939.0854829066338	99.58675719865921	328.3821890163366	437.93919006208176	5.151289165965193
12.753086093418023	1.8479352494797685	939.8451553468643	99.86571170061625	328.3550325294081	438.1862635175416	5.1550607382668705
12.752116972641108	1.8475155501538045	940.5425416017578	100.14466620257328	328.32422422588786	438.469818746947	5.1585218662501875
12.749492618780755	1.8470889574698235	941.2091928137426	100.4236207045303	328.33785756147483	438.79623542724	5.161829747697549
12.750179822044819	1.8466561752320871	941.8525970866331	100.70257520648732	328.2598362018579	439.13814613529894	5.165021717998846
12.74923391072064	1.8462177989705806	942.4503567336847	100.98152970844436	328.2258272097036	439.52917102390967	5.167986008520695
12.746967473062368	1.8457743395846777	943.035340970316	101.26048421040139	328.22731619499064	439.97544131187794	5.170886546042131
12.745508903108371	1.845326228918835	943.5932499742308	101.5394387123584	328.20601570968046	440.4622327835497	5.17365197030569
12.745918040841852	1.8448738633039405	944.1332870099371	101.81839321431544	328.1329387500677	441.04035868789003	5.176328166401714
12.744644200513921	1.844417577067599	944.6563267011071	102.09734771627247	328.10544718446886	441.7213508069546	5.178919501004685
12.743563698604328	1.8439576858359235	945.1614281682762	102.3763022182295	328.0721578041942	442.55758632440387	5.18142123197944
12.741261591154313	1.8434944578460675	945.653700818789	102.65525672018653	328.0718780619907	443.7859185266507	5.183858881442109
12.740723171059742	1.8430281570161384	946.1314274277888	102.93421122214357	328.02284347696343	495.36754339359874	5.1862238332929795
12.739686018424297	1.8425590020369207	946.5963515977177	103.21316572410059	327.9870769794586	667.8201579324505	5.188524801637078
12.738197234381506	1.8420872130364239	947.052494100524	103.49212022605762	327.96331519092536	894.6903903807498	5.190781856897789
12.736580058493336	1.8416129755926478	947.4929485772985	103.77107472801464	327.94260621052126	932.0251714255176	5.192960463546668
12.735743786913282	1.8411364787697833	947.9319972452209	104.05002922997168	327.8998951635254	933.7851944935611	5.195132036279058
12.732496896660027	1.840657883441236	948.3504289981569	104.3289837319287	327.92356602180007	935.0906791878533	5.197200452982758
12.732971142194229	1.8401773466247988	948.7688607510928	104.60793823388573	327.84402556755305	936.1826337856407	5.199268869686457
12.731460205764282	1.8396950217042494	949.1872925040284	104.88689273584275	327.8191406159528	937.1505645681781	5.201336430526866
12.730048552526682	1.8392110530638446	949.605724256964	105.16584723779978	327.7912711017032	938.0258429412216	5.203403523443873
12.729603667715526	1.8387255693859144	950.0241560098995	105.4448017397568	327.73643979750574	938.831488799642	5.205470315455278
12.725015199424519	1.8382386913095878	950.442587762835	105.72375624171383	327.7960212039262	939.575240893831	5.207536086701622
12.726278785351415	1.8377505339039335	950.8610195157706	106.00271074367086	327.6935336613667	940.2652031014333	5.209601857947967
12.724046416336787	1.8372612035187688	951.2794512687061	106.2816652456279	327.68757722782715	940.9342234536634	5.211666563956882
12.722308467390658	1.836770800019422	951.6978830216417	106.56061974758492	327.6677836018802	941.5581304625872	5.213731015643185
12.721115322055926	1.8362794185780562	952.1163147745773	106.83957424954195	327.63276982256804	942.1572570348662	5.21579495969239
12.719373332570568	1.8357871479154713	952.5347465275128	107.11852875149897	327.6128031750513	942.736888286726	5.217858093923882
12.717684555809198	1.835294073822744	952.9531782804482	107.39748325345602	327.5912397910478	943.2858561093359	5.219921228155375
12.71641940306019	1.8348002756180697	953.3716100333838	107.67643775541303	327.55784069046643	943.8261411154843	5.221983097253053
12.71462872967419	1.8343058293415608	953.7900417863195	107.95539225737006	327.5388783102442	944.3360937185317	5.224044916129601
12.711752087954563	1.833810807446951	954.208473539255	108.2343467593271	327.54987641677644	944.845579853204	5.226106030079392
12.712118187605935	1.8333152790391252	954.6269052921906	108.51330126128413	327.4710460710562	945.3214439197627	5.228166535695509
12.709590406960608	1.8328193098583532	955.0453370451261	108.79225576324114	327.47222925408823	945.800461404859	5.230226896837357
12.707467206064452	1.832322963901281	955.4637687980617	109.07121026519818	327.4621502877958	946.2569085770581	5.232286091282226
12.704245683163718	1.8318262975317572	955.8822005509971	109.3501647671552	327.482422005253	946.7104619014218	5.234345285727094
12.703277289259594	1.831329371431692	956.3006323039327	109.62911926911224	327.4402640080729	947.1464702578118	5.23640358730472
12.70309573952877	1.8308322388558607	956.7190640568683	109.90807377106927	327.37626944307567	947.5716182088571	5.238461472662212
12.701131538085662	1.8303349533066204	957.1374958098039	110.1870282730263	327.36159630094187	947.9947363048443	5.240519028163862
12.69943980745165	1.8298375637408035	957.5559275627395	110.46598277498333	327.33934695228214	948.4007809654195	5.242575606512553
12.69657094514456	1.8293401194421564	957.974359315675	110.74493727694036	327.3496804646912	948.8085079220933	5.244632184861242
12.694538824938942	1.828842666477605	958.3927910686106	111.02389177889738	327.336822314142	949.2150357010504	5.246687691659671
12.69345530927464	1.8283452493499739	958.8112228215462	111.30284628085441	327.2976686840517	949.6201981499023	5.248742965072861
12.691940136980032	1.8278479098889928	959.2296545744816	111.58180078281144	327.27046561532177	950.0259751048737	5.250797732471161
12.61156306761857	1.8083641089008315	975.9669246919032	122.73998086109259	326.7689656289333	966.283457818868	5.332551080148571
12.519768844515127	1.7903927660747527	992.7041948093249	133.89816093937375	326.77235979088937	982.5558168522803	5.4134784983611555
12.425487247874948	1.7743604674984705	1009.4414649267468	145.0563410176549	327.10088037109784	998.8314074624923	5.493608205388956
12.327175931565161	1.7603224905197166	1026.1787350441684	156.21452109593602	327.817812592904	1015.1142014377135	5.572967025764908
12.229290177992297	1.748186667674028	1042.9160051615902	167.37270117421716	328.7947469433067	1031.397516981801	5.651580478907691
12.13917292247698	1.7377993774822331	1059.6532752790122	178.53088125249832	329.7934903725325	1047.6673529232025	5.729472554530796
12.03725884715903	1.728985180688245	1076.390545396434	189.68906133077948	331.3985927152685	1063.962420776763	5.80666540976167
11.94440055445957	1.7215664559244628	1093.1278155138552	200.84724140906062	332.95180751837376	1080.241798188572	5.883181045297523
11.854346983893791	1.7153734964275953	1109.8650856312768	212.00542148734172	334.62676570658726	1096.517463959808	5.959039768364818
11.771890022288101	1.710249274959219	1126.6023557486983	223.16360156562288	336.2476693446117	1112.7779985467696	6.034260724107097
11.683635286164288	1.7060514546606123	1143.33962586612	234.32178164390402	338.2347881221815	1129.054132309587	6.108862249189566
11.61041276293333	1.7026527561769214	1160.0768959835425	245.47996172218518	339.878970661653	1145.295556754414	6.182861915850706
11.52482701595783	1.6999404473486017	1176.814166100964	256.63814180046626	342.08427336069866	1161.5699967776288	6.256276573036593
11.449497663768824	1.6978153770704982	1193.5514362183858	267.79632187874745	344.0694869112396	1177.8200918862613	6.329121923063028
11.377681261128025	1.696190782952179	1210.2887063358078	278.9545019570286	346.04486457012456	1194.0621740395093	6.401413002136022
11.308796024255603	1.6949910387280842	1227.0259764532298	290.1126820353098	348.01229084833534	1210.2972529550868	6.473164462979179
11.241667711925576	1.6941504280331432	1243.7632465706515	301.2708621135909	349.99831895987506	1226.5283442917098	6.544390307557253
11.172134080795162	1.6936119752724794	1260.5005166880728	312.429042191872	352.13864284677015	1242.7683161986888	6.615103530699922
11.116873195686267	1.6933263854740912	1277.2377868054946	323.58722227015323	353.82312531844417	1258.964142457011	6.685316707946244
11.057513055192613	1.6932510721936451	1293.975056922916	334.74540234843437	355.6970178474394	1275.1731598584802	6.755042264293724
11.000443646833366	1.6933492978551221	1310.7123270403374	345.9035824267155	357.521480882094	1291.3748655242443	6.824291542329429
10.945768577980479	1.6935894112353045	1327.4495971577592	357.06176250499664	359.28420993103674	1307.568418880858	6.89307593067677
10.892654602894616	1.6939441784868619	1344.186867275181	368.21994258327777	361.0080389159465	1323.7563781144097	6.961406353924736
10.842409280188466	1.6943901905512517	1360.9241373926027	379.37812266155896	362.64151765643885	1339.9334841045668	7.029293008790905
10.792384745715475	1.6949073589978925	1377.6614075100242	390.5363027398401	364.2740089616325	1356.1094333819544	7.096745549432584
10.745042647840805	1.6954784646502512	1394.3986776274462	401.69448281812123	365.8169702204468	1372.2744075390967	7.163773924702044
10.703650296316336	1.6960887778752298	1411.1359477448684	412.85266289640236	367.1578836428592	1388.4139893067572	7.230387240584848
10.654461592725943	1.6967257148961676	1427.8732178622897	424.01084297468344	368.7614741822261	1404.5855214338285	7.296593979524399
10.614878588164842	1.6973785546580367	1444.6104879797117	435.16902305296463	370.0393836351367	1420.7148870910617	7.3624031136341985
10.569939196782055	1.6980381910668956	1461.3477580971335	446.32720313124577	371.49084266041257	1436.8670372008853	7.427822792474151
10.528623332395956	1.698696896276324	1478.0850282145552	457.48538320952696	372.81854421273863	1453.0020594141436	7.49286092263677
10.490487387524876	1.6993481582773846	1494.8222983319772	468.64356328780804	374.03539304042806	1469.1209042205408	7.55752517712792
10.452544443482584	1.6999865022282854	1511.5595684493992	479.8017433660893	375.24410180051706	1485.2373527314303	7.621823004305778
10.415782138937756	1.700607349594583	1528.296838566821	490.95992344437036	376.40900088487535	1501.3464917668182	7.685761636402486
10.378664786212527	1.7012069020155862	1545.034108684243	502.1181035226515	377.5805320128425	1517.456086308171	7.749347817444074
10.345129704474108	1.701782032007101	1561.7713788016647	513.2762836009326	378.63381895652	1533.5453003959108	7.812588184425031
10.311139489732591	1.7023301936164479	1578.5086489190862	524.4344636792138	379.699261640129	1549.635108147995	7.87548970482549
10.278505167391346	1.7028493344118973	1595.2459190365082	535.5926437574949	380.7184451650235	1565.7156292721752	7.9380580155081315
10.246465328391187	1.70333784284211	1611.98318915393	546.7508238357761	381.71616007060373	1581.790881937116	8.000299876598909
10.217519577103142	1.7037944719233	1628.7204592713515	557.9090039140572	382.611873005271	1597.8458988026312	8.062220452185091
10.184046675026702	1.7042183011720646	1645.457729388773	569.0671839923383	383.65038129815883	1613.9259825546264	8.123826113186364
10.155000119948003	1.7046086737453159	1662.1949995061948	580.2253640706195	384.54659856217074	1629.9773518769073	8.18512222617729
10.126486300859456	1.7049651774873835	1678.9322696236168	591.3835441489007	385.4248395150196	1646.0231062599717	8.246113771112967
10.098868957401613	1.705287597575826	1695.669539741039	602.5417242271818	386.27348751478127	1662.060774078886	8.30680637373304
10.071466300398788	1.7055758925349922	1712.4068098584605	613.699904305463	387.1140507337542	1678.0946674690729	8.36720505189839
10.0437682657442	1.7058301650973104	1729.1440799758825	624.858084383744	387.9641529940961	1694.1285493000762	8.427314700743885
10.017292985865165	1.7060506439150391	1745.8813500933047	636.0162644620251	388.77497053792445	1710.1516362490188	8.487140096571839
10.001272047143026	1.706237659171831	1762.6186202107265	647.1744445403064	389.24740814026507	1726.0972740082584	8.546685900594547
9.973867948553282	1.7063916330112099	1779.3558903281476	658.3326246185874	390.0893189732966	1742.1211931565006	8.605956662532824
9.948621767422576	1.7065130530292398	1796.0931604455695	669.4908046968686	390.86175334991185	1758.1272241233687	8.664956807477324
9.91750028263867	1.7066024750372777	1812.8304305629918	680.6489847751498	391.8282760284154	1774.1760659701922	8.723690222301821
9.901753362285499	1.7066604997060102	1829.5677006804135	691.8071648534309	392.28885687955574	1790.1042700542703	8.782161516447568
9.873950435739104	1.706687767956446	1846.3049707978353	702.965344931712	393.1497636459908	1806.1238142241184	8.840374830440988
9.849022393755346	1.7066849472404444	1863.042240915257	714.1235250099932	393.9180066529502	1822.1188648205418	8.898333585696518
9.828380631367287	1.7066527411942325	1879.7795110326786	725.2817050882744	394.5449985435991	1838.0763336144294	8.956042134036887
9.804909231805611	1.7065918595065694	1896.5167811501003	736.4398851665554	395.26759614212716	1854.0547206474898	9.013503929436155
9.788251908472056	1.7065030294773482	1913.2540512675218	747.5980652448367	395.7620668770713	1869.9718233109127	9.070722838280641
9.76292828238804	1.7063869845593171	1929.9913213849436	758.7562453231178	396.5530270040068	1885.961400399762	9.127702106090837
9.744149266924186	1.7062444649740955	1946.7285915023651	769.914425401399	397.12163323738537	1901.8906139123624	9.184445647248772
9.723195148947099	1.7060762085151233	1963.4658616197864	781.07260547968	397.76760468037315	1917.8364824709188	9.240956409767483
9.704625714574155	1.7058829531044037	1980.203131737208	792.2307855579612	398.33351486901324	1933.7574180155148	9.297237851884548
9.686187017203977	1.7056654294265834	1996.9404018546295	803.3889656362423	398.89527169465623	1949.673827328659	9.353293332468878
9.663359490114619	1.7054243632366641	2013.677671972051	814.5471457145234	399.6151287944309	1965.6298809094853	9.409125945929626
9.661003748596686	1.7051604715372655	2030.414942089473	825.7053257928047	399.6085766226682	1981.3806034515665	9.464738724870214
9.626599693447728	1.704874460856423	2047.1522122068948	836.8635058710857	400.7481057289095	1997.4474302105132	9.520134594589178
9.61107370412709	1.704567026639147	2063.8894823243168	848.0216859493669	401.2152774074848	2013.3222688671642	9.575316500018248
9.590608147919635	1.70423884926336	2080.626752441738	859.1798660276481	401.86322615686385	2029.2451279832062	9.630287387404923
9.574048907378936	1.7038906031477237	2097.3640225591603	870.3380461059293	402.3718603211853	2045.1242018849975	9.685050055443254
9.556919597172337	1.7035229410506065	2114.101292676581	881.4962261842104	402.9037042168811	2061.0061332511955	9.739607114272747
9.540009826118167	1.7031365070624558	2130.838562794003	892.6544062624915	403.4298936918104	2076.8825815673686	9.793961305379986
9.50699849070119	1.7023098171728184	2164.3131030288478	914.9707664190539	404.45991584789886	2108.617151550295	9.902071654301212
9.49035722311864	1.7018707718527781	2181.0503731462695	926.128946497335	404.9844611613937	2124.481437754963	9.955832946708474
9.475803283223469	1.7014153750809788	2197.787643263691	937.2871265756161	405.4308861557977	2140.3180163439984	10.009401461103709
9.469391381691713	1.7009441939245293	2214.524913381112	948.4453066538972	405.56113130980094	2156.052419399426	10.062779508390204
9.447544167587722	1.7004577833991499	2231.2621834985343	959.6034867321786	406.29642494218547	2171.969871009678	10.115969771754251
9.42831196666042	1.6999566753077073	2247.9994536159547	970.7616668104596	406.93519593633084	2187.854077745276	10.16897427520612
9.41711589313129	1.6994413986157062	2264.7367237333765	981.9198468887407	407.2568182671605	2203.634642828884	10.22179529912742
9.399442302005108	1.6989124592079476	2281.4739938507973	993.0780269670219	407.84109068650065	2219.494178956703	10.274435255583514
9.385451083805828	1.6983703505540475	2298.211263968219	1004.236207045303	408.2799650120622	2235.303407502317	10.326895927210389
9.369686233823534	1.6976778919212014	2314.9485340856395	1015.3943871235842	408.7942628424138	2251.132883538723	10.379179831433177
9.361307649547399	1.6972485296868618	2331.6858042030613	1026.552567201865	409.00508896555897	2266.859623710822	10.431288728986104
9.34270431378852	1.6966697362523213	2348.4230743204826	1037.7107472801463	409.6440892681136	2282.721523959634	10.48322478633543
9.334034541782568	1.696079607980249	2365.160344437904	1048.8689273584273	409.868201804691	2298.443228831569	10.534990189857895
9.319291566514611	1.695478573302548	2381.897614555326	1060.0271074367085	410.3514767979089	2314.2457916968883	10.586586332181673
9.31769868210347	1.6947684625196162	2398.6348846727483	1071.1852875149898	410.27192890272744	2329.8557470000214	10.63801562785911
9.288832298804625	1.694245414843016	2415.3721547901705	1082.3434675932708	411.3718349907337	2345.8570538309555	10.689279910008711
9.275991897332894	1.6936140794769297	2432.109424907593	1093.501647671552	411.78325274198164	2361.6235697367792	10.740380861199608
9.26321439410159	1.692973412463739	2448.846695025015	1104.659827749833	412.19532835418613	2377.385780534513	10.791320200262005
9.250536733706161	1.6923237779458806	2465.5839651424367	1115.8180078281143	412.60494036719257	2393.143144155167	10.842099894230293
9.237131629620785	1.6916655275812167	2482.3212352598584	1126.9761879063956	413.0513554299528	2408.908520377766	10.892721658294846
9.225563855666547	1.6909990044553742	2499.05850537728	1138.1343679846766	413.4167109414846	2424.6420126033577	10.943187180727582
9.213586685439683	1.6903245395947277	2515.7957754947015	1149.2925480629576	413.80331090905355	2440.378381047925	10.993498123431337
9.201638227196224	1.6896424540434765	2532.533045612125	1160.450728141239	414.1916569234232	2456.1108568005297	11.043656122475488
9.192635172768393	1.6889530584049133	2549.2703157295464	1171.6089082195201	414.4437207636035	2471.7914299755957	11.093662788618262
9.177949980530675	1.688256654282824	2566.0075858469677	1182.7670882978011	414.96635612931834	2487.562249492333	11.143519707816111
9.168796984995677	1.6875535321365993	2582.7448559643885	1193.9252683760824	415.22915633196374	2503.2373561286763	11.193228441720523
9.153952800258791	1.6868439744638757	2599.482126081811	1205.0834484543634	415.7675864030995	2519.0057306399463	11.242790528162649
9.144775875221262	1.6861282560939013	2616.219396199233	1216.2416285326447	416.03581007419865	2534.673620864881	11.292207481626088
9.132913345121795	1.6854066395164327	2632.9566663166547	1227.399808610926	416.4363614640591	2550.384537654649	11.34148079370817
9.125308640349942	1.6846793823977715	2649.6939364340756	1238.557988689207	416.62929328717826	2566.016149330715	11.390611933570085
9.112077754094043	1.6839467319926464	2666.431206551497	1249.716168767488	417.1046385197123	2581.7448170823905	11.439602232560924
9.101529900965927	1.6832089292787276	2683.168476668919	1260.8743488457694	417.4477718937029	2597.4218502759313	11.488453015256225
9.091963406361913	1.6824662066045646	2699.9057467863418	1272.0325289240504	417.74455674445807	2613.0770557099145	11.537165866005985
9.07901885431897	1.6817187885481595	2716.643016903763	1283.1907090023315	418.21684413215	2628.792118368529	11.585742169391231
9.067399616969569	1.6809668935302629	2733.3802870211844	1294.3488890806127	418.62474150666077	2644.479581815642	11.634183055749494
9.057721720013957	1.6802107318116615	2750.1175571386048	1305.5070691588937	418.93552569327096	2660.1265740989834	11.682489855418217
9.04733321002657	1.6794505085900135	2766.854827256026	1316.665249237175	419.2850633484781	2675.7837731355553	11.730664107315974
9.040993772341935	1.6786864217094006	2783.592097373448	1327.8234293154562	419.4209239839164	2691.357051207147	11.778706751984904
9.030135167964923	1.6779186599416902	2800.3293674908705	1338.9816093937372	419.80099115274965	2707.0160651119086	11.826619221905258
9.016868238277093	1.6771474116366298	2817.066637608292	1350.1397894720183	420.3145308964107	2722.7212376547445	11.87440280779246
9.013670296764808	1.6763728547624088	2833.803907725713	1361.2979695502997	420.28179221824416	2738.2165441368597	11.922058441928096
9.000205749084135	1.6755951620529996	2850.5411778431344	1372.4561496285808	420.81386921007845	2753.9199246131934	11.969587700096863
8.987890031625515	1.6748145021929686	2867.2784479605557	1383.6143297068618	421.2876953969791	2769.5974523070117	12.016991309460762
8.97935723989339	1.6740310380552288	2884.015718077977	1394.772509785143	421.55363792766207	2785.1917929779934	12.064270844307291
8.969840135431644	1.673244926768938	2900.752988195399	1405.930689863424	421.8784214482158	2800.8035512017527	12.111427109507252
8.963227759067873	1.6724563204757685	2917.490258312821	1417.0888699417053	422.0381878464009	2816.3480419652137	12.1584614031702
8.950441826979363	1.6715531470225211	2934.227528430243	1428.2470500199865	422.55515092228336	2832.0250357770583	12.20537487897784
8.941768519662608	1.6708722074247453	2950.9647985476663	1439.4052300982676	422.83925155932013	2847.6078490652976	12.252168295560192
8.932628907689569	1.670076981878912	2967.7020686650894	1450.5634101765488	423.15197596080685	2863.197583798759	12.298843101974573
8.925493946666267	1.669279823099402	2984.439338782511	1461.72159025483	423.34746422049096	2878.7376680209545	12.345400204897409
8.918206847161121	1.66848086094429	3001.1766088999325	1472.879770333111	423.554361260238	2894.276836867522	12.391840435457418
8.909178448588708	1.6676617778639178	3017.9138790173542	1484.0379504113923	423.86784732626535	2909.8527956575044	12.438165095871526
8.899869454192505	1.6668780221442627	3034.651149134776	1495.1961304896734	424.1998903220158	2925.432120635933	12.484375162789412
8.889257097144965	1.666074382830282	3051.3884192521978	1506.3543105679544	424.61632882753213	2941.0398098295086	12.530471475425708
8.88418089747029	1.665269417195331	3068.1256893696195	1517.5124906462356	424.6935649100801	2956.5097647161792	12.576454977105838
8.872680128968193	1.6644632358627285	3084.8629594870404	1528.6706707245164	425.1714978665348	2972.1332023224027	12.622326775001305
8.875668496615665	1.6636559438216265	3101.600229604463	1539.828850802798	424.7447652794767	2987.3922872538833	12.668087798093413
8.856021251128537	1.6628476439998512	3118.3374997218853	1550.9870308810791	425.7419646391753	3003.2143625802332	12.713738964067774
8.845675424199156	1.6619540641185317	3135.0747698393075	1562.14521095936	426.16024246547926	3018.8012938568304	12.759281179493076
8.839263617459762	1.6612284167058844	3151.8120399567283	1573.3033910376412	426.3271519954968	3034.2841977334024	12.804715339996395
8.83429049880798	1.6604176785009648	3168.5493100741496	1584.4615711159224	426.4032455683067	3049.724966378076	12.850042319461574
8.82389520450999	1.6596063128985374	3185.2865801915714	1595.6197511942034	426.85196667263983	3065.303859279453	12.895262957117955
8.817885296815193	1.6587944051145296	3202.023850308993	1606.7779312724847	427.00215538956456	3080.7633769051604	12.940378190324328
8.808525674828278	1.6579820425701426	3218.761120426415	1617.936111350766	427.38514759899965	3096.3088258906123	12.98538887212266
8.799928064973914	1.657169305205402	3235.498390543838	1629.094291429047	427.7344442816483	3111.8308266470826	13.030295845450087
8.794397332970128	1.656356271768946	3252.2356606612598	1640.2524715073282	427.8605144045345	3127.265090305192	13.075099943294791
8.785278346367479	1.6555430196123284	3268.972930778682	1651.4106515856095	428.25108648640634	3142.7947282986474	13.119801938560391
8.783529099130417	1.654729622603601	3285.7102008961024	1662.5688316638903	428.09926649154784	3158.1137368260015	13.164402644506037
8.770290756970041	1.6539161526904653	3302.4474710135255	1673.7270117421715	428.82401308004614	3173.753447828578	13.208902891108263
8.466772153367542	1.6142132173759929	4139.310976884612	2231.6360156562287	938.1170486151794	3940.676078401166	15.320819054015141
8.254888851099722	1.5782654224561408	4976.174482755692	2789.545019570286	949.9328750427092	4694.396020607555	17.253999159201477
8.168747737065095	1.5619257183047055	5394.606235691235	3068.4995215273148	952.4376820784993	5066.574486979241	18.16799707302367
8.09093405835931	1.546628349239482	5813.037988626768	3347.454023484343	954.3149921695725	5435.843745401912	19.05231989444662
8.023057055860116	1.5323071229678744	6231.469741562314	3626.4085254413717	955.1314975320012	5801.973577517001	19.910089030033426
7.969709602062806	1.5188897587264776	6649.90149449785	3905.3630273984004	953.82397985514	6164.253997208992	20.74390172298363
7.916291490031528	1.5063044842427555	7068.333247433396	4184.317529355429	953.2962932407249	6524.151490591694	21.555948347190483
7.8665621672665536	1.4944831766820226	7486.765000368947	4463.272031312457	952.7216201329448	6881.282607476492	22.348096565380963
7.824407824015343	1.4833627148425572	7905.196753304492	4742.226533269486	951.2240292417505	7234.991031980089	23.121955213431594
7.784412350768736	1.4728853831990398	8323.628506240033	5021.181035226515	949.8793620144879	7586.030775529897	23.8789221696461
7.751883663773646	1.4629987966285767	8742.060259175578	5300.1355371835425	947.502118156977	7933.376229918212	24.620221574679192
7.71811762466295	1.4536555973274803	9160.492012111123	5579.090039140572	945.7735891781385	8278.598035787836	25.346932806487654
7.687552816272885	1.4448130460298834	9578.92376504666	5858.044541097601	943.5915269863121	8620.838107204856	26.060014057401137
7.664054078242928	1.4364325870150336	9997.355517982203	6136.9990430546295	939.2832419650427	8959.040552494225	26.76032000283277
7.636764670624954	1.4284794163736687	10415.787270917739	6415.953545011657	935.8059939752967	9295.815578301379	27.448617621070493
7.613758661423436	1.4209220930863	10834.219023853286	6694.908046968686	548.9571679520618	9629.122783784722	28.1255982211445
7.595848979781637	1.413732164098902	11252.650776788832	6973.862548925715	439.17489237851504	9958.519967622187	28.79188735178131
7.572547819204347	1.4068144532070865	11671.082529724374	7252.817050882743	437.4918646064129	10287.261145427974	29.448053744317367
7.556142477256397	1.4003537120630158	12089.514282659908	7531.771552839771	435.27018264312335	10611.383430389493	30.09461607948321
7.540225568609691	1.3941204684052115	12507.946035595447	7810.726054796801	433.53100880670087	10932.920430998092	30.732048931001167
7.525414638909978	1.3881646948336104	12926.377788530981	8089.6805567538295	432.03615810371707	11251.647310935206	31.36078832407619
7.514257894640886	1.382468656395548	13344.809541466526	8368.635058710857	430.4103073471731	11566.448498228552	31.981235493844462
7.500253353769542	1.3770161258909768	13763.241294402087	8647.589560667886	429.36308160988966	11880.053959834928	32.5937610978568
7.484165669808743	1.371792225262892	14181.673047337625	8926.544062624915	428.7011594397616	12192.360695167456	33.198708201864285
5.5897691300107395	1.2385282574902958	14600.104800273177	9205.498564581943	1569.9241007017763	13370.412902170581	33.796395176367824
5.538523912055562	1.223172915382171	15018.53655320872	9484.453066538972	1589.0241214977823	13739.80271921252	34.38711812216331
5.486974512155009	1.2078454727435703	15436.968306144261	9763.407568496	1609.2105935565312	14109.715283319494	34.97115306221418
7.444601527600177	1.352925349962525	15855.40005907982	10042.36207045303	424.9732509276516	13406.221148477276	35.548757704297735
5.381377332555454	1.1768316027155634	16273.83181201535	10321.316572410058	1654.129414999343	14852.253199210949	36.12017328250703
7.427848162226205	1.3445554824247334	16692.263564950892	10600.271074367085	423.42652987439544	13997.330696200333	36.685625780450906
