28.382674912641598	0.08186168569606778	35.01889990375193	0.11158180078281144	0.21926186974739212	29.42314902622758	0.2294761402266479
27.641770240697547	0.08321373215704085	56.00181385488425	0.22316360156562287	0.16964892259207845	45.838738242152175	0.36638318336958964
26.83433892584748	0.08412053650494968	72.04827648580353	0.33474540234843436	0.14312977282693629	59.51381247828058	0.4708744562489539
26.655930269292238	0.08653140692622104	81.10687321179608	0.44632720313124574	0.11056400213515243	70.98732377518685	0.5297225169962301
25.816045958412317	0.08964351049144294	90.14122176324858	0.5579090039140573	0.09426161745451377	78.92916323992486	0.5884123560085507
25.510632233044056	0.09351022418067965	97.0036548044586	0.6694908046968687	0.07703501150416726	86.10946335922631	0.6325701430208444
24.865723215220463	0.09808744128249584	101.25525164665608	0.7810726054796802	0.06441478610460978	94.30146334271618	0.6592591071306456
24.363387806718706	0.10347096747597125	105.50684848885356	0.8926544062624915	0.05173119779557157	98.66426263710478	0.6859480712404469
23.71699265879324	0.10924524599950719	109.75844533105104	1.004236207045303	0.045385242815485956	102.71746229944176	0.7126370353502481
12.790508200417223	0.5526437528422838	245.1184020096942	11.158180078281145	108.24941371527719	242.56514105840452	1.5639839105109101
12.741844988683567	0.5871555111555989	253.65404261951434	12.273998086109259	117.50875010195774	251.0689532292167	1.6161407903683724
12.703093518621078	0.6199291074439531	261.7296876054994	13.389816093937375	125.85018533037763	259.1086625237894	1.6652807548923627
12.673870060804246	0.6511410717392117	269.4055962745393	14.505634101765487	131.68568792249943	266.74817204637486	1.7117993338468043
12.649050694321803	0.6809410051343897	276.72287937272495	15.621452109593601	137.20306003060705	274.0332163034561	1.7559712092779407
12.638971559768402	0.7094612567635955	283.69870404461176	16.73727011742172	142.17221895081167	280.9830511068824	1.7979216311163295
12.623873044969306	0.7368252430033018	290.3264756886116	17.853088125249833	147.07696947749466	287.610185794187	1.8376317821389079
12.600631528880603	0.7631549914313146	296.5716568394774	18.968906133077947	151.9751716651829	293.89426702747585	1.8749153030271155
12.589731016760224	0.7885774509434988	302.37346995694344	20.084724140906058	156.3914754908005	299.77770726560766	1.9094300248894451
12.576964650428856	0.813221882641108	307.6977800217818	21.200542148734172	160.71336166173728	305.21883451969086	1.9409954673559573
12.570265083236668	0.8372084305606754	312.5548311003268	22.316360156562286	164.7687886265924	310.20209391619466	1.9696941581087066
12.572861913941608	0.8606367865296405	316.9984994001083	23.4321781643904	168.49198743998335	314.7563998666357	1.995863315072614
12.555355391952354	0.8835802784123964	321.11246882335183	24.547996172218518	172.6671342459176	318.9610736518758	2.020012427524096
12.552586668515302	0.9060872279487413	324.97287906137774	25.663814180046632	176.39579567776644	322.8812256958583	2.0425998459960533
12.549303360794479	0.9281868800742319	328.64772908651815	26.779632187874743	180.08381759946494	326.58826436462635	2.06403412644212
12.547029355665046	0.9498960174825601	332.18020221677125	27.89545019570286	183.69401065141875	330.1367309646492	2.0845736169209217
12.549846986522324	0.9712245392010899	335.5982255806876	29.011268203530975	187.1171428062381	333.55972908762607	2.1043861706555105
12.541879842619874	0.9921794552440616	338.9166332901087	30.12708621135909	190.79417534865402	336.883362415041	2.123562600602054
12.541851623953152	1.0127675080659044	342.14054098195624	31.242904219187203	194.20553382854922	340.11169575241763	2.1421370079781914
12.540451557683788	1.0329967019400024	345.26897586087966	32.35872222701532	197.59985520610675	343.24823309017006	2.160108333654557
12.54794642716364	1.052876953245705	348.2934906048384	33.47454023484344	200.68296994274357	346.2879625227379	2.1774307504241994
12.550264790066533	1.0724201724174003	351.210670664623	34.590358242671556	203.86132557500414	349.22830420978073	2.194090618878463
12.545960590642697	1.0916398850196187	354.0134116692692	35.70617625049967	207.1846714453883	352.06484395029605	2.210051092885248
12.546458091755477	1.1105506904133053	356.69639673979367	36.82199425832778	210.32396229378122	354.78794887674593	2.2252858323402576
12.5468537442063	1.1291675848027425	359.2598072956073	37.937812266155895	213.42545230099563	357.39553768487303	2.2398008335536086
12.549732008290807	1.1475053415867196	361.7032782267105	39.053630273984005	216.41523699265278	359.88639815880884	2.253597754807214
12.551405279787563	1.1655780499041453	364.03298968856814	40.169448281812116	219.4062795923648	362.26468099343913	2.2667164136772837
12.558740718264321	1.1833988499448942	366.2544771961141	41.28526628964023	222.1916947877873	364.53312101731103	2.27919180247867
12.560058823171868	1.200979584575236	368.3723492162662	42.401084297468344	225.13025443811827	366.6968121538377	2.291052772256226
12.563009157007457	1.2183309544401535	370.3945062881371	43.51690230529646	227.99060166113577	368.76357774085784	2.30234711811895
12.566130400776824	1.2354623165346452	372.32977450712104	44.63272031312458	230.81955176279334	370.74062040449684	2.3131276296906176
12.56964265528042	1.2523818949893888	374.18470846904665	45.7485383209527	233.61137006091303	372.63384834342173	2.3234333070653297
12.57595388247614	1.2690968389724635	375.9661085932601	46.86435632878081	236.29105617781642	374.44910518437734	2.333304347113423
12.576834708017715	1.2856133438276007	377.6807841326737	47.980174336608926	239.12075181763444	376.19507180021907	2.342780804752391
12.583391473116663	1.30193676925473	379.3353523431716	49.095992344437036	241.74709169037502	377.8756664603081	2.3519014682303516
12.584308680430219	1.3180717656828473	380.936078147139	50.211810352265154	244.53465522373617	379.5000138255667	2.3607029707657965
12.586965572167815	1.3340223704641796	382.48624769484627	51.327628360093264	247.24045621033315	381.07241836383594	2.369204206513878
12.593317032956925	1.34979203171475	383.99094137104214	52.44344636792138	249.80042066518504	382.5974580320199	2.377434627335955
12.597410093219263	1.3653838373065095	385.4574652488782	53.559264375749486	252.41089292460313	384.0769883583978	2.385437058826325
12.604747967283995	1.3808004828862888	386.88526062837286	54.6750823835776	254.88930609122013	385.5193815227823	2.393207279747515
12.604988094095834	1.3960442962561939	388.28205340026153	55.79090039140572	257.5833133428908	386.9267196260726	2.400790724825697
12.604988094095834	1.3960442962561939	388.28205340026153	55.79090039140572	257.5833133428908	386.9267196260726	2.400790724825697
12.606341871655834	1.3998285140503122	388.62560388992966	56.06985489336274	258.2094142960993	387.27441297411394	2.402652426041103
12.606879975490108	1.4036020893810666	388.9691543795978	56.348809395319776	258.86186079950977	387.6180178147347	2.404514127256509
12.608997209186537	1.4073650398382642	389.3092460178832	56.6277638972768	259.45970749745436	387.9612809916932	2.4063548026499553
12.609273845875853	1.4111174390715293	389.64811616552146	56.90671839923384	260.1186828720764	388.3025449393451	2.4081880527909028
12.611075076403301	1.414859270301122	389.98693508958297	57.185672901190856	260.72417277794744	388.64099404152404	2.4100209900440475
12.611987170329952	1.4185905794910074	390.3213971290051	57.464627403147894	261.35834162387465	388.9796338824216	2.4118273142383533
12.613220682762336	1.4223114129678267	390.6558591684272	57.74358190510491	261.9804252581172	389.3146717251294	2.413633638432659
12.61660595432875	1.42602175272206	390.9893132638223	58.02253640706195	262.5280684966391	389.64816516290205	2.4154337715539547
12.615525926961634	1.4297216639803014	391.3196370570143	58.301490909018966	263.22612969201106	389.98261814606815	2.417214677487069
12.615991196489993	1.4334111652602954	391.64996085020636	58.580445410976004	263.87004501494346	390.31239809123514	2.4189955834201835
12.622647894431944	1.4370902503809329	391.9785969112701	58.859399912933036	264.3007145147694	390.6408470717193	2.4207660562565834
12.62077806111132	1.4407589859813332	392.30504983083335	59.13835441489007	265.0223512483002	390.9703470082013	2.4225230335115264
12.620113010956864	1.4444173759793721	392.63150275039663	59.41730891684709	265.70108926622567	391.2962764374479	2.4242800107664686
12.620802492371373	1.448065424676069	392.9558273330506	59.69626341880411	266.3318197287311	391.6219165111046	2.4260237333001684
12.620604075808604	1.4517031939548681	393.27867419404487	59.975217920761146	266.9920421774262	391.94644081699823	2.4277582529728985
12.623543876113223	1.4553306798427181	393.6015210550392	60.25417242271817	267.5429803860239	392.26778624482836	2.4294927726456286
12.624320922179209	1.458947898053895	393.92200192986	60.53312692467521	268.1667442487907	392.58958625361083	2.431212429756095
12.6255914736316	1.4625548995118354	394.24150496681034	60.812081426632226	268.7718326705094	392.90966803134694	2.432925944321691
12.626548376453806	1.466151679411102	394.5610080037607	61.091035928589264	269.3866693246198	393.227870792118	2.4346394588872866
12.627730589414782	1.46973825518566	394.8780758260635	61.36999043054628	269.99258076893625	393.54602392516756	2.436337520266725
12.629178041707517	1.4733146755331676	395.1944947110226	61.64894493250332	270.58727282410223	393.8623765076701	2.4380314636725844
12.629773210582275	1.4768809326060268	395.5109135959817	61.927899434460336	271.21021395072546	394.17735153960484	2.439725407078444
12.631806506889257	1.4804370506257325	395.82496375616637	62.206853936417374	271.7819521861422	394.49201952090584	2.441404138089287
12.63248813983187	1.4839830675386425	396.13855565388286	62.4858084383744	272.39953949451495	394.8052463526811	2.443079926052562
12.635650869327264	1.4875189801544133	396.4521475515993	62.76476294033144	272.9281551940778	395.11662881533556	2.4447557140158374
12.635403461305268	1.4910448080831868	396.76354217341384	63.043717442288454	273.57493682847	395.4287294583532	2.446417187304375
12.636149731489732	1.4945605909238697	397.0745618298326	63.32267194424548	274.18581459488223	395.73902405599836	2.448076217791955
12.637305869904845	1.498066326161599	397.38558148625134	63.60162644620251	274.7805596955467	396.04803452543075	2.449735248279535
12.63853092156323	1.5015620308119308	397.69465154487773	63.88058094815954	275.37111987371014	396.3570260776864	2.451381355984308
12.639240022277264	1.5050477418185944	398.00335140539033	64.15953545011656	275.97864080772945	396.66474449292247	2.45302500985484
12.640383671145457	1.5085234594843009	398.3120512659028	64.4384899520736	276.5697365256492	396.9712110080147	2.4546686637253714
12.641351757074165	1.5119891967439012	398.6190988018067	64.71744445403063	277.1645735109719	397.2777098302939	2.456301130142157
12.643971189270678	1.5154449897507178	398.9257291558621	64.99639895598766	277.69997399887177	397.582744227958	2.457930771930774
12.64380293437276	1.5188908402431058	399.23235950991756	65.27535345794469	278.33243006148433	397.8871900785791	2.4595604137193923
12.645216839315207	1.522326763832673	399.537659918174	65.5543079599017	278.90713095228296	398.1912943601099	2.4611808083062106
12.646100986168209	1.525752789756676	399.84246906705374	65.83326246185874	279.49873348610896	398.49469494828105	2.4627977871338333
12.647349226387297	1.5291689239364736	400.14727821593345	66.11221696381577	280.07623165502906	398.79678673276385	2.464414765961456
12.648528777010016	1.5325751755825083	400.45108259421517	66.3911714657728	280.654583755046	399.09888714053994	2.4660245165868653
12.651794346818777	1.5359715768247209	400.75431703896186	66.67012596772985	281.15659993189234	399.40002685027997	2.467630167177055
12.648591890536869	1.5393581347184186	401.0575514837086	66.94908046968686	281.8865933345465	399.7012607059814	2.469235817767245
12.652419929682406	1.5427348559899488	401.36008902527215	67.2280349716439	282.36616971027087	400.0009818669249	2.470836224123156
12.653294258404262	1.5461017723754158	401.6619936719374	67.50698947360091	282.9476238729903	400.30110797085985	2.4724318679106063
12.654253462028079	1.5494588854091607	401.96389831860273	67.78594397555796	283.524720924144	400.5998823866342	2.474027511698057
12.660546981258445	1.5528062190397927	402.2653787394322	68.06489847751497	283.91070410179793	400.89749919502003	2.4756197588143616
12.656510486711333	1.5561437815909838	402.56619711896985	68.34385297947202	284.66156753677154	401.1973436638936	2.477206705130095
12.658139774561295	1.5594715928125473	402.86701549850744	68.62280748142904	285.2091671474336	401.4946654740066	2.4787936514458275
12.657911106667687	1.5627896590317767	403.1676314901748	68.90176198338607	285.8213519853585	401.7923658011329	2.4803788232578206
12.659998509474574	1.5660980020239579	403.4676059901169	69.1807164853431	286.3487068924782	402.08955657195014	2.481958370575303
12.661575418301126	1.5693966342333319	403.76758049005906	69.45967098730013	286.8921954427084	402.38599156054255	2.483537917892785
12.662699217241059	1.572685564798125	404.06751019220155	69.73862548925715	287.4504050485483	402.6823081364004	2.485117010825606
12.663865061357665	1.5759648117115557	404.3668822989419	70.01757999121418	288.00423711768536	402.9786091881551	2.486690448061038
12.668816635751398	1.579234389856282	404.6662544056822	70.29653449317121	288.42162822010977	403.2735704838421	2.4882638852964702
12.666367604521506	1.5824943092550163	404.96562651242255	70.57548899512823	289.10044412960497	403.5698195662348	2.4898373225319017
12.66547091862972	1.585744583313632	405.2646744418319	70.85444349708526	289.7210330859057	403.8657238846696	2.491406429688128
12.668204440807461	1.5889852272137306	405.5636849897193	71.13339799904229	290.21047693480386	404.16058737290916	2.492975037534452
12.667752252132688	1.5922162537240718	405.86269553760667	71.41235250099933	290.8114037098448	404.45578898975447	2.494543645380776
12.670538458359246	1.5954376738008849	406.16162020117747	71.69130700295635	291.29424661068197	404.75026404908914	2.4961097320841503
12.671654860743041	1.5986495025574334	406.4605096266355	71.97026150491338	291.8342874952492	405.0450442559862	2.4976747843691007
12.672966384300118	1.6018517521923357	406.7593990520935	72.2492160068704	292.36564349013946	405.33947504675024	2.4992398366540507
12.67386906265043	1.605044432845516	407.0583497671181	72.52817050882744	292.9076067521583	405.63399032384297	2.5008037126439984
12.674871122147993	1.6082275587364112	407.3573583660068	72.80712501078446	293.44436342021805	405.92847284775695	2.5023664777026093
12.67850566299331	1.6114011441461817	407.65636696489554	73.08607951274149	293.8855379310962	406.2222480874527	2.5039292427612203
12.675893227744194	1.614565199270891	407.9554887731327	73.36503401469851	294.54389789817884	406.51741443343525	2.5054916857441523
12.67807512560037	1.6177197334716966	408.2548569590178	73.64398851665555	295.03126045086833	406.8114899100197	2.5070534277933767
12.679824146936072	1.6208647619513683	408.55422514490283	73.92294301861257	295.53034097356533	407.10573388217415	2.5086151698426016
12.680418508769575	1.6240002971437826	408.8536613404413	74.20189752056959	296.0670951875104	407.4002685043868	2.510176938903682
12.681915985774253	1.6271263478216202	409.153629901657	74.48085202252663	296.57039933279503	407.69458824035337	2.511738919408055
12.682404217422347	1.6302429250385349	409.4535984628727	74.75980652448366	297.1040651401862	407.98928946883984	2.5133008999124273
12.683719467221145	1.6333500438838218	409.75356702408845	75.0387610264407	297.6070448226322	408.283989191955	2.5148628804168
12.685145137350325	1.6364477139143323	410.054303480135	75.31771552839771	298.1029285870706	408.5786541942817	2.5164262278860843
12.690105466313971	1.6395359429473673	410.3551138335126	75.59667003035476	298.47306185881683	408.87259399271414	2.5179897069034074
12.686896739205036	1.6426147457147173	410.65592418689016	75.87562453231178	299.1238423044154	409.1689101416153	2.51955318592073
12.688021409394779	1.6456841369256145	410.95750881385584	76.1545790342688	299.6194969701938	409.46420867952725	2.521118635093287
12.688553881742566	1.6517946979778855	411.5612976920426	76.71248803818287	300.66232378331756	410.0559528144302	2.5242511100851948
12.695923371917102	1.6548359027285362	411.86388489072436	76.99144254013989	300.93575351547344	410.35057361754855	2.525819445238945
12.694732118635992	1.6578677242833684	412.16710682630526	77.27039704209692	301.4986106430629	410.64720819870047	2.527389702359316
12.6935073488919	1.6608901836318695	412.47032876188615	77.54935154405395	302.05784814770556	410.944572112682	2.5289599594796868
12.694683429655644	1.6639032940141782	412.7740815886505	77.82830604601098	302.53367408395064	411.24169536413547	2.530532000526789
12.694652311521226	1.6669070512442605	413.078875779157	78.10726054796801	303.0448607848207	411.5390977760712	2.5321075408156823
12.697214951283918	1.6699014737668152	413.3836699696634	78.38621504992503	303.4665621669912	411.83643797296145	2.5336830811045754
12.697932828202916	1.6728865760469767	413.6887626758225	78.66516955188207	303.94614058740035	412.13494681127844	2.535259696604415
12.70446969597868	1.6758623582696814	413.99537544533837	78.94412405383909	304.2291889971643	412.43202629294	2.5368417871563844
12.699808861735786	1.678828827383849	414.30198821485425	79.22307855579612	304.88062153996947	412.7321392377418	2.5384238777083534
12.701160295018342	1.6817860044534587	414.60860878065887	79.50203305775315	305.32791794388	413.0320077383984	2.5400059977678766
12.701018618645511	1.68473388995988	414.9172882218722	79.7809875597102	305.82284165694574	413.33223333071993	2.541595910301347
12.703281732807854	1.6876724885768466	415.22596766308544	80.05994206166721	306.23246447370093	413.6318531670622	2.5431858228348165
12.70456365133268	1.6906018196022827	415.5346471042987	80.33889656362425	306.6737134950745	413.93345340064474	2.5447757353682863
12.706760085052295	1.6935218881731333	415.84531647974893	80.61785106558126	307.0787877675403	414.23485161820327	2.546373463707253
12.706498052406232	1.696432691818763	416.156312639188	80.89680556753831	307.5629083097255	414.53685392446926	2.5479724755459707
12.707527984308893	1.6993342496629678	416.4673087986271	81.17576006949533	307.9988334689353	414.84007793260776	2.5495714873846884
12.70732431679085	1.702226574111174	416.78018541683986	81.45471457145234	308.47299191980505	415.14408047355926	2.5511780998062523
12.709762533344293	1.7051096519753373	417.09375045952225	81.73366907340937	308.8572265339914	415.44739569007004	2.5527874947547655
12.716913640594305	1.7079835075729846	417.4073155022046	82.0126235753664	309.09019071567496	415.75077270331707	2.5543968897032787
12.711699526720473	1.710848153107861	417.7226458364169	82.29157807732344	309.7110854882897	416.058315281467	2.5560135839898614
12.712708052721476	1.7137035736801607	418.03903418686394	82.57053257928045	310.13267837782587	416.36423523122687	2.5576346530882232
12.71326840471656	1.7165497933897562	418.355422537311	82.84948708123748	310.5625536799842	416.6712465884062	2.5592557221865855
12.714679114051146	1.719386816920722	418.673476831574	83.12844158319453	310.9648091852517	416.97956146297014	2.560883808044221
12.715835800808012	1.7222146401317238	418.992945287955	83.40739608515156	311.3691135881779	417.28792862504895	2.5625178501862518
12.716144448812821	1.7250332755599018	419.3124137443361	83.68635058710858	311.79902422716737	417.5971512128287	2.564151892328283
12.716436440761225	1.7278427432382861	419.6334883523061	83.96530508906562	312.22314661685266	417.90849905532446	2.5657928029258814
12.71871079675271	1.730643021814944	419.95629617027754	84.24425959102264	312.5860708016806	418.21929913610967	2.5674411253244362
12.719206200054524	1.7334341292042827	420.279103988249	84.52321409297967	312.9972382234832	418.53085302525466	2.569089447722991
12.720720012590618	1.736216085872088	420.60352362813217	84.80216859493669	313.3768705157711	418.8448548742123	2.5707447507487764
12.72157770498049	1.7389888683990657	420.92993257073823	85.08112309689372	313.77114706687144	419.1590191803893	2.5724086692305614
12.722487650410732	1.741752494023505	421.25634151334435	85.36007759885075	314.1624255413194	419.47315351402347	2.574072587712346
12.72256668928575	1.7445069834329223	421.58446141497694	85.63903210080777	314.57434788509727	419.79073536584366	2.575743995833082
12.723241028645715	1.7472523112337253	421.9147357647832	85.9179866027648	314.9661312379836	420.108188242586	2.577424834944689
12.725452301442377	1.7499884952795313	422.24501011458943	86.19694110472183	315.3089791533653	420.42519387124776	2.579105674056296
12.727774149714602	1.7527155547818025	422.5772180306001	86.47589560667886	315.64513516897466	420.74532688015717	2.5807950546455274
12.727594972696602	1.7554334621397607	422.911624560049	86.75485010863589	316.05450585655245	421.06651286183524	2.582494147551536
12.726029529221787	1.758142236871802	423.2460310894979	87.03380461059292	316.4990864903681	421.388079411331	2.584193240457545
12.734227575288376	1.7608418951165772	423.58274913825096	87.31275911254995	316.6556045108409	421.7100121824637	2.5859026244387757
12.730266241093881	1.763532410437956	423.9215570340637	87.59171361450699	317.1657696537745	422.0360498583717	2.5876213125920517
12.731931026475197	1.7662138011221473	424.2603649298766	87.870668116464	317.5089681437213	422.3604337202527	2.5893400007453278
12.732136462817927	1.7688860818024363	424.6020512335116	88.14962261842105	317.8917100102783	422.68853527361455	2.591071590375121
12.731807406956921	1.7715492221994054	424.9455319708275	88.42857712037807	318.286904579086	423.0175310121287	2.592811222938863
12.73229428841621	1.7742032460252632	425.2890127081434	88.70753162233508	318.6567744963011	423.3462667331032	2.594550855502606
12.734362463513046	1.7768481619112177	425.6361627845859	88.98648612429211	318.97705215623216	423.67806081542676	2.596307030897512
12.734498048574808	1.7794839382136205	425.9845899464356	89.26544062624914	319.3525824062872	424.01118913602255	2.598068963898228
12.747480248655611	1.782110608410928	426.33301710828533	89.54439512820618	319.35634235911203	424.34038113709	2.599830896898944
12.736354326344	1.7847280713757412	426.697999415102	89.8233496301632	320.04782315310104	424.68084632229755	2.6016739739034747
12.73829596099421	1.7873361817581659	427.06473930215526	90.10230413212022	320.3639857328036	425.0179169650037	2.603525665577204
12.737894620344008	1.7899349604423542	427.4356255454094	90.38125863407727	320.7432224771952	425.35567820959363	2.605397712923936
12.739797921770968	1.7925242086359403	427.8227115984201	90.6602131360343	321.0566922917101	425.6972009498354	2.607349289865842
12.746387288293903	1.7951038566847648	428.20979765143073	90.93916763799132	321.2341190523685	426.03748971772615	2.6093008668077484
12.741687542493887	1.7976738613152672	428.61147495941555	91.21812213994835	321.72841590410854	426.38209407969083	2.611324184055077
12.74255919574167	1.8002339794323825	429.02129732834294	91.49707664190538	322.0640149989008	426.7420452998983	2.6133875478344395
12.743461956989949	1.8027842130868514	429.43670842449006	91.77603114386241	322.39524927088365	427.101921976558	2.6154784281285806
12.744273806463314	1.8053243201932765	429.87210471292667	92.05498564581943	322.72854507380447	427.4675677698046	2.6176677070056864
12.745104574119676	1.8078542080294537	430.3075010013633	92.33394014777646	323.05778307427977	427.8472613544076	2.619856985882793
12.746048934394505	1.8103737124430617	430.76998240150436	92.61289464973349	323.3822004063014	428.22682051842213	2.6221797951733534
12.746632523489977	1.8128826120278485	431.2343567890119	92.89184915169052	323.7156206842418	428.62155413523385	2.624511936948433
12.747730894117902	1.8153807802020432	431.72491237500225	93.17080365364754	324.0307181664739	429.0231285947864	2.6269733101352686
12.748172367040027	1.8178679112780491	432.2223972072668	93.44975815560458	324.3634294747015	429.4300169272709	2.629468886350624
12.749548897344718	1.8203438514093515	432.7499479686474	93.7287126575616	324.66777654002664	429.8562563499011	2.6321130366104275
12.749953381213093	1.8228082456126726	433.2856273783464	94.00766715951863	324.99635523008453	430.2827298302646	2.634797355466116
12.75085682979451	1.8252608330373228	433.8624909390173	94.28662166147566	325.31036272548596	430.73363909019935	2.637685401834368
12.752207431333904	1.8277012554150671	434.45340882484555	94.56557616343271	325.60857387954826	431.1876875539127	2.640643021745459
12.752362116150376	1.8301290285390717	435.08626353123896	94.84453066538973	325.938042007115	431.66415209692894	2.6438082900233004
12.752129226354246	1.8325437655750836	435.75847855078143	95.12348516734676	326.27699717227006	432.1507831888618	2.6471686181501197
12.753216657246124	1.8349448045553216	436.46880021128686	95.40243966930377	326.5755777377671	432.6601038661683	2.6507178488648133
12.75545520181909	1.8373313909523827	437.24189954032903	95.68139417126082	326.8412009265154	433.18202274982957	2.654578433495628
12.755996686520827	1.8397026379402108	438.10081540718625	95.96034867321784	327.15166925261695	433.7357502435828	2.658864934194599
12.754637777235024	1.8420572828261614	439.0616357645297	96.23930317517487	327.5102837165925	434.3018265398121	2.6636574775786617
12.756609657348779	1.8443935142602492	440.17500123040395	96.51825767713188	327.7758052075139	434.9140947837339	2.6692079069532384
12.7571656695572	1.8467084209678484	441.58018547703927	96.79721217908893	328.0768817343015	435.5481417093004	2.676208992554526
12.759362955094117	1.8489955890803875	443.7780432945536	97.07616668104595	328.32825852911947	436.2191496422076	2.6871528567132157
12.758342796385945	1.850601270785304	636.8341627823031	97.35512118300298	328.57540100591274	436.76096736212037	3.6478035327745677
12.75849436148124	1.8507754220614216	915.7886647393036	97.63407568496	328.5950185035896	436.91326662622816	5.035448215131157
12.75830778221223	1.8505089869264946	1031.9622414881528	97.91303018691704	328.5637065199496	436.9483984995144	5.613227246095892
12.758756945227937	1.8501085294026627	1033.9796821135608	98.19198468887407	328.49663254444323	436.98708847458363	5.6232582864645835
12.757013366464085	1.8496612867621858	1035.41898672072	98.47093919083109	328.48335606712914	437.0491024939367	5.630413181575373
12.757168170305842	1.849187931552693	1036.5804271702361	98.74989369278813	328.4144248515739	437.13104853779436	5.636185373929441
12.755506965562821	1.8486967126261906	1037.5955731458553	99.02884819474517	328.39287397654533	437.23462108853425	5.641229384239224
12.755168977250976	1.8481918891763376	1038.5083367566347	99.30780269670218	328.333181874964	437.3595404862394	5.645763669109974
12.754088655646743	1.8476760430099033	1039.3452002625074	99.58675719865921	328.2923426508582	437.5163631843009	5.649919991700194
12.753097899481302	1.8471509134548945	1040.1074497623217	99.86571170061625	328.24778426373734	437.69170474036645	5.6537046484136
12.751380489286161	1.8466177592568622	1040.8265770301978	100.14466620257328	328.22203707439473	437.88541053791647	5.657274439315491
12.751422691202901	1.8460775430463512	1041.5125584418358	100.4236207045303	328.14713704923025	438.0940018389099	5.660679052353116
12.74879902317628	1.8455310250639092	1042.156299600199	100.70257520648732	328.14437336436185	438.3214613667357	5.663873118963312
12.749427599816938	1.844978842821176	1042.7702817308286	100.98152970844436	328.05181160628774	438.5937146384343	5.666918796235034
12.747507322977334	1.8444215149887642	1043.3680413778802	101.26048421040139	328.02831115379905	438.8870639235992	5.669883582301973
12.747757211414976	1.8438595004933633	1043.927515189518	101.5394387123584	327.9447019446919	439.19372687366166	5.672657384533929
12.746211476325339	1.8432931796245182	1044.4800868755472	101.81839321431544	327.909388401026	439.5496839082561	5.675396744997407
12.745222587359322	1.8427229025752379	1045.0031265667171	102.09734771627247	327.8581544037666	439.9452632199374	5.6779887257813275
12.74407180771844	1.8421489797324515	1045.519273219707	102.3763022182295	327.81088863472115	440.3632377990517	5.6805462911063955
12.746542672009914	1.8415716802009408	1046.01154587022	102.65525672018653	327.6632401361698	440.87090106766465	5.682984658665773
12.741588744624218	1.8409912550524328	1046.4990739019559	102.93421122214357	327.7200040573529	441.43345107165305	5.685399325924
12.740174175572504	1.840407924170614	1046.9639980718848	103.21316572410059	327.6787167844587	442.12652293902	5.687701082460176
12.748585210399478	1.8398218984243528	1047.4288920607885	103.49212022605762	327.36617794206967	442.97075554979585	5.690002688159424
12.738171931928731	1.8392333638005818	1047.8693465375632	103.77107472801464	327.5722472073491	444.31021679842974	5.69218215152167
12.736264153499025	1.838642496674823	1048.309801014338	104.05002922997168	327.5435090854006	530.1997037402667	5.694361614883916
12.734949826421479	1.8380494620971102	1048.7346834281823	104.3289837319287	327.4981086447359	694.0456411372274	5.696463211438605
12.733670582036073	1.8374544015401333	1049.1531151811184	104.60793823388573	327.45145868378	904.2015969427086	5.698532551999094
12.734784856027643	1.8368574666132869	1049.5715469340541	104.88689273584275	327.33861266598797	1031.6259676256232	5.7006015410894735
12.730887035547658	1.8362587981109555	1049.9899786869896	105.16584723779978	327.36359099801	1033.7276523973537	5.702669673275911
12.72934478965368	1.835658524029335	1050.408410439925	105.4448017397568	327.32345237772705	1035.1700663958702	5.704737805462347
12.72815131143939	1.835056766481776	1050.8268421928606	105.72375624171383	327.2734986831941	1036.343370928867	5.706804884009548
12.726638355103479	1.8344536354700778	1051.2452739457963	106.00271074367086	327.23214681869064	1037.3511885631483	5.7088718095844415
12.725198906701308	1.8338492376255333	1051.6637056987317	106.2816652456279	327.18858912843046	1038.2476746181399	5.71093818795143
12.723191161282863	1.8332436708282305	1052.0821374516674	106.56061974758492	327.16050482431615	1039.0675063399683	5.7130039086731745
12.722388534880428	1.8326370292870642	1052.500569204603	106.83957424954195	327.09909507674934	1039.8265167763848	5.715069588841982
12.72031633218984	1.8320294005514137	1052.9190009575384	107.11852875149897	327.0722279329079	1040.5466969126455	5.717134106464878
12.717617192491936	1.831420866517815	1053.337432710474	107.39748325345602	327.0626301608222	1041.2236808834332	5.719198624087776
12.716917745741847	1.8308115084244294	1053.7558644634096	107.67643775541303	326.9973278052789	1041.855361987816	5.7212624066849465
12.715626488908942	1.830201401150104	1054.174296216345	107.95539225737006	326.94836164125076	1042.4703207814478	5.7233257229592125
12.714360594907932	1.8295906163263052	1054.5927279692808	108.2343467593271	326.89858753955997	1043.0476175712936	5.725388813047878
12.715247294944188	1.8289792211330949	1055.0111597222162	108.51330126128413	326.7889212563938	1043.6046610421813	5.727450929719658
12.711239326654933	1.8283672817139922	1055.429591475152	108.79225576324114	326.815140344095	1044.1497441895517	5.729513046391439
12.709578037952275	1.8277548586688792	1055.8480232280874	109.07121026519818	326.7760900292522	1044.6715752940142	5.731574248068702
12.707186478601416	1.827142012719495	1056.2664549810231	109.3501647671552	326.75725141359885	1045.1793455064817	5.733635166880086
12.706168916336141	1.8265287997274222	1056.6848867339586	109.62911926911224	326.7001861915194	1045.6680907139173	5.735695681695132
12.703334059916916	1.8259152747835592	1057.103318486894	109.90807377106927	326.69353516118514	1046.146948935604	5.737755404384166
12.702809419393285	1.8253014905358038	1057.5217502398298	110.1870282730263	326.6226767859744	1046.6099997189165	5.739815127073199
12.700935131797614	1.8246874960088408	1057.9401819927652	110.46598277498333	326.58925581378804	1047.0605079501713	5.741873762577679
12.698354491381739	1.824073339725748	1058.3586137457007	110.74493727694036	326.57541068575006	1047.507935419666	5.743932290878375
12.696457911031708	1.823459068538555	1058.7770454986364	111.02389177889738	326.5425394512475	1047.9347988672616	5.7459902451239255
12.696008140922254	1.8228447257925902	1059.195477251572	111.30284628085441	326.46947335438165	1048.3590915884029	5.748047580766277
12.693197979567271	1.8222303555789157	1059.6139090045074	111.58180078281144	326.4619226116773	1048.7701509091098	5.750104855675541
12.616072711383158	1.7979834585506116	1076.351179121929	122.73998086109259	325.1973683222483	1064.9915814622682	5.831985543539897
12.526745212050628	1.7751310702212626	1093.088449239351	133.89816093937375	324.42536630093696	1081.2331109219242	5.913108060360453
12.432005417569822	1.7541764975336758	1109.8257193567724	145.0563410176549	324.0383891558574	1097.4851428960615	5.993496148742515
12.334075651131794	1.7352498057082613	1126.562989474194	156.21452109593602	324.00795635369417	1113.7451552922291	6.073172475193868
12.235069011114131	1.7183221123098689	1143.3002595916157	167.37270117421716	324.2810498826421	1130.010051268608	6.152158692992545
12.136674375843965	1.703289601904595	1160.0375297090377	178.53088125249832	324.80291148137405	1146.2768987781687	6.230475500594652
12.03890096974184	1.6900137182255033	1176.7747998264595	189.68906133077948	325.5633406147249	1162.546049122118	6.308141715586156
11.942710967648209	1.6783424556244242	1193.5120699438814	200.84724140906062	326.5177198949194	1178.815511863957	6.385176714295914
11.847124101722043	1.6681222051507918	1210.249340061303	212.00542148734172	327.68287251317906	1195.0878273401195	6.461597164267416
11.757588817601002	1.659204401330789	1226.9866101787247	223.16360156562288	328.8671550931905	1211.3489818144917	6.5374205598762405
11.668626367658584	1.6514491517316163	1243.7238802961472	234.32178164390402	330.2293311985196	1227.6126212269958	6.61266277075369
11.581885563706244	1.6447270473081224	1260.461150413569	245.47996172218518	331.70362703946097	1243.8743624392625	6.687339054619799
11.499420642560555	1.6389198471857396	1277.1984205309907	256.63814180046626	333.20597727423245	1260.1279430473953	6.761464087760179
11.418160309347881	1.63392048043636	1293.9356906484122	267.79632187874745	334.8260468905207	1276.3818039845532	6.835051993656023
11.340971760245166	1.6296326371986922	1310.6729607658344	278.9545019570286	336.4517864788246	1292.6269595195408	6.908115461906125
11.26857410788368	1.625970124223499	1327.4102308832566	290.1126820353098	338.0432040848481	1308.860166646478	6.980668248802788
11.19528167167386	1.6228561018567067	1344.1475010006786	301.2708621135909	339.7909494580108	1325.0993720843232	7.052721937972454
11.124753114002804	1.620222276726487	1360.8847711181002	312.429042191872	341.5534523072406	1341.332527546809	7.1242889339463416
11.058809337990912	1.6180080926089457	1377.6220412355217	323.58722227015323	343.2506026973895	1357.5525409608128	7.195380172184153
10.994428544010779	1.6161599553342676	1394.3593113529435	334.74540234843437	344.9817550238541	1373.7693824625544	7.266006462303825
10.93258608837503	1.6146304987772333	1411.096581470365	345.9035824267155	346.6996387959929	1389.9791206737862	7.336178515961605
10.87216960945742	1.61337790949827	1427.8338515877865	357.06176250499664	348.4357899688996	1406.1855630924601	7.405906375484304
10.814269217857744	1.6123653128054032	1444.5711217052083	368.21994258327777	350.13876202601244	1422.384095307989	7.475199760307631
10.758078865877739	1.6115602090353216	1461.3083918226298	379.37812266155896	351.82994906195154	1438.5774757691456	7.5440676689716035
10.704658186534441	1.6109339753901406	1478.0456619400513	390.5363027398401	353.4601843676564	1454.760818237786	7.612519364427314
10.652392660688891	1.6104614164347972	1494.782932057473	401.69448281812123	355.0840175284024	1470.9405118607472	7.6805637729484175
10.601757834803996	1.6101203620353748	1511.5202021748944	412.85266289640236	356.67670833704176	1487.1142300969689	7.748208688667462
10.553446014423479	1.6098913149221752	1528.2574722923164	424.01084297468344	358.2033614218981	1503.2783801436585	7.815462789747435
10.506554228520912	1.6097571360548038	1544.9947424097381	435.16902305296463	359.6961449727855	1519.4366546840263	7.8823332510451944
10.460045187757267	1.6097027646704667	1561.7320125271597	446.32720313124577	361.19123133073964	1535.5938568820202	7.94882819096819
10.41682912709433	1.609714975310278	1578.4692826445814	457.48538320952696	362.5719681848762	1551.735335531124	8.01495475319748
10.373950976226755	1.6097821597704127	1595.2065527620032	468.64356328780804	363.950004028896	1567.8753629883504	8.080719587054764
10.335189841013447	1.6098941353183425	1611.9438228794254	479.8017433660893	365.1807498942421	1583.9938639505076	8.146129875851106
10.292365913229812	1.6100419792023921	1628.6810929968472	490.95992344437036	366.5683351904749	1600.1341150597787	8.21119220374
10.253552074977202	1.610217878330879	1645.4183631142694	502.1181035226515	367.8091561724788	1616.2527158302607	8.275912959006543
10.215667299942773	1.6104149990589245	1662.1556332316911	513.2762836009326	369.0205701016713	1632.365909548953	8.34029835905624
10.181964446083049	1.6106273707295375	1678.8929033491124	524.4344636792138	370.07969538618556	1648.454327808161	8.404354200478046
10.1420104845585	1.6108497887685471	1695.630173466534	535.5926437574949	371.36475346184756	1664.579341925927	8.468086391685162
10.10748922638359	1.611077719882395	1712.3674435839553	546.7508238357761	372.4558212757676	1680.671619728157	8.53150079620236
10.07394747960936	1.611307221620047	1729.1047137013768	557.9090039140572	373.5125705613046	1696.7571511434348	8.594602855666418
10.041323800684266	1.611534885830128	1745.8419838187986	569.0671839923383	374.53546852349484	1712.8362593337283	8.657397482593067
10.019199129146564	1.6117577604349524	1762.579253936221	580.2253640706195	375.1866959225376	1728.8448165180425	8.71989053836879
9.976914093096825	1.611973306665518	1779.3165240536425	591.3835441489007	376.5500883472535	1744.986186157299	8.78208622630639
9.94688802283148	1.6121793433849443	1796.0537941710638	602.5417242271818	377.4811853443289	1761.0452179113695	8.843990145324728
9.923462212986037	1.6123740142893288	1812.791064288485	613.699904305463	378.1829896808993	1777.0563815626197	8.905606724244599
9.892902672370093	1.6125557401960053	1829.5283344059067	624.858084383744	379.13306129207257	1793.1162399658072	8.966940430674427
9.860273880790649	1.6127231946074634	1846.2656045233293	636.0162644620251	380.1545310342921	1809.190798926263	9.027996045610353
9.833435953366518	1.612875265164165	1863.0028746407513	647.1744445403064	380.975852539676	1825.2217578573711	9.088777869945426
9.824636976172341	1.6130110395768302	1879.740144758173	658.3326246185874	381.1688714061593	1841.1117439308298	9.14929010762749
9.778697898350952	1.6131297708707342	1896.477414875595	669.4908046968686	382.6568567149004	1857.2876618935766	9.20953686849484
9.758399891360686	1.6132308658859258	1913.2146849930166	680.6489847751498	383.2513459847923	1873.262007583867	9.269522171010514
9.72984140117069	1.6133138614338947	1929.9519551104383	691.8071648534309	384.1343585016076	1889.300981972966	9.329249944899463
9.705631474808554	1.613378411958513	1946.6892252278603	702.965344931712	384.8675256408375	1905.3030800553172	9.388724033692688
9.679303906650807	1.6134242720389838	1963.4264953452823	714.1235250099932	385.67555555898605	1921.321568090974	9.447948197182185
9.654672008091795	1.6134512880967957	1980.163765462704	725.2817050882744	386.42651063225287	1937.3243712932779	9.50692611379042
9.635138521078865	1.6134593837357034	1996.9010355801256	736.4398851665554	387.00031331651184	1953.2804579152028	9.565661382857773
9.609854820053128	1.6134485502432112	2013.6383056975476	747.5980652448367	387.77565391743144	1969.2857364226122	9.624157235237277
9.587685180051622	1.61341883886072	2030.3755758149696	758.7562453231178	388.44450948777063	1985.261335297892	9.682417105295356
9.572423871803597	1.6133703532000143	2047.1128459323913	769.914425401399	388.87278978950224	2001.1699331745015	9.740444600978275
9.553575076297072	1.6133032415585706	2063.850116049814	781.07260547968	389.42669886466217	2017.108786201856	9.798242431787681
9.524442380255962	1.6132176898513548	2080.5873861672358	792.2307855579612	390.3456203799121	2033.1455184428535	9.855814213719121
9.503836374117338	1.6131139189844517	2097.3246562846566	803.3889656362423	390.9670556583674	2049.098209274936	9.91316265493297
9.481701800704544	1.6129326622287767	2114.061926402078	814.5471457145234	391.6430575069477	2065.0644393990747	9.970291142735412
9.4671609639737	1.6128527310825627	2130.7991965194997	825.7053257928047	392.0510471809611	2080.9508375600635	10.027202069930501
9.443478145718453	1.6126958802350106	2147.5364666369214	836.8635058710857	392.78808920120736	2096.92944395618	10.08389883103606
9.424478486141792	1.6125219303601097	2164.2737367543427	848.0216859493669	393.3579875522055	2112.8573462796458	10.140384025377438
9.38712396737677	1.6121240369775636	2197.7482769891863	870.3380461059293	394.4833204299485	2144.6995543328994	10.252730233742131
9.36911562183774	1.6119007723269088	2214.4855471066076	881.4962261842104	395.0241451443263	2160.6098905637064	10.308596810378242
9.352204284650513	1.6116617578253087	2231.2228172240293	892.6544062624915	395.52823700330833	2176.505349370512	10.364262422236505
9.337123963108105	1.611407348542932	2247.9600873414506	903.8125863407726	395.96486494386045	2192.3767980291586	10.419729551907238
9.316507465602562	1.6111379027691644	2264.697357458873	914.9707664190539	396.60971188134425	2208.3107558259935	10.47500063700194
9.304025126796258	1.6108537810979324	2281.4346275762946	926.128946497335	396.95349706174466	2224.1454889887395	10.530078047521192
9.285755039365164	1.6105553423006704	2298.171897693716	937.2871265756161	397.5161502051957	2240.0471583279827	10.584964208321379
9.278298004984178	1.6102429490193826	2314.9091678111386	948.4453066538972	397.6725216803157	2255.8120688179515	10.63966135518437
9.251785939580286	1.6099169577321637	2331.64643792856	959.6034867321786	398.5514874679025	2271.8127686203784	10.694171781713454
9.23445528312283	1.6095777262733186	2348.3837080459816	970.7616668104596	399.0864422981022	2287.6968688120473	10.748497716997631
9.218768604529677	1.6092256078850806	2365.120978163404	981.9198468887407	399.56133892295713	2303.5575862000583	10.802641351215085
9.206938458811718	1.608860952144379	2381.8582482808256	993.0780269670219	399.8892809059845	2319.364539420426	10.856604836516572
9.194898134645113	1.608484106418921	2398.5955183982487	1004.236207045303	400.2267312072222	2335.17032702629	10.910390287884267
9.172589643280972	1.6080954115001054	2415.3327885156705	1015.3943871235842	400.9664490151398	2351.11324203457	10.96399948004219
9.160608996505507	1.6076952035371728	2432.070058633091	1026.552567201865	401.305496729891	2366.912777527958	11.017434592492602
9.147677998278258	1.6072838159675258	2448.807328750512	1037.7107472801463	401.6827748168642	2382.7220274493666	11.070697754145712
9.128747467834994	1.6068615725471118	2465.544598867933	1048.8689273584273	402.30196913174285	2398.6142259779167	11.123790578619943
9.12096682634356	1.6064287946713196	2482.2818689853543	1060.0271074367085	402.47699236715124	2414.3432010194615	11.176715116028246
9.10303028193288	1.6059612813193471	2499.0191391027765	1071.1852875149898	403.0627888059728	2430.2171752941617	11.229473331333773
9.087956293283288	1.6055328854322257	2515.756409220198	1082.3434675932708	403.5359724811777	2446.047269588757	11.282066706703139
9.073068195640111	1.6049576211036545	2532.4936793376205	1093.501647671552	404.0051929297422	2461.8724866377884	11.334497455141676
9.06016313466266	1.6045985307640824	2549.2309494550427	1104.659827749833	404.39516476863935	2477.6649837884574	11.386766892993025
9.050631232857352	1.6041176726966937	2565.9682195724645	1115.8180078281143	404.6469408842878	2493.401675624162	11.43887709380449
9.037693218374065	1.6036280732215316	2582.705489689886	1126.9761879063956	405.04202687425993	2509.1882625008666	11.490829590747525
9.027380857370892	1.6031300093553427	2599.442759807308	1138.1343679846766	405.3284240275903	2524.92971036498	11.542625949153724
9.009468366363304	1.6026237547873514	2616.180029924729	1149.2925480629576	405.93900653079385	2540.7917802208003	11.594268072907909
8.999087783745567	1.6021095706341801	2632.9173000421515	1160.450728141239	406.232444592699	2556.528441109572	11.645757298971944
8.98472723444113	1.6015877166312638	2649.6545701595733	1171.6089082195201	406.6987446811547	2572.328400750398	11.697095211258123
8.979136475220768	1.6010584457926442	2666.391840276995	1182.7670882978011	406.78771989200465	2587.976798690384	11.748283527393479
8.959476684770207	1.600417671397956	2683.1291103944163	1193.9252683760824	407.4905122219103	2603.8628887171753	11.799323732782497
8.948352132632202	1.599912985594023	2699.8663805118376	1205.0834484543634	407.8241395902627	2619.600035076823	11.850217230206823
8.937370568212941	1.5994285559367167	2716.603650629259	1216.2416285326447	408.1535255970707	2635.3314913862214	11.90096537533079
8.924278946552175	1.5987118787717225	2733.3409207466807	1227.399808610926	408.5790877865243	2651.0978096310437	11.95156978010772
8.912838488148617	1.5982516956987962	2750.0781908641034	1238.557988689207	408.93349633876846	2666.831887972205	12.00203184525908
8.90499148082286	1.5977404085439466	2766.8154609815256	1249.716168767488	409.12725488180394	2682.496646461987	12.052352951554003
8.892999011247612	1.5971657725736892	2783.552731098948	1260.8743488457694	409.5104695091223	2698.234604023268	12.102534460179074
8.881472596761178	1.5965500883489452	2800.2900012163695	1272.0325289240504	409.8749869312234	2713.9612598101394	12.152577713099678
8.87348736119791	1.595999861263962	2817.0272713337913	1283.1907090023315	410.0782378993039	2729.6171522571944	12.202484033413247
8.858747729293489	1.5954089819723076	2833.764541451213	1294.3488890806127	410.59695524905453	2745.4003741990573	12.252254725694478
8.851220939286383	1.594813075445392	2850.5018115686344	1305.5070691588937	410.78121258454183	2761.0403062745127	12.301891076332847
8.837157852157045	1.5942123266436465	2867.2390816860557	1316.665249237175	411.2760058855776	2776.8064403819876	12.35139435386261
8.828991562356116	1.593550445219315	2883.976351803477	1327.8234293154562	411.4932801673154	2792.4520891492857	12.400765809285398
8.815897397385939	1.592997018813781	2900.713621920899	1338.9816093937372	411.9486472163715	2808.1946845885254	12.450006676385735
8.80692892111476	1.592382802814868	2917.450892038321	1350.1397894720183	412.2082002859214	2823.8501816157986	12.499117936979456
8.798696172069985	1.5917644376129112	2934.188162155743	1361.2979695502997	412.4329649210681	2839.4866693549734	12.548100992466182
8.783736885615253	1.5909424801161758	2950.925432273165	1372.4561496285808	412.98995441808876	2855.2623071943344	12.596957029285722
8.777782658739277	1.5905134155760967	2967.6627023905858	1383.6143297068618	413.10607251797217	2870.84378313172	12.6456872160529
8.768980531843557	1.5898860300723687	2984.3999725080066	1394.772509785143	413.36375576715085	2886.482306274503	12.694292519985636
8.759845122226011	1.5892526331267436	3001.1372426254284	1405.930689863424	413.639246329112	2902.124721313667	12.742774053594802
8.74681955827285	1.5886158499219298	3017.8745127428497	1417.0888699417053	414.11479823147096	2917.850702847017	12.791133120775031
8.740206503379877	1.5879758215595077	3034.611782860272	1428.2470500199865	414.26713757691954	2933.43077234711	12.839370666107108
8.72859569647271	1.5873326825981426	3051.3490529776927	1439.4052300982676	414.6758934332264	2949.1205272112047	12.887487623287921
8.719318384880578	1.586686567922827	3068.086323095114	1450.5634101765488	414.96877602170844	2964.7545720053754	12.93548536682629
8.711147355949006	1.585385923179071	3101.5608633299585	1472.879770333111	415.0164805451332	2995.7680553107925	13.03112646951037
8.704544763775376	1.5847316421012654	3118.298133447379	1484.0379504113923	415.171140608767	3011.326410439423	13.07877199882926
8.682743595019017	1.5840748786445302	3135.0354035647993	1495.1961304896734	416.1317017431844	3027.248483432036	13.126302154748185
8.68099468163511	1.5834157519541883	3151.7726736822215	1506.3543105679544	416.0320088456631	3042.683632447966	13.173717912893949
8.66854525360038	1.5827543717591852	3168.509943799643	1517.5124906462356	416.5049011310205	3058.3768027795923	13.221020241986187
8.648064163127685	1.5814252879234307	3201.984484034487	1539.828850802798	417.22696662862546	3089.6484431270023	13.315288359135804
8.648869984631132	1.5807577935953896	3218.7217541519094	1550.9870308810791	416.98486213645054	3104.998326278657	13.362255825532785
8.633261011490939	1.5800884627610938	3235.459024269331	1562.14521095936	417.64581633160606	3120.764822084844	13.4091137284962
8.625243002024284	1.5794173978465118	3252.1962943867534	1573.3033910376412	417.8923831517703	3136.333707675414	13.455862714716355
8.616715981669111	1.5787446884682024	3268.9335645041742	1584.4615711159224	418.168760100667	3151.912836438627	13.502503657654014
8.60483506655758	1.5777881617828524	3285.6708346215964	1595.6197511942034	418.63747689893626	3167.5787169603213	13.549037617724654
8.600067772438123	1.5773947119071607	3302.4081047390177	1606.7779312724847	418.70490999995525	3183.051504424092	13.595465311565885
8.591205041561457	1.576717618010061	3319.1453748564395	1617.936111350766	419.0077265863767	3198.631139993277	13.641787465918712
8.58272831043578	1.5760392359921345	3335.88264497386	1629.094291429047	419.28996480817386	3214.1975494476173	13.688005128886005
8.581749600147258	1.5753596473304974	3352.619915091282	1640.2524715073282	419.1391169213588	3229.5520225298715	13.734119102827137
8.57056005708362	1.5746789305596687	3369.3571852087034	1651.4106515856095	419.5814041648345	3245.187262224805	13.780130149623593
8.566933391230558	1.5739971638046186	3386.0944553261256	1662.5688316638903	419.5839225276816	3260.6059243266077	13.826038897769994
8.557341399980524	1.5733144229018545	3402.831725443548	1673.7270117421715	419.9390424047085	3276.190820717949	13.871846336211686
8.24155364221536	1.539110738909794	4239.695231314632	2231.6360156562287	430.1256467110132	4046.443767914958	16.047858511200317
