28.382674912641598	0.08186168569606778	35.01889990375193	0.11158180078281144	0.21926186974739212	29.42314902622758	0.2294761402266479
27.641770240697547	0.08321373215704085	56.00181385488425	0.22316360156562287	0.16964892259207845	45.838738242152175	0.36638318336958964
26.83433892584748	0.08412053650494968	72.04827648580353	0.33474540234843436	0.14312977282693629	59.51381247828058	0.4708744562489539
26.655930269292238	0.08653140692622104	81.10687321179608	0.44632720313124574	0.11056400213515243	70.98732377518685	0.5297225169962301
25.816045958412317	0.08964351049144294	90.14122176324858	0.5579090039140573	0.09426161745451377	78.92916323992486	0.5884123560085507
25.510632233044056	0.09351022418067965	97.0036548044586	0.6694908046968687	0.07703501150416726	86.10946335922631	0.6325701430208444
24.865723215220463	0.09808744128249584	101.25525164665608	0.7810726054796802	0.06441478610460978	94.30146334271618	0.6592591071306456
24.363387806718706	0.10347096747597125	105.50684848885356	0.8926544062624915	0.05173119779557157	98.66426263710478	0.6859480712404469
23.71699265879324	0.10924524599950719	109.75844533105104	1.004236207045303	0.045385242815485956	102.71746229944176	0.7126370353502481
12.790508200417223	0.5526437528422838	245.1184020096942	11.158180078281145	108.24941371527719	242.56514105840452	1.5639839105109101
12.741844988683567	0.5871555111555989	253.65404261951434	12.273998086109259	117.50875010195774	251.0689532292167	1.6161407903683724
12.703093518621078	0.6199291074439531	261.7296876054994	13.389816093937375	125.85018533037763	259.1086625237894	1.6652807548923627
12.673870060804246	0.6511410717392117	269.4055962745393	14.505634101765487	131.68568792249943	266.74817204637486	1.7117993338468043
12.649050694321803	0.6809410051343897	276.72287937272495	15.621452109593601	137.20306003060705	274.0332163034561	1.7559712092779407
12.638971559768402	0.7094612567635955	283.69870404461176	16.73727011742172	142.17221895081167	280.9830511068824	1.7979216311163295
12.623873044969306	0.7368252430033018	290.3264756886116	17.853088125249833	147.07696947749466	287.610185794187	1.8376317821389079
12.600631528880603	0.7631549914313146	296.5716568394774	18.968906133077947	151.9751716651829	293.89426702747585	1.8749153030271155
12.589731016760224	0.7885774509434988	302.37346995694344	20.084724140906058	156.3914754908005	299.77770726560766	1.9094300248894451
12.576964650428856	0.813221882641108	307.6977800217818	21.200542148734172	160.71336166173728	305.21883451969086	1.9409954673559573
12.570265083236668	0.8372084305606754	312.5548311003268	22.316360156562286	164.7687886265924	310.20209391619466	1.9696941581087066
12.572861913941608	0.8606367865296405	316.9984994001083	23.4321781643904	168.49198743998335	314.7563998666357	1.995863315072614
12.555355391952354	0.8835802784123964	321.11246882335183	24.547996172218518	172.6671342459176	318.9610736518758	2.020012427524096
12.552586668515302	0.9060872279487413	324.97287906137774	25.663814180046632	176.39579567776644	322.8812256958583	2.0425998459960533
12.549303360794479	0.9281868800742319	328.64772908651815	26.779632187874743	180.08381759946494	326.58826436462635	2.06403412644212
12.547029355665046	0.9498960174825601	332.18020221677125	27.89545019570286	183.69401065141875	330.1367309646492	2.0845736169209217
12.549846986522324	0.9712245392010899	335.5982255806876	29.011268203530975	187.1171428062381	333.55972908762607	2.1043861706555105
12.541879842619874	0.9921794552440616	338.9166332901087	30.12708621135909	190.79417534865402	336.883362415041	2.123562600602054
12.541851623953152	1.0127675080659044	342.14054098195624	31.242904219187203	194.20553382854922	340.11169575241763	2.1421370079781914
12.540451557683788	1.0329967019400024	345.26897586087966	32.35872222701532	197.59985520610675	343.24823309017006	2.160108333654557
12.54794642716364	1.052876953245705	348.2934906048384	33.47454023484344	200.68296994274357	346.2879625227379	2.1774307504241994
12.550264790066533	1.0724201724174003	351.210670664623	34.590358242671556	203.86132557500414	349.22830420978073	2.194090618878463
12.545960590642697	1.0916398850196187	354.0134116692692	35.70617625049967	207.1846714453883	352.06484395029605	2.210051092885248
12.546458091755477	1.1105506904133053	356.69639673979367	36.82199425832778	210.32396229378122	354.78794887674593	2.2252858323402576
12.5468537442063	1.1291675848027425	359.2598072956073	37.937812266155895	213.42545230099563	357.39553768487303	2.2398008335536086
12.549732008290807	1.1475053415867196	361.7032782267105	39.053630273984005	216.41523699265278	359.88639815880884	2.253597754807214
12.551405279787563	1.1655780499041453	364.03298968856814	40.169448281812116	219.4062795923648	362.26468099343913	2.2667164136772837
12.558740718264321	1.1833988499448942	366.2544771961141	41.28526628964023	222.1916947877873	364.53312101731103	2.27919180247867
12.560058823171868	1.200979584575236	368.3723492162662	42.401084297468344	225.13025443811827	366.6968121538377	2.291052772256226
12.563009157007457	1.2183309544401535	370.3945062881371	43.51690230529646	227.99060166113577	368.76357774085784	2.30234711811895
12.566130400776824	1.2354623165346452	372.32977450712104	44.63272031312458	230.81955176279334	370.74062040449684	2.3131276296906176
12.56964265528042	1.2523818949893888	374.18470846904665	45.7485383209527	233.61137006091303	372.63384834342173	2.3234333070653297
12.57595388247614	1.2690968389724635	375.9661085932601	46.86435632878081	236.29105617781642	374.44910518437734	2.333304347113423
12.576834708017715	1.2856133438276007	377.6807841326737	47.980174336608926	239.12075181763444	376.19507180021907	2.342780804752391
12.583391473116663	1.30193676925473	379.3353523431716	49.095992344437036	241.74709169037502	377.8756664603081	2.3519014682303516
12.584308680430219	1.3180717656828473	380.936078147139	50.211810352265154	244.53465522373617	379.5000138255667	2.3607029707657965
12.586965572167815	1.3340223704641796	382.48624769484627	51.327628360093264	247.24045621033315	381.07241836383594	2.369204206513878
12.593317032956925	1.34979203171475	383.99094137104214	52.44344636792138	249.80042066518504	382.5974580320199	2.377434627335955
12.597410093219263	1.3653838373065095	385.4574652488782	53.559264375749486	252.41089292460313	384.0769883583978	2.385437058826325
12.604747967283995	1.3808004828862888	386.88526062837286	54.6750823835776	254.88930609122013	385.5193815227823	2.393207279747515
12.604988094095834	1.3960442962561939	388.28205340026153	55.79090039140572	257.5833133428908	386.9267196260726	2.400790724825697
12.604988094095834	1.3960442962561939	388.28205340026153	55.79090039140572	257.5833133428908	386.9267196260726	2.400790724825697
12.606341871655834	1.3998285140503122	388.62560388992966	56.06985489336274	258.2094142960993	387.27441297411394	2.402652426041103
12.606879975490108	1.4036020893810666	388.9691543795978	56.348809395319776	258.86186079950977	387.6180178147347	2.404514127256509
12.608997209186537	1.4073650398382642	389.3092460178832	56.6277638972768	259.45970749745436	387.9612809916932	2.4063548026499553
12.609273845875853	1.4111174390715293	389.64811616552146	56.90671839923384	260.1186828720764	388.3025449393451	2.4081880527909028
12.611075076403301	1.414859270301122	389.98693508958297	57.185672901190856	260.72417277794744	388.64099404152404	2.4100209900440475
12.611987170329952	1.4185905794910074	390.3213971290051	57.464627403147894	261.35834162387465	388.9796338824216	2.4118273142383533
12.613220682762336	1.4223114129678267	390.6558591684272	57.74358190510491	261.9804252581172	389.3146717251294	2.413633638432659
12.61660595432875	1.42602175272206	390.9893132638223	58.02253640706195	262.5280684966391	389.64816516290205	2.4154337715539547
12.615525926961634	1.4297216639803014	391.3196370570143	58.301490909018966	263.22612969201106	389.98261814606815	2.417214677487069
12.615991196489993	1.4334111652602954	391.64996085020636	58.580445410976004	263.87004501494346	390.31239809123514	2.4189955834201835
12.622647894431944	1.4370902503809329	391.9785969112701	58.859399912933036	264.3007145147694	390.6408470717193	2.4207660562565834
12.62077806111132	1.4407589859813332	392.30504983083335	59.13835441489007	265.0223512483002	390.9703470082013	2.4225230335115264
12.620113010956864	1.4444173759793721	392.63150275039663	59.41730891684709	265.70108926622567	391.2962764374479	2.4242800107664686
12.620802492371373	1.448065424676069	392.9558273330506	59.69626341880411	266.3318197287311	391.6219165111046	2.4260237333001684
12.620604075808604	1.4517031939548681	393.27867419404487	59.975217920761146	266.9920421774262	391.94644081699823	2.4277582529728985
12.623543876113223	1.4553306798427181	393.6015210550392	60.25417242271817	267.5429803860239	392.26778624482836	2.4294927726456286
12.624320922179209	1.458947898053895	393.92200192986	60.53312692467521	268.1667442487907	392.58958625361083	2.431212429756095
12.6255914736316	1.4625548995118354	394.24150496681034	60.812081426632226	268.7718326705094	392.90966803134694	2.432925944321691
12.626548376453806	1.466151679411102	394.5610080037607	61.091035928589264	269.3866693246198	393.227870792118	2.4346394588872866
12.627730589414782	1.46973825518566	394.8780758260635	61.36999043054628	269.99258076893625	393.54602392516756	2.436337520266725
12.629178041707517	1.4733146755331676	395.1944947110226	61.64894493250332	270.58727282410223	393.8623765076701	2.4380314636725844
12.629773210582275	1.4768809326060268	395.5109135959817	61.927899434460336	271.21021395072546	394.17735153960484	2.439725407078444
12.631806506889257	1.4804370506257325	395.82496375616637	62.206853936417374	271.7819521861422	394.49201952090584	2.441404138089287
12.63248813983187	1.4839830675386425	396.13855565388286	62.4858084383744	272.39953949451495	394.8052463526811	2.443079926052562
12.635650869327264	1.4875189801544133	396.4521475515993	62.76476294033144	272.9281551940778	395.11662881533556	2.4447557140158374
12.635403461305268	1.4910448080831868	396.76354217341384	63.043717442288454	273.57493682847	395.4287294583532	2.446417187304375
12.636149731489732	1.4945605909238697	397.0745618298326	63.32267194424548	274.18581459488223	395.73902405599836	2.448076217791955
12.637305869904845	1.498066326161599	397.38558148625134	63.60162644620251	274.7805596955467	396.04803452543075	2.449735248279535
12.63853092156323	1.5015620308119308	397.69465154487773	63.88058094815954	275.37111987371014	396.3570260776864	2.451381355984308
12.639240022277264	1.5050477418185944	398.00335140539033	64.15953545011656	275.97864080772945	396.66474449292247	2.45302500985484
12.640383671145457	1.5085234594843009	398.3120512659028	64.4384899520736	276.5697365256492	396.9712110080147	2.4546686637253714
12.641351757074165	1.5119891967439012	398.6190988018067	64.71744445403063	277.1645735109719	397.2777098302939	2.456301130142157
12.643971189270678	1.5154449897507178	398.9257291558621	64.99639895598766	277.69997399887177	397.582744227958	2.457930771930774
12.64380293437276	1.5188908402431058	399.23235950991756	65.27535345794469	278.33243006148433	397.8871900785791	2.4595604137193923
12.645216839315207	1.522326763832673	399.537659918174	65.5543079599017	278.90713095228296	398.1912943601099	2.4611808083062106
12.646100986168209	1.525752789756676	399.84246906705374	65.83326246185874	279.49873348610896	398.49469494828105	2.4627977871338333
12.647349226387297	1.5291689239364736	400.14727821593345	66.11221696381577	280.07623165502906	398.79678673276385	2.464414765961456
12.648528777010016	1.5325751755825083	400.45108259421517	66.3911714657728	280.654583755046	399.09888714053994	2.4660245165868653
12.651794346818777	1.5359715768247209	400.75431703896186	66.67012596772985	281.15659993189234	399.40002685027997	2.467630167177055
12.648591890536869	1.5393581347184186	401.0575514837086	66.94908046968686	281.8865933345465	399.7012607059814	2.469235817767245
12.652419929682406	1.5427348559899488	401.36008902527215	67.2280349716439	282.36616971027087	400.0009818669249	2.470836224123156
12.653294258404262	1.5461017723754158	401.6619936719374	67.50698947360091	282.9476238729903	400.30110797085985	2.4724318679106063
12.654253462028079	1.5494588854091607	401.96389831860273	67.78594397555796	283.524720924144	400.5998823866342	2.474027511698057
12.660546981258445	1.5528062190397927	402.2653787394322	68.06489847751497	283.91070410179793	400.89749919502003	2.4756197588143616
12.656510486711333	1.5561437815909838	402.56619711896985	68.34385297947202	284.66156753677154	401.1973436638936	2.477206705130095
12.658139774561295	1.5594715928125473	402.86701549850744	68.62280748142904	285.2091671474336	401.4946654740066	2.4787936514458275
12.657911106667687	1.5627896590317767	403.1676314901748	68.90176198338607	285.8213519853585	401.7923658011329	2.4803788232578206
12.659998509474574	1.5660980020239579	403.4676059901169	69.1807164853431	286.3487068924782	402.08955657195014	2.481958370575303
12.661575418301126	1.5693966342333319	403.76758049005906	69.45967098730013	286.8921954427084	402.38599156054255	2.483537917892785
12.662699217241059	1.572685564798125	404.06751019220155	69.73862548925715	287.4504050485483	402.6823081364004	2.485117010825606
12.663865061357665	1.5759648117115557	404.3668822989419	70.01757999121418	288.00423711768536	402.9786091881551	2.486690448061038
12.668816635751398	1.579234389856282	404.6662544056822	70.29653449317121	288.42162822010977	403.2735704838421	2.4882638852964702
12.666367604521506	1.5824943092550163	404.96562651242255	70.57548899512823	289.10044412960497	403.5698195662348	2.4898373225319017
12.66547091862972	1.585744583313632	405.2646744418319	70.85444349708526	289.7210330859057	403.8657238846696	2.491406429688128
12.668204440807461	1.5889852272137306	405.5636849897193	71.13339799904229	290.21047693480386	404.16058737290916	2.492975037534452
12.667752252132688	1.5922162537240718	405.86269553760667	71.41235250099933	290.8114037098448	404.45578898975447	2.494543645380776
12.670538458359246	1.5954376738008849	406.16162020117747	71.69130700295635	291.29424661068197	404.75026404908914	2.4961097320841503
12.671654860743041	1.5986495025574334	406.4605096266355	71.97026150491338	291.8342874952492	405.0450442559862	2.4976747843691007
12.672966384300118	1.6018517521923357	406.7593990520935	72.2492160068704	292.36564349013946	405.33947504675024	2.4992398366540507
12.67386906265043	1.605044432845516	407.0583497671181	72.52817050882744	292.9076067521583	405.63399032384297	2.5008037126439984
12.674871122147993	1.6082275587364112	407.3573583660068	72.80712501078446	293.44436342021805	405.92847284775695	2.5023664777026093
12.67850566299331	1.6114011441461817	407.65636696489554	73.08607951274149	293.8855379310962	406.2222480874527	2.5039292427612203
12.675893227744194	1.614565199270891	407.9554887731327	73.36503401469851	294.54389789817884	406.51741443343525	2.5054916857441523
12.67807512560037	1.6177197334716966	408.2548569590178	73.64398851665555	295.03126045086833	406.8114899100197	2.5070534277933767
12.679824146936072	1.6208647619513683	408.55422514490283	73.92294301861257	295.53034097356533	407.10573388217415	2.5086151698426016
12.680418508769575	1.6240002971437826	408.8536613404413	74.20189752056959	296.0670951875104	407.4002685043868	2.510176938903682
12.681915985774253	1.6271263478216202	409.153629901657	74.48085202252663	296.57039933279503	407.69458824035337	2.511738919408055
12.682404217422347	1.6302429250385349	409.4535984628727	74.75980652448366	297.1040651401862	407.98928946883984	2.5133008999124273
12.683719467221145	1.6333500438838218	409.75356702408845	75.0387610264407	297.6070448226322	408.283989191955	2.5148628804168
12.685145137350325	1.6364477139143323	410.054303480135	75.31771552839771	298.1029285870706	408.5786541942817	2.5164262278860843
12.690105466313971	1.6395359429473673	410.3551138335126	75.59667003035476	298.47306185881683	408.87259399271414	2.5179897069034074
12.686896739205036	1.6426147457147173	410.65592418689016	75.87562453231178	299.1238423044154	409.1689101416153	2.51955318592073
12.688021409394779	1.6456841369256145	410.95750881385584	76.1545790342688	299.6194969701938	409.46420867952725	2.521118635093287
12.688553881742566	1.6517946979778855	411.5612976920426	76.71248803818287	300.66232378331756	410.0559528144302	2.5242511100851948
12.695923371917102	1.6548359027285362	411.86388489072436	76.99144254013989	300.93575351547344	410.35057361754855	2.525819445238945
12.694732118635992	1.6578677242833684	412.16710682630526	77.27039704209692	301.4986106430629	410.64720819870047	2.527389702359316
12.6935073488919	1.6608901836318695	412.47032876188615	77.54935154405395	302.05784814770556	410.944572112682	2.5289599594796868
12.694683429655644	1.6639032940141782	412.7740815886505	77.82830604601098	302.53367408395064	411.24169536413547	2.530532000526789
12.694652311521226	1.6669070512442605	413.078875779157	78.10726054796801	303.0448607848207	411.5390977760712	2.5321075408156823
12.697214951283918	1.6699014737668152	413.3836699696634	78.38621504992503	303.4665621669912	411.83643797296145	2.5336830811045754
12.697932828202916	1.6728865760469767	413.6887626758225	78.66516955188207	303.94614058740035	412.13494681127844	2.535259696604415
12.70446969597868	1.6758623582696814	413.99537544533837	78.94412405383909	304.2291889971643	412.43202629294	2.5368417871563844
12.699808861735786	1.678828827383849	414.30198821485425	79.22307855579612	304.88062153996947	412.7321392377418	2.5384238777083534
12.701160295018342	1.6817860044534587	414.60860878065887	79.50203305775315	305.32791794388	413.0320077383984	2.5400059977678766
12.701018618645511	1.68473388995988	414.9172882218722	79.7809875597102	305.82284165694574	413.33223333071993	2.541595910301347
12.703281732807854	1.6876724885768466	415.22596766308544	80.05994206166721	306.23246447370093	413.6318531670622	2.5431858228348165
12.70456365133268	1.6906018196022827	415.5346471042987	80.33889656362425	306.6737134950745	413.93345340064474	2.5447757353682863
12.706760085052295	1.6935218881731333	415.84531647974893	80.61785106558126	307.0787877675403	414.23485161820327	2.546373463707253
12.706498052406232	1.696432691818763	416.156312639188	80.89680556753831	307.5629083097255	414.53685392446926	2.5479724755459707
12.707527984308893	1.6993342496629678	416.4673087986271	81.17576006949533	307.9988334689353	414.84007793260776	2.5495714873846884
12.70732431679085	1.702226574111174	416.78018541683986	81.45471457145234	308.47299191980505	415.14408047355926	2.5511780998062523
12.709762533344293	1.7051096519753373	417.09375045952225	81.73366907340937	308.8572265339914	415.44739569007004	2.5527874947547655
12.716913640594305	1.7079835075729846	417.4073155022046	82.0126235753664	309.09019071567496	415.75077270331707	2.5543968897032787
12.711699526720473	1.710848153107861	417.7226458364169	82.29157807732344	309.7110854882897	416.058315281467	2.5560135839898614
12.712708052721476	1.7137035736801607	418.03903418686394	82.57053257928045	310.13267837782587	416.36423523122687	2.5576346530882232
12.71326840471656	1.7165497933897562	418.355422537311	82.84948708123748	310.5625536799842	416.6712465884062	2.5592557221865855
12.714679114051146	1.719386816920722	418.673476831574	83.12844158319453	310.9648091852517	416.97956146297014	2.560883808044221
12.715835800808012	1.7222146401317238	418.992945287955	83.40739608515156	311.3691135881779	417.28792862504895	2.5625178501862518
12.716144448812821	1.7250332755599018	419.3124137443361	83.68635058710858	311.79902422716737	417.5971512128287	2.564151892328283
12.716436440761225	1.7278427432382861	419.6334883523061	83.96530508906562	312.22314661685266	417.90849905532446	2.5657928029258814
12.71871079675271	1.730643021814944	419.95629617027754	84.24425959102264	312.5860708016806	418.21929913610967	2.5674411253244362
12.719206200054524	1.7334341292042827	420.279103988249	84.52321409297967	312.9972382234832	418.53085302525466	2.569089447722991
12.720720012590618	1.736216085872088	420.60352362813217	84.80216859493669	313.3768705157711	418.8448548742123	2.5707447507487764
12.72157770498049	1.7389888683990657	420.92993257073823	85.08112309689372	313.77114706687144	419.1590191803893	2.5724086692305614
12.722487650410732	1.741752494023505	421.25634151334435	85.36007759885075	314.1624255413194	419.47315351402347	2.574072587712346
12.72256668928575	1.7445069834329223	421.58446141497694	85.63903210080777	314.57434788509727	419.79073536584366	2.575743995833082
12.723241028645715	1.7472523112337253	421.9147357647832	85.9179866027648	314.9661312379836	420.108188242586	2.577424834944689
12.725452301442377	1.7499884952795313	422.24501011458943	86.19694110472183	315.3089791533653	420.42519387124776	2.579105674056296
12.727774149714602	1.7527155547818025	422.5772180306001	86.47589560667886	315.64513516897466	420.74532688015717	2.5807950546455274
12.727594972696602	1.7554334621397607	422.911624560049	86.75485010863589	316.05450585655245	421.06651286183524	2.582494147551536
12.726029529221787	1.758142236871802	423.2460310894979	87.03380461059292	316.4990864903681	421.388079411331	2.584193240457545
12.734227575288376	1.7608418951165772	423.58274913825096	87.31275911254995	316.6556045108409	421.7100121824637	2.5859026244387757
12.730266241093881	1.763532410437956	423.9215570340637	87.59171361450699	317.1657696537745	422.0360498583717	2.5876213125920517
12.731931026475197	1.7662138011221473	424.2603649298766	87.870668116464	317.5089681437213	422.3604337202527	2.5893400007453278
12.732136462817927	1.7688860818024363	424.6020512335116	88.14962261842105	317.8917100102783	422.68853527361455	2.591071590375121
12.731807406956921	1.7715492221994054	424.9455319708275	88.42857712037807	318.286904579086	423.0175310121287	2.592811222938863
12.73229428841621	1.7742032460252632	425.2890127081434	88.70753162233508	318.6567744963011	423.3462667331032	2.594550855502606
12.734362463513046	1.7768481619112177	425.6361627845859	88.98648612429211	318.97705215623216	423.67806081542676	2.596307030897512
12.734498048574808	1.7794839382136205	425.9845899464356	89.26544062624914	319.3525824062872	424.01118913602255	2.598068963898228
12.747480248655611	1.782110608410928	426.33301710828533	89.54439512820618	319.35634235911203	424.34038113709	2.599830896898944
12.736354326344	1.7847280713757412	426.697999415102	89.8233496301632	320.04782315310104	424.68084632229755	2.6016739739034747
12.73829596099421	1.7873361817581659	427.06473930215526	90.10230413212022	320.3639857328036	425.0179169650037	2.603525665577204
12.737894620344008	1.7899349604423542	427.4356255454094	90.38125863407727	320.7432224771952	425.35567820959363	2.605397712923936
12.739797921770968	1.7925242086359403	427.8227115984201	90.6602131360343	321.0566922917101	425.6972009498354	2.607349289865842
12.746387288293903	1.7951038566847648	428.20979765143073	90.93916763799132	321.2341190523685	426.03748971772615	2.6093008668077484
12.741687542493887	1.7976738613152672	428.61147495941555	91.21812213994835	321.72841590410854	426.38209407969083	2.611324184055077
12.74255919574167	1.8002339794323825	429.02129732834294	91.49707664190538	322.0640149989008	426.7420452998983	2.6133875478344395
12.743461956989949	1.8027842130868514	429.43670842449006	91.77603114386241	322.39524927088365	427.101921976558	2.6154784281285806
12.744273806463314	1.8053243201932765	429.87210471292667	92.05498564581943	322.72854507380447	427.4675677698046	2.6176677070056864
12.745104574119676	1.8078542080294537	430.3075010013633	92.33394014777646	323.05778307427977	427.8472613544076	2.619856985882793
12.746048934394505	1.8103737124430617	430.76998240150436	92.61289464973349	323.3822004063014	428.22682051842213	2.6221797951733534
12.746632523489977	1.8128826120278485	431.2343567890119	92.89184915169052	323.7156206842418	428.62155413523385	2.624511936948433
12.747730894117902	1.8153807802020432	431.72491237500225	93.17080365364754	324.0307181664739	429.0231285947864	2.6269733101352686
12.748172367040027	1.8178679112780491	432.2223972072668	93.44975815560458	324.3634294747015	429.4300169272709	2.629468886350624
12.749548897344718	1.8203438514093515	432.7499479686474	93.7287126575616	324.66777654002664	429.8562563499011	2.6321130366104275
12.749953381213093	1.8228082456126726	433.2856273783464	94.00766715951863	324.99635523008453	430.2827298302646	2.634797355466116
12.75085682979451	1.8252608330373228	433.8624909390173	94.28662166147566	325.31036272548596	430.73363909019935	2.637685401834368
12.752207431333904	1.8277012554150671	434.45340882484555	94.56557616343271	325.60857387954826	431.1876875539127	2.640643021745459
12.752362116150376	1.8301290285390717	435.08626353123896	94.84453066538973	325.938042007115	431.66415209692894	2.6438082900233004
12.752129226354246	1.8325437655750836	435.75847855078143	95.12348516734676	326.27699717227006	432.1507831888618	2.6471686181501197
12.753216657246124	1.8349448045553216	436.46880021128686	95.40243966930377	326.5755777377671	432.6601038661683	2.6507178488648133
12.75545520181909	1.8373313909523827	437.24189954032903	95.68139417126082	326.8412009265154	433.18202274982957	2.654578433495628
12.755996686520827	1.8397026379402108	438.10081540718625	95.96034867321784	327.15166925261695	433.7357502435828	2.658864934194599
12.754637777235024	1.8420572828261614	439.0616357645297	96.23930317517487	327.5102837165925	434.3018265398121	2.6636574775786617
12.756609657348779	1.8443935142602492	440.17500123040395	96.51825767713188	327.7758052075139	434.9140947837339	2.6692079069532384
12.7571656695572	1.8467084209678484	441.58018547703927	96.79721217908893	328.0768817343015	435.5481417093004	2.676208992554526
12.759362955094117	1.8489955890803875	443.7780432945536	97.07616668104595	328.32825852911947	436.2191496422076	2.6871528567132157
12.758342796385945	1.850601270785304	636.8341627823031	97.35512118300298	328.57540100591274	436.76096736212037	3.6478035327745677
12.757260778006074	1.8507799858648104	849.8606705712403	97.63407568496	328.6295204659478	436.91803708839194	4.707531806225506
12.757131327694678	1.8506425051241449	852.4353557206215	97.91303018691704	328.61425254625317	437.03119886762516	4.720336570807694
12.757564495998194	1.8504534187213393	853.9864426617866	98.19198468887407	328.5764702989652	437.1749259611163	4.728048463153785
12.756782891460665	1.8502380188433372	855.238040943066	98.47093919083109	328.56844442502097	437.3508615705159	4.734269754900368
12.754673693368895	1.85000442061457	856.302485362954	98.74989369278813	328.59438227417576	437.5756479448106	4.739559292473306
12.755278672355322	1.8497566620602068	857.2421880530868	99.02884819474517	328.5438397898433	437.8239669298823	4.744227605100253
12.754787357637891	1.8494972335658169	858.0945998067364	99.30780269670218	328.5218018543301	438.0972943617412	4.748461063192131
12.7548072599969	1.8492278557943767	858.8835561375663	99.58675719865921	328.4843576970686	438.4015298363051	4.752378313963706
12.75305092238488	1.8489498139542184	859.6249503093272	99.86571170061625	328.4944998454426	438.764656902433	4.756058499237216
12.75241977892798	1.8486641112340831	860.3223365642209	100.14466620257328	328.4726871015602	439.1491007070223	4.759519285423799
12.751141235884623	1.8483715654221975	860.973529202811	100.4236207045303	328.46771089844714	439.59322758252847	4.762749681216719
12.750252186995175	1.848072861968671	861.6036927191223	100.70257520648732	328.45118765038205	440.09097487508024	4.76587516435724
12.749364622831113	1.8477685739825012	862.2014523661738	100.98152970844436	328.433851355273	440.6670848790498	4.7688389617266145
12.746161972338243	1.8474592058640207	862.7749724649548	101.26048421040139	328.4794095320501	441.32276681418284	4.771681753357053
12.749293174542657	1.8471451930533067	863.3328814688693	101.5394387123584	328.35032472530264	442.1544492723068	4.774446613169259
12.745564695430073	1.846826924295473	863.8629002547412	101.81839321431544	328.4090948400035	443.2690873030565	4.777072172148074
12.743480347906043	1.8465047431399153	864.3859399459112	102.09734771627247	328.42216082014295	460.5665390342294	4.7796628732528195
12.743502643287412	1.8461789663555344	864.8822162973203	102.3763022182295	328.37683706466123	638.5752567336592	4.782119829785045
12.743003844833632	1.8458498709810522	865.3744889478331	102.65525672018653	328.34536509339773	849.2188220708418	4.784556778602628
12.74000537766868	1.845517714443226	865.8443871376063	102.93421122214357	328.3821690945869	852.0936338307024	4.786881851651509
12.737781695448463	1.8451827280644386	866.309311307535	103.21316572410059	328.3972902998136	853.6998965855108	4.78918205383087
12.737055171424805	1.844845136477821	866.7584671462826	103.49212022605762	328.37088469595864	854.9482663357459	4.791403364518579
12.736982441880226	1.8445051296613613	867.1989216230571	103.77107472801464	328.3261552583277	856.0094178025512	4.793581140895806
12.73597292826697	1.8441628984246456	867.6317015627687	104.05002922997168	328.30686617132255	856.9497928580217	4.7957204960821
12.734402395845498	1.8438186091253177	868.0501333157046	104.3289837319287	328.3027138889945	857.8046864477689	4.797788019649222
12.736875536723604	1.8434724255337205	868.4685650686404	104.60793823388573	328.1870499058489	858.587348644763	4.799855543216346
12.731279181587416	1.8431245023409986	868.886996821576	104.88689273584275	328.2931338456444	859.3334383602871	4.801921733634916
12.72997216102243	1.8427749786657301	869.3054285745116	105.16584723779978	328.28098411371485	860.0156276389034	4.803987823910136
12.728521028391706	1.8424239865536234	869.7238603274471	105.4448017397568	328.27258776781713	860.6708796501208	4.806053184327887
12.726695611378096	1.842071641814941	870.1422920803827	105.72375624171383	328.27430004823367	861.295985407742	4.808117843792667
12.725320547657901	1.841718071474967	870.5607238333182	106.00271074367086	328.26343428570135	861.8852081150636	4.810182377001302
12.723619812916715	1.8413633685554431	870.9791555862538	106.2816652456279	328.2613710942301	862.4637498658548	4.812245608130237
12.722426329546357	1.8410076376587887	871.3975873391893	106.56061974758492	328.2451819536389	863.0048886649557	4.814308839259172
12.72043430500162	1.840650972767556	871.8160190921249	106.83957424954195	328.2508548731164	863.5409842543506	4.816371122170837
12.719199863117252	1.8402934630737324	872.2344508450603	107.11852875149897	328.2355233567898	864.0485224127065	4.8184329274316795
12.717621981634792	1.8399351918599454	872.6528825979959	107.39748325345602	328.2295402204341	864.5506057987453	4.820494391144237
12.715892786872313	1.8395762395366748	873.0713143509314	107.67643775541303	328.2276243832371	865.0290993733441	4.822554772997926
12.714295639408293	1.8392166820838323	873.489746103867	107.95539225737006	328.2219726756095	865.5050284734402	4.8246151548516165
12.71102818693719	1.8384960328421047	874.3266096097381	108.51330126128413	328.21244043231394	866.4087320866577	4.828733342063439
12.709369248583155	1.8381350756720267	874.7450413626735	108.79225576324114	328.20826501348904	866.8403254128865	4.830791757112961
12.707661259695813	1.8377737787668227	875.1634731156091	109.07121026519818	328.20538524365617	867.2685193870307	4.832849299508034
12.70584398155594	1.8374122030771716	875.5819048685447	109.3501647671552	328.20547416908676	867.6863105767766	4.8349068419031065
12.703631580118921	1.8370504058227684	876.0003366214803	109.62911926911224	328.21643994601664	868.0937188671088	4.8369630323475254
12.7023997073178	1.8366884371092302	876.4187683744159	109.90807377106927	328.2002775517549	868.4999113642432	4.839019158677632
12.700687885921976	1.83632635218911	876.8372001273514	110.1870282730263	328.19734813185175	868.9066909000449	4.841074545726193
12.698584476580708	1.835964199672075	877.2556318802868	110.46598277498333	328.205226377706	869.3139535498237	4.843129258425271
12.69717962033884	1.835602026341537	877.6740636332225	110.74493727694036	328.1937708749834	869.7203449466074	4.845183844770555
12.693327085469233	1.8352398770073355	878.092495386158	111.02389177889738	328.25003700133516	870.1297791507475	4.847237146265857
12.693603123126078	1.834877797162036	878.5109271390936	111.30284628085441	328.1920465247775	870.5340700530495	4.849290447761159
12.692458808194099	1.8345158281688845	878.9293588920291	111.58180078281144	328.17335562463336	870.9400129083766	4.8513428273015675
12.609562405311019	1.820458509618599	895.6666290094507	122.73998086109259	328.5053149543414	887.2262000420974	4.932975102914941
12.520449274451012	1.8078784709588562	912.4038991268724	133.89816093937375	329.20626017015985	903.5169994101086	5.013717882043711
12.426174104572022	1.7971202581646808	929.1411692442938	145.0563410176549	330.30717909000265	919.8130275736992	5.093603940926602
12.330232015230033	1.7881728878715395	945.8784393617156	156.21452109593602	331.7193821128889	936.1106493542444	5.17266431169341
12.235167678912536	1.780896170487787	962.6157094791378	167.37270117421716	333.3609296305788	952.4066635025287	5.250928401730909
12.142201159145088	1.7751049322945887	979.3529795965591	178.53088125249832	335.1778299242324	968.699311059714	5.328423118522486
12.046804665090928	1.770605718527739	996.090249713981	189.68906133077948	337.2911964379156	984.9968843658273	5.405174924951206
11.964695988839505	1.7672135825783841	1012.8275198314029	200.84724140906062	339.18901873384294	1001.2705025944991	5.481207296751128
11.8769383564675	1.7647594638522277	1029.5647899488247	212.00542148734172	341.44027753889026	1017.5550813378715	5.5565439614412
11.79589444080105	1.7630927554163773	1046.3020600662462	223.16360156562288	343.633056119927	1033.8265919472933	5.631206620103606
11.71823504590688	1.762081548050622	1063.0393301836682	234.32178164390402	345.8473270186857	1050.0912881784236	5.705215993517985
11.642884263730672	1.7616115910915966	1079.7766003010897	245.47996172218518	348.09714501973247	1066.3509636889216	5.778591067895918
11.570499149528537	1.7615847191142389	1096.5138704185115	256.63814180046626	350.3389808869038	1082.6038343842802	5.851351130355252
11.500903725044125	1.7619171060985162	1113.2511405359332	267.79632187874745	352.5575321851844	1098.8498944431174	5.923513601079849
11.437329596840787	1.7625374871547748	1129.988410653355	278.9545019570286	354.62730537862495	1115.0803873632728	5.995095617113293
11.37085475529914	1.7633855163175158	1146.7256807707768	290.1126820353098	356.83208253271823	1131.3177875005551	6.066112454595011
11.30842302830787	1.7644102512724882	1163.4629508881987	301.2708621135909	358.9242186861032	1147.5440268966229	6.1365800390546195
11.250451052576116	1.7655688197138901	1180.2002210056203	312.429042191872	360.8823238321564	1163.757000011435	6.2065128757672605
11.193873802549277	1.766825239074117	1196.9374911230423	323.58722227015323	362.79992052659577	1179.9648133107746	6.275924914117602
11.138446774626967	1.7681494005684129	1213.6747612404638	334.74540234843437	364.67711464027633	1196.1681008488983	6.344829485660673
11.086966741721376	1.7695161845703864	1230.4120313578856	345.9035824267155	366.4210308688322	1212.3578010385033	6.41323886336917
11.03646535359666	1.770904710815364	1247.1493014753075	357.06176250499664	368.1244133319372	1228.542780956935	6.481165992795186
10.987557006260337	1.7722976939171788	1263.8865715927293	368.21994258327777	369.7657829103938	1244.7208801683767	6.548622172135356
10.94070065903477	1.7736808888577182	1280.6238417101508	379.37812266155896	371.33135112578776	1260.890193867878	6.615618863004448
10.89601169428903	1.7750426272322044	1297.3611118275728	390.5363027398401	372.819278499825	1277.0498465676967	6.68216641532684
10.851665949922813	1.7763734196065424	1314.0983819449948	401.69448281812123	374.2837642391752	1293.2062585930953	6.748275664479521
10.809273630586937	1.7776656166534153	1330.8356520624166	412.85266289640236	375.676474752417	1309.3532400886597	6.813956412899919
10.7683002879933	1.7789131216511653	1347.5729221798379	424.01084297468344	377.0165396860409	1325.492480499679	6.87921814450152
10.728280528538034	1.7801111507459781	1364.31019229726	435.16902305296463	378.3166648584468	1341.625627986587	6.944070038065293
10.691655595010166	1.781256021488726	1381.0474624146816	446.32720313124577	379.5053534736031	1357.7420500433345	7.00852097994496
10.652656298556753	1.7823449806075797	1397.7847325321036	457.48538320952696	380.75938951718445	1373.866217874835	7.072579576127424
10.61644990581254	1.7833760546299893	1414.5220026495253	468.64356328780804	381.9194914205051	1389.975701719506	7.136254163686775
10.581147824280768	1.784347925660445	1431.259272766947	479.8017433660893	383.04635123757646	1406.0784747656282	7.19955261478437
10.547380259610657	1.7852598161931785	1447.9965428843686	490.95992344437036	384.1222589141123	1422.1713334701672	7.262482227548832
10.51341112821224	1.7861114112510672	1464.7338130017902	502.1181035226515	385.19958032209	1438.2624691806857	7.325051188570219
10.481436441429283	1.7869027660865668	1481.4710831192117	513.2762836009326	386.21280590174956	1454.3409494717318	7.387265638107595
10.449884551284722	1.787634254571905	1498.2083532366337	524.4344636792138	387.20957595977313	1470.414368654203	7.449133417086551
10.420785982184002	1.7883064984146742	1514.9456233540552	535.5926437574949	388.1288498456486	1486.4717930484567	7.510660735528031
10.389539698833724	1.7889203362848267	1531.682893471477	546.7508238357761	389.1098845045683	1502.5377804088544	7.571853982521022
10.360215757884058	1.789476771387151	1548.4201635888978	557.9090039140572	390.031199160384	1518.5903380838283	7.632719693539719
10.331709705488004	1.7899769410587312	1565.1574337063196	569.0671839923383	390.9262486807239	1534.635223196136	7.693263851901833
10.304182165844962	1.7904220908438804	1581.8947038237413	580.2253640706195	391.78988996789826	1550.6712776535587	7.753492281796766
10.276948110670123	1.790813543100759	1598.6319739411633	591.3835441489007	392.64351734314545	1566.7024122332502	7.813410653771209
10.25040620797599	1.7911526855032591	1615.3692440585844	602.5417242271818	393.47542829904773	1582.7261474354284	7.87302448998385
10.224200655144196	1.791440948077562	1632.106514176006	613.699904305463	394.29698002916166	1598.7446019802378	7.932339169240662
10.200507475520116	1.79167978621829	1648.8437842934277	624.858084383744	395.04024922563025	1614.7434507554392	7.991359931821535
10.175203548526667	1.791870675108643	1665.5810544108497	636.0162644620251	395.8345300899043	1630.7494349006463	8.050091884108419
10.150546968690357	1.7920150945722657	1682.3183245282712	647.1744445403064	396.6094578494751	1646.7478830827	8.108539403313372
10.130168589518668	1.7921145220935686	1699.0555946456925	658.3326246185874	397.2476305199784	1662.7130005820477	8.166707798455318
10.1036941552639	1.792170425794039	1715.7928647631143	669.4908046968686	398.0827492476781	1678.7179915335353	8.224601681104952
10.080819536906613	1.79218425860917	1732.5301348805358	680.6489847751498	398.80364018446005	1694.6938145645415	8.28222503716702
10.058495480604474	1.79215745132432	1749.2674049979573	691.8071648534309	399.50845899251914	1710.6623037525553	8.339582904625754
10.036216903849095	1.7920914156311802	1766.0046751153793	702.965344931712	400.2136167539517	1726.6270637308787	8.396678864135218
10.015362722427355	1.7919875299234442	1782.7419452328006	714.1235250099932	400.8725183882036	1742.5773252526844	8.453517521622429
9.994257239770011	1.7918471450613775	1799.479215350222	725.2817050882744	401.54214747763496	1758.5259771254644	8.510102904774735
9.976037709921851	1.7916715847749822	1816.2164854676437	736.4398851665554	402.1157435645997	1774.4474560867093	8.566438390199727
9.959412559170767	1.7914621336923717	1832.9537555850666	747.5980652448367	402.6344095419605	1790.3512136375746	8.622528289816874
9.939620239456506	1.7912200449960054	1849.6910257024883	758.7562453231178	403.26392962136333	1806.277363999971	8.678376250428425
9.923047194510248	1.7909465385405354	1866.4282958199105	769.914425401399	403.7824070817464	1822.1717576493006	8.733985839899303
9.895538479465147	1.7906427989147968	1883.1655659373318	781.07260547968	404.6902130240587	1838.159270665694	8.78936054937478
9.878069196556254	1.7903099728515308	1899.9028360547532	792.2307855579612	405.2462085002492	1854.0547042780054	8.844503795422046
9.85921393046197	1.7899491783473216	1916.6401061721751	803.3889656362423	405.85430683670324	1869.9589433600995	8.899418922098617
9.843111044740866	1.7895614909170745	1933.3773762895967	814.5471457145234	406.3645263424204	1885.833615697009	8.954109202950669
9.823239629075987	1.789147957073006	1950.1146464070182	825.7053257928047	407.01583793010303	1901.7403268095143	9.008577842943968
9.804775464706987	1.7887095875574661	1966.85191652444	836.8635058710857	407.6190002927337	1917.6302817988133	9.062827980330164
9.786706948592336	1.788247360769703	1983.589186641862	848.0216859493669	408.21100960467106	1933.5129515030858	9.116862688450949
9.77808642760054	1.7877622215721092	2000.326456759284	859.1798660276481	408.44482323143524	1949.2955656728316	9.170684977482543
9.75286168696483	1.7872550824049116	2017.0637268767057	870.3380461059293	409.3177193446327	1965.2444175048925	9.22429754252806
9.750192140287288	1.7867268260156979	2033.8009969941277	881.4962261842104	409.31844733383724	1980.9532767557769	9.277703208966665
9.72049051198359	1.786178304232179	2050.5382671115494	892.6544062624915	410.3794501250111	1996.9455060424716	9.330905058454185
9.704272339702403	1.785610339448348	2067.2755372289707	903.8125863407726	410.91626223411726	2012.7907905364482	9.383905478574944
9.68855019765989	1.7850237234069604	2084.0128073463925	914.9707664190539	411.4367084571679	2028.626901468196	9.43670719350933
9.675413646004152	1.784419223585	2100.7500774638143	926.128946497335	411.8542817778641	2044.429790073318	9.489312954093789
9.657455767545938	1.7837975765434408	2117.487347581237	937.2871265756161	412.47315186257606	2060.283974707546	9.541724957137635
9.646828933182798	1.7831083982295641	2134.2246176986587	948.4453066538972	412.79035893400413	2076.0489012403036	9.59394600647622
9.622748656952787	1.7818367524753322	2167.6991579335017	970.7616668104596	413.5444857536262	2107.5966747648176	9.697824248597483
9.604051616574449	1.7811533907033386	2184.4364280509244	981.9198468887407	414.2112721435739	2123.4460786781747	9.74948637235006
9.584710268699014	1.7804561964249117	2201.1736981683453	993.0780269670219	414.91400191429767	2139.3016224967787	9.80096657171662
9.570755378266181	1.7797457651309987	2217.9109682857675	1004.236207045303	415.38616090986494	2155.0863034078866	9.852267227726122
9.556999850884788	1.779022665042715	2234.648238403189	1015.3943871235842	415.85321311336577	2170.864573473106	9.90339063865962
9.54314444213107	1.7782874494664946	2251.38550852061	1026.552567201865	416.3279650771673	2186.6403542066087	9.954338890689177
9.53106573075845	1.7775375819456267	2268.122778638032	1037.7107472801463	416.72476862238904	2202.388456281727	10.005113996189001
9.517356526538432	1.7767827749869476	2284.8600487554536	1048.8689273584273	417.19991190980926	2218.1545242070483	10.055717846484272
9.502561405271404	1.7758536772598736	2301.597318872876	1060.0271074367085	417.7297068828747	2233.9321062542895	10.106152642263117
9.494347898334537	1.7752357624489543	2318.3345889902976	1071.1852875149898	417.95217967429	2249.613458403771	10.156420329572175
9.477696729647578	1.7744475567348466	2335.0718591077193	1082.3434675932708	418.5779624850937	2265.4102239091953	10.206522821732692
9.466598009391165	1.7736501460903908	2351.809129225141	1093.501647671552	418.94288425606027	2281.1238244878946	10.256462000056038
9.45397082656396	1.7728397211081663	2368.5463993425624	1104.659827749833	419.38335674558215	2296.8555858302584	10.306239714540062
9.440357819803863	1.7720293950483224	2385.283669459984	1115.8180078281143	419.8783600235084	2312.5984402291333	10.355857784546913
9.428333141251077	1.7712068593289192	2402.0209395774073	1126.9761879063956	420.296956318204	2328.3137922672136	10.405317999462882
9.420898319935846	1.7703767320097519	2418.7582096948286	1138.1343679846766	420.485161782308	2343.954043708142	10.454621998920002
9.411051818399502	1.7695393724272912	2435.49547981225	1149.2925480629576	420.79784579142876	2359.626311177754	10.503771486016083
9.396467808512512	1.7686951412337184	2452.2327499296725	1160.450728141239	421.35589783515974	2375.369525171853	10.552768267025613
9.382586469319488	1.7678162735052247	2468.970020047095	1171.6089082195201	421.88607538866665	2391.098830493211	10.601614018861563
9.372935342819877	1.766987408962832	2485.7072901645165	1182.7670882978011	422.1956420006022	2406.755781942463	10.650310391479358
9.359664918430376	1.7661245518099045	2502.4445602819364	1193.9252683760824	422.7023313301716	2422.4684365929133	10.698858653157872
9.356895826418937	1.7652561123073358	2519.1818303993578	1205.0834484543634	422.64350790808567	2438.0003582791114	10.747260618701704
9.336490233268469	1.7643823840654842	2535.919100516779	1216.2416285326447	423.547223385223	2453.8272733945305	10.795517958679635
9.338041090682571	1.7635036497040728	2552.6563706342017	1227.399808610926	423.24677202544257	2469.2724124574374	10.843631801535093
9.315192901798607	1.7626201835781028	2569.393640751623	1238.557988689207	424.30308154670996	2485.138584999512	10.891603893994086
9.303783671804947	1.7617322487297493	2586.130910869045	1249.716168767488	424.73053945050924	2500.8019213421053	10.939435725638873
9.292858242245561	1.7608400980357697	2602.8681809864675	1260.8743488457694	425.1332227316563	2516.4529743961716	10.98712841972917
9.282918308865236	1.7599439774316072	2619.605451103889	1272.0325289240504	425.48190622425	2532.0822156921117	11.034683827766916
9.276704771661455	1.759044122068559	2636.3427212213105	1283.1907090023315	425.6151014476082	2547.637844653784	11.082102799286575
9.264067343839148	1.7581407604343806	2653.0799913387327	1294.3488890806127	426.12846839708146	2563.308944286131	11.129387209144106
9.257360644675103	1.7572341099589417	2669.8172614561545	1305.5070691588937	426.2907857604873	2578.863785687598	11.176537967173921
9.247232295047509	1.756324383536471	2686.5545315735767	1316.665249237175	426.6728912444377	2594.479431889879	11.223556648217297
9.23488123019662	1.7554117843214097	2703.2918016909994	1327.8234293154562	427.20160457977903	2610.1349737445776	11.270444541446397
9.22218390865017	1.7544965087594353	2720.0290718084207	1338.9816093937372	427.7777961179319	2625.7947800963893	11.317202612815091
9.221039154041092	1.7535787467155708	2736.7663419258424	1350.1397894720183	427.58376545818675	2641.2190347385726	11.363832493397567
9.203127880316973	1.7526586798608828	2753.5036120432637	1361.2979695502997	428.5366582045019	2656.977759777773	11.410335271748712
9.201694168200547	1.7517364839630294	2770.240882160686	1372.4561496285808	428.34895946155245	2672.3957277008626	11.456711914066766
9.188097786872058	1.7508123318989195	2786.978152278107	1383.6143297068618	429.04188132568345	2688.060654198915	11.502963916398395
9.175135350890814	1.7498863833780844	2803.7154223955276	1394.772509785143	429.7154482799053	2703.7104167185566	11.549092417155006
9.165910349800754	1.7489587981179462	2820.4526925129503	1405.930689863424	430.12009755704634	2719.2778810989776	11.595098511250928
9.16270281120236	1.7480297278130568	2837.189962630371	1417.0888699417053	430.05404770379187	2734.7104536496377	11.640983110494854
9.148436681075253	1.7470993197006144	2853.9272327477934	1428.2470500199865	430.89203193648893	2750.3796974765974	11.686747569517316
9.140680139988149	1.7461677140589054	2870.664502865215	1439.4052300982676	431.20449678376457	2765.90263481497	11.732392966809407
9.129862751496349	1.7451909656987539	2887.401772982637	1450.5634101765488	431.8097482965592	2781.4901510059567	11.777920366709512
9.121651654474629	1.7443014545921394	2904.1390431000577	1461.72159025483	432.1891294121614	2797.015278297286	11.823330819644978
9.113905107532062	1.743367057960401	2920.8763132174804	1472.879770333111	432.5424752140277	2812.525454860716	11.868625362368746
9.104973417002311	1.7424319810856241	2937.613583334901	1484.0379504113923	433.0254926725149	2828.058956949789	11.913805018191047
9.097395479284813	1.741496341997402	2954.3508534523226	1495.1961304896734	433.37972189849245	2843.556672189641	11.958870797206295
9.087694680831884	1.740560254737579	2971.088123569744	1506.3543105679544	433.9908860179577	2859.1008433329866	12.003823696515257
9.08482220176841	1.7396238273085578	2987.825393687165	1517.5124906462356	433.8605966986457	2874.4761916916746	12.048664700442679
9.073222640850233	1.7386871673832274	3004.562663804587	1528.6706707245164	434.7154470777855	2890.058703189253	12.093394780750423
9.054848350335016	1.7368135490388394	3038.037204039432	1550.9870308810791	436.0081367588423	2921.0965300909957	12.182525995988353
9.046748281910489	1.7358767837193314	3054.7744741568536	1562.14521095936	436.570171239584	2936.58286141264	12.22692901348572
9.046112757011775	1.7348883114537132	3071.5117442742753	1573.3033910376412	436.0879204238018	2951.873526541047	12.271224872894473
9.03119534015682	1.734003796794878	3088.249014391697	1584.4615711159224	437.7205017555675	2967.527104448546	12.315414486210242
9.023450006510382	1.7330677474416019	3104.986284509119	1595.6197511942034	438.3441526041058	2982.99240273399	12.359498618931724
9.015118405628005	1.7321321034510837	3121.72355462654	1606.7779312724847	439.171651924073	2998.469304455075	12.40347815721199
9.008163452523364	1.7311969440085464	3138.460824743963	1617.936111350766	439.803312631805	3013.9056516183778	12.447354092145538
9.003477818341514	1.7302623447075833	3155.198094861385	1629.094291429047	439.94771209172563	3029.276006247683	12.491127291843211
9.002246163755593	1.7293283786014806	3171.9353649788063	1640.2524715073282	439.30845677191957	3044.5457693436947	12.534798560219246
8.988676637711125	1.7283951146335808	3188.6726350962285	1651.4106515856095	441.80114684784445	3060.150430785199	12.578368472799536
8.980724794071758	1.7274626242359425	3205.40990521365	1662.5688316638903	443.4526954328658	3075.5971189268625	12.621838167420288
8.972569619592788	1.726530967399019	3222.147175331072	1673.7270117421715	575.3572558692514	3091.045961861338	12.66520847101414
8.67042185524941	1.6819297443139434	4059.010681202157	2231.6360156562287	874.4880992204723	3855.157554404718	14.721880436083513
8.555311541650132	1.6615577778795139	4477.4424341377035	2510.5905176132574	879.0569221624896	4232.018164375142	15.680904142854246
8.458313009985021	1.6425680558023321	4895.874187073244	2789.545019570286	881.643335137818	4605.388018855898	16.602325030137106
8.373106795811609	1.624902290443519	5314.305940008792	3068.4995215273148	883.1932388400471	4975.483198577516	17.490847953670094
8.304414702588396	1.6084695304914025	5732.737692944336	3347.454023484343	882.7113521637133	5341.746464028293	18.350250333744494
8.183962208142608	1.5789030311087382	6569.601198815421	3905.3630273984004	881.1958139753237	6064.944347449022	19.993529746734602
8.124881098767752	1.5655774580411703	6988.032951750963	4184.317529355429	881.4029649844266	6422.763471513099	20.78213529351905
8.078165354230041	1.5531077461312117	7406.464704686506	4463.272031312457	879.9747508091729	6776.556281007662	21.551279532344992
8.036769549530783	1.5414171691643777	7824.89645762204	4742.226533269486	878.1703305092585	7127.037300285494	22.30254636232089
8.000955001711018	1.5304369180911028	8243.328210557593	5021.181035226515	875.8865873631894	7474.060128286861	23.03731088022249s
