1.101364187028945	739.1497913864735
1.1019148149466613	753.6285786456208
1.1058753720601613	802.8569955872496
1.106598969876576	809.6225072742744
1.1107421590622186	851.5808597025995
1.111149010115877	857.2746667881445
1.1117857142857146	859.9864483490443
1.1170066870421755	894.4888567292843
1.117351911113298	897.9337407262971
1.120005414314984	907.697571290604
1.1237500000000002	926.4635778531875
1.1241684460208097	928.8685656634747
1.1248371407498596	930.8480758546742
1.1297321428571432	949.8447274101096
1.131127123941757	957.6763711221844
1.133875033962924	961.7733798545875
1.1357142857142861	967.1919572091417
1.1385189524237873	979.0658933718038
1.141696428571429	979.1274017959267
1.145131186360469	981.8669751851875
1.146620354254767	987.9028781627841
1.147678571428572	987.6215813701295
1.1503393859223399	989.7703195778922
1.1546463119973709	998.0047678834052
1.1570252271352601	998.6783425764319
1.1596428571428576	1019.1083397401108
1.1612100338377336	1034.1884309073223
1.163031188039675	1045.21189778132
1.1629581951616594	1089.4493241364298
1.1611075892522222	1199.6382865049077
1.1605668111251741	1224.0401788031513
1.160559823484955	1237.5169473823616
1.1614232354199814	1373.4551815379714
1.162881790591916	1392.0959545330254
1.1673113923891327	1431.4274521565437
1.1716071428571433	1435.667799407947
1.175436139164073	1438.5813602116268
1.1822674178887693	1433.2614193467132
1.1835714285714292	1432.247117603914
1.1841701454337232	1431.8249808918636
1.1860126692179933	1429.0983636760056
1.189553571428572	1427.3816588777677
1.1918105173786004	1426.4856751192099
1.1928479656064948	1426.4469347787872
1.195535714285715	1430.4906779065377
1.1987431617981523	1439.5752291294139
1.2004237214857894	1445.7637396915861
1.201517857142858	1447.448234401273
1.2038437077791224	1463.7012161187206
1.2070799081499957	1472.4274211240042
1.2075000000000007	1473.341041078327
1.2075987895745326	1474.0767757790072
1.207793902279577	1474.3452654020161
1.2104910714285722	1476.0177522999577
1.2116960490995987	1476.6807825266699
1.2134821428571434	1473.891470255956
1.2155058359161635	1470.4005816820113
1.2162635473645005	1468.684302075622
1.2167668986032811	1466.6733818073499
1.2194642857142863	1456.9335038170912
1.2213003592690634	1450.3538574919824
1.223921215419366	1438.1328770532025
1.2254464285714293	1431.4277452731064
1.2266454451051554	1425.6077740651046
1.2273001685091673	1422.3610441577027
1.2284375000000007	1417.0101475632496
1.2293759001891087	1412.1754861322333
1.2306027737740706	1406.1197126800205
1.2314285714285722	1402.4029055851943
1.2320920630720271	1399.1956232447708
1.237179831111621	1374.034448668184
1.2374107142857151	1372.9368224394325
1.2375964366616403	1372.1416004084338
1.2392622342911888	1364.6797103983379
1.2404017857142866	1359.7780087592419
1.2429436505356912	1348.9244781913474
1.243392857142858	1347.0293879671597
1.2439753261153266	1344.6559347887896
1.2455580521675391	1338.7033967344044
1.2463839285714295	1335.7257520431158
1.2475325173715153	1331.5987919776915
1.2481234480220436	1329.573678262995
1.249375000000001	1325.0296807725047
1.2507035635436234	1320.2278374171367
1.2510959437102434	1318.755989714338
1.2523660714285723	1314.3702877644737
1.253256346461241	1311.513094404174
1.2546846595732817	1306.282360238595
1.2553571428571437	1304.0459054510177
1.2558289436883792	1302.4798751472242
1.2582221328075327	1293.5388163003431
1.2583482142857152	1293.108573072694
1.2584379677460935	1292.808222738236
1.259098742753172	1290.2752483133813
1.2613392857142864	1281.9123986826467
1.2616672538087104	1280.19744434164
1.2637381507248269	1272.1391708504884
1.264330357142858	1270.3226811931622
1.2650465740090482	1266.4907360048026
1.2664366153682978	1261.0250744925847
1.2673214285714294	1258.4551018944421
1.2683981617409419	1252.736193776972
1.2691478593089252	1249.7821441231415
1.2703125000000008	1246.4420473442133
1.2717184110440176	1238.9084661151214
1.271879298808893	1238.2753389590794
1.2733035714285723	1234.3640982800353
1.274536833163096	1228.27592537986
1.275143716778034	1226.0882243692986
1.2762946428571438	1223.2972257923
1.2771554111504027	1219.0986294647482
1.278619707487901	1213.8257263482333
1.2792857142857152	1212.1868425990863
1.2797355504931889	1210.7161745501867
1.2822767857142867	1202.3278424252915
1.2826434040987928	1201.1843701355485
1.2848564608076853	1194.8888787682586
1.2852678571428582	1193.641060053805
1.285852878370643	1191.918922802795
1.287384332930474	1187.6659082162998
1.2882589285714297	1185.282594643863
1.289562370305916	1181.8709548720499
1.2898814167554997	1181.055144868375
1.2912500000000011	1177.4547762334712
1.292378376292939	1174.4978395509795
1.293286805142473	1172.0529587535943
1.2942410714285726	1169.5428009425402
1.2948959395707957	1167.6253768727313
1.2969138705871317	1161.6156409517425
1.297232142857144	1160.6804729066064
1.2988289515722993	1155.934863001294
1.3000256858399224	1152.3863398372112
1.3002232142857153	1151.9695887024502
1.3004926515178687	1150.9410935604524
1.3026733029108786	1143.4257563660037
1.3032142857142868	1141.362076330639
1.3038667196646163	1138.8790002024887
1.3054119632274939	1132.9818623097015
1.3062053571428582	1129.993201166399
1.3071630670770462	1126.3977768047494
1.3081674266443826	1122.3618079575822
1.3091964285714295	1118.0338205949881
1.310280441363681	1112.7751975085146
1.3111146596918204	1108.618313492908
1.312187500000001	1103.9688690172156
1.3132588380775005	1098.333412681229
1.3141190542953307	1094.1019093872428
1.3151785714285724	1089.501652210681
1.316179522138556	1083.6777732564913
1.3172762307578214	1077.2732036822604
1.3181696428571439	1072.4349108018246
1.3189152658827101	1067.9218857081275
1.32061716925069	1057.7340009732766
1.3211607142857154	1054.775897565438
1.3216099262796823	1052.1062686957762
1.324076965345791	1036.6546905377147
1.3241517857142868	1036.210441520397
1.3242079390206696	1035.854237139841
1.3245046558478928	1033.8855658743182
1.3271428571428583	1016.3095609096129
1.3278240151570821	1011.5099240264713
1.3291739585010767	1002.5204178293575
1.3301339285714298	995.5832040744776
1.3315195260100854	985.3184232315592
1.3318565286257056	982.6034407988087
1.3331250000000012	972.908900610311
1.333815062953022	968.0572831905298
1.3355062557237178	953.6246925731159
1.3361160714285727	948.8078164183287
1.3365742976391553	944.37088961639
1.3379934700685434	931.7096973743755
1.3391071428571442	922.8135833645136
1.341810001203965	897.2242067058852
1.342005110058442	895.52028940866
1.3420982142857156	894.6295207538813
1.3424754711443574	890.8219722084491
1.345089285714287	865.4804968687621
1.345722223958078	858.7649200121202
1.346468953580066	849.8063240970077
1.3480803571428583	831.9538653682697
1.3490714766552179	821.1282825861359
1.3501474390160602	807.9710101082601
1.3510714285714298	797.8091216782148
1.352228758070077	783.7690210822276
1.35321739966825	769.8991618799399
1.3540625000000013	757.0232415456235
1.3548845435196624	745.0418620518451
1.3553385713694333	736.365742221637
1.355817051421965	724.1158701839831
1.3560882574741386	716.4868214509878
1.35643916202286	707.1786965154931
1.3566029638952124	702.8652605783255
1.3570535714285725	687.7704369524694
1.3573081565495173	679.577742430609
1.3571473025361498	656.5500117080785
1.3571414848298247	655.8163022108583
1.357136347105622	655.1688375236552
1.3570535714285725	643.3921515288898
1.356979450025406	632.6425702183006
1.3569710152777996	632.0226179483267
1.356707563574977	612.998271296874
1.356669606200383	610.4676533444971
1.3566222947595936	607.3238209748881
1.3564170278211571	593.4290144772284
1.3563467306772583	588.8868474152774
1.3563435767462233	583.6514073024036
1.3564165096492142	571.4508066953337
1.3564638251445729	566.7246927944316
1.356499777091958	562.6529553222788
1.3567074757440114	544.8656055593281
1.3570535714285725	529.0372465597592
1.3571699025002437	523.9027105121565
1.357191803131926	523.0596861198412
1.3572341651541369	521.7330407284145
1.358201870132154	488.6961934854858
1.3584457042697868	480.7809173978744
1.359086355561721	454.71169488469445
1.3599070339745296	423.8901245830982
1.360100522402235	405.6300014680691
1.3606111986417242	391.2236392883457
1.3607892486827398	371.794581328193
1.3611016139241414	350.3901343969281
1.3615087260118426	340.07794629344403
1.3620146779489788	334.2637109729474
1.363035714285715	311.39364260068294
1.363158562666275	309.06321423024593
1.365162659550667	288.9466165104935
1.3660678162598832	278.57096427977575
1.3668385245738393	261.8304354325353
1.3679084791381433	247.4969792044864
1.368522966982508	228.48464079845044
1.368415308706591	209.63372712527442
1.3682031868401507	205.05687221569707
1.3679111191181366	188.5389124605473
1.366570079478823	178.86293738889475
1.3654734536864293	172.52288763931833
1.363035714285715	161.18984075464954
1.3626054739199667	159.0529847290321
1.3622369790180986	158.1601370529221
1.36020020606671	152.05171680485603
1.3600744039933101	151.65250259448177
1.357423155951363	145.85627899395888
1.3572588276611726	145.4454042304101
1.3570535714285725	145.0603085537348
1.3540778152490465	140.603754088233
1.3539436617710008	140.43895420756144
1.3510714285714298	136.8125311423701
1.3506897041205408	136.52808759698965
1.349955463296878	136.1027283328549
1.3480803571428583	134.62454974804737
1.3469234070061975	133.7166389030489
1.345089285714287	132.51473511949143
1.344758488974674	132.39913545577673
1.3429159553751813	131.68905839230894
1.3402851780706837	131.0959935527063
1.3391071428571442	130.85295255537903
1.3385510358862935	130.7880115387905
1.336792630322415	130.65688391188704
1.3361160714285727	130.58350265802514
1.3338861656548675	130.8252657761194
1.3331250000000012	130.95173987686312
1.331940147390314	131.14908809120735
1.3301339285714298	131.38659533214414
1.328980230478528	131.62470278788513
1.3271428571428583	132.14205621888584
1.3245518905274085	132.8963161498288
1.323884129984105	133.0427024359207
1.3211607142857154	133.7878092524402
1.3188097109215589	134.41309084447235
1.3173099707259155	134.94548580756376
1.3151785714285724	135.5381688387905
1.3136936218934008	135.9960925426401
1.3136759021029316	136.00027647161806
1.312187500000001	136.38728483872308
1.3111273869915985	136.74305125647834
1.3101017024234243	137.10369443930858
1.3091964285714295	137.35318711769756
1.308571364357582	137.5168605228617
1.3062053571428582	138.44806947944232
1.3039694708094087	139.34076028591286
1.3033132231980797	139.5776561500504
1.3032142857142868	139.6180624152157
1.3030850180504552	139.67087834833788
1.3006976157887964	140.57727075031173
1.3002232142857153	140.78370607611873
1.2996147228882375	141.05064113169544
1.2980546460495503	141.68053045536269
1.297232142857144	142.05284931044375
1.296186225121434	142.5280674431383
1.2953932063975901	142.8590363973284
1.2942410714285726	143.39128195435555
1.2927588217253503	143.9552609645326
1.2927282865734941	143.96849580333412
1.2912500000000011	144.5536717035359
1.290143967326882	144.99356226559684
1.289253057967352	145.39421027131792
1.2882589285714297	145.805027194107
1.2875215007015566	146.06889113049587
1.285701374413101	146.68830038276778
1.2852678571428582	146.79664808905642
1.2849788830871154	146.86894518739078
1.2837723214285726	147.24224507324618
1.283364057949589	147.36888180685705
1.2824418206973052	147.6555490695905
1.2822767857142867	147.71632017144208
1.2820495484817627	147.8000530503084
1.2799132789089644	148.41765823327933
1.2792857142857152	148.59807711764353
1.2783327188604119	148.7949108239715
1.2774507545316212	148.9454832613595
1.2762946428571438	149.20841882176583
1.2749795493250267	149.5085243494964
1.2745334212088368	149.6349743697608
1.2733035714285723	149.9400809081815
1.2725132392860972	150.05740425765785
1.2706834327377858	150.38117681915094
1.2703125000000008	150.43320117032195
1.2690915852276727	150.64665757879666
1.2677927356968632	150.38104011090294
1.2673214285714294	150.34816483272562
1.2664002001683223	150.25447787440686
1.2633509928235978	149.67526901777643
1.2613392857142864	149.5227799926927
1.2587864639943551	149.42096852692507
1.2576221069111793	149.56754707129858
1.2553571428571437	149.6797560280375
1.254043829949463	149.82707135100014
1.253573164025782	149.91603822803086
1.2523660714285723	150.0885681156659
1.2516217793322182	150.2211539618467
1.2497415130961749	150.71450287262442
1.249375000000001	150.8004134081253
1.249136124353017	150.85645308045295
1.2478823927684357	151.2254671549225
1.2478794642857154	151.22602248147393
1.2466607555783236	151.45748767757067
1.2463839285714295	151.52947963005383
1.2459662910100306	151.638201038373
1.244195984077544	152.0225172891294
1.243392857142858	152.23919413142335
1.2421860102804696	152.561303720283
1.2417094141451348	152.67459824021714
1.2404017857142866	152.81544256822292
1.239235146906423	153.28423513278412
1.238413444801616	153.51061574224732
1.2374107142857151	153.64153640132406
1.2367732769109925	153.85037373946372
1.234544133813878	154.26514630206464
1.2344196428571437	154.27282890942743
1.2343428592065	154.29854165637946
1.2340031257336461	154.3661657585393
1.2314285714285722	154.8960527872917
1.2306855172523268	155.0500970757777
1.2294716717995227	155.24365328656194
1.2284375000000007	155.39044959486978
1.2270706682248194	155.58500841709147
1.2267335569266953	155.64263257434322
1.2254464285714293	155.84087527387402
1.2246610628523553	155.96213647108166
1.2228114865626183	156.3052877299885
1.2224553571428578	156.3649599247692
1.2212658784216344	156.60113835291486
1.2198741149456513	156.5950221875542
1.2194642857142863	156.6403452234656
1.2187709682615973	156.71711148617723
1.215122773750313	157.09274406043974
1.2134821428571434	157.5924509502504
1.2110700652080049	158.38679611655965
1.2104910714285722	158.53888228881237
1.2101001633688393	158.68817698271837
1.2075000000000007	159.88639612426607
1.2074177495862406	159.9330781235394
1.2048432852095745	161.26969998706443
1.2040900462793322	161.705802311361
1.201517857142858	162.6377830674209
1.199431021632574	164.55691480444344
1.1974493220948397	165.89638750259564
1.195535714285715	167.22722586885467
1.1939172914353766	168.36044171110441
1.1908846737378471	170.39660168579297
1.189553571428572	171.34043254629572
1.188439764484463	172.1079468591528
1.1842492958357813	174.86994689119484
1.1835714285714292	175.31578908135987
1.1830241879020005	175.6765384154105
1.1809008581590652	177.08401864306404
1.1805803571428577	177.29774839310957
1.1803166604981419	177.49310714990392
1.1776443141518513	179.55918130063105
1.1775892857142862	179.60095090114544
1.1775430290643023	179.634987709037
1.1769337792366141	180.11477546039123
1.1745982142857148	181.93845586466233
1.1744107983014358	182.13215778322723
1.1718527699335504	184.68063070542476
1.1716071428571433	184.9646390307133
1.1713707400032267	185.23840773806018
1.168816523852375	188.17558081666903
1.1686160714285718	188.3796888597365
1.1684230737326786	188.63936810612933
1.1656936727947174	192.16151658870763
1.1656250000000004	192.24746135192765
1.165566806139235	192.34447938434798
1.1652068128880853	192.97166786439044
1.162633928571429	197.4281039398417
1.1621653077702239	198.25985967436344
1.1603856753377937	201.41772923535152
1.1596428571428576	202.76801046956697
1.158403763622285	205.74849910421855
1.1556906730086953	212.2700812770211
1.153660714285715	217.45335877957064
1.1513224927573833	224.61680990187426
1.1488185776097	233.17897320617837
1.147678571428572	237.1253903989276
1.147267288644735	238.56385443546904
1.1465088470744362	241.48495354456293
1.1446875000000005	248.09707708566287
1.1432582538524647	253.40844377912595
1.141696428571429	259.44870898534685
1.1393467242170565	269.37801716206815
1.1365439224034553	281.5347925726959
1.1357142857142861	285.08694091420125
1.1354421312720777	286.2330527475357
1.1349636114821784	288.45166950164946
1.1327232142857147	297.8024487186172
1.131375401158073	303.3911568047742
1.1297321428571432	311.12694932203664
1.128759278282272	315.54608603400766
1.1273998927256088	321.7891207061155
1.124202904361875	338.85621873981927
1.1237500000000002	341.2481274829157
1.1233935716108698	343.15989775570625
1.1194750958109325	361.6092518509964
1.1177678571428573	372.4745587652674
1.1128001892834407	404.33393459981755
1.1121659245401947	408.42743137645755
1.1117857142857146	411.4999602903684
1.108294274092775	439.9508220328564
1.1054697566908016	463.33918335707455
1.101935831238319	506.2199880088152
1.10014274388796	529.0192212931755
1.1000375742074544	531.162046511301
1.099821428571429	536.0763767729237
1.0974388388632652	590.1774944973381
1.0973231034266298	623.164788865449
1.0973381750431594	647.283208218504
1.0979956079216984	662.9685404880427
1.0992691837625845	700.4754985649688
1.099821428571429	709.1770458094711
1.101364187028945	739.1497913864735