12.267857142857146	1.1523348381112641
11.96929975076986	1.1596428571428576
11.966382453269754	1.1597254933263461
11.964285714285717	1.159819066244095
11.956892401011743	1.1599342406660085
11.739673041824119	1.1627547610601274
11.660714285714288	1.162588135894757
11.605036581968989	1.1618372137022313
11.508928571428573	1.1607356594513878
11.47795569685141	1.1596428571428576
11.414487388589038	1.1573828079623318
11.35714285714286	1.1548671661024008
11.337407678336668	1.153660714285715
11.310966476913572	1.1518408216531488
11.288900794976046	1.1503681115257347
11.250464709216043	1.147678571428572
11.205357142857146	1.144727324763476
11.170293235035377	1.1430783590561695
11.139566993236807	1.141696428571429
11.05357142857143	1.1385516614926185
10.993139960699176	1.1380959965068984
10.965112051590028	1.138210088419809
10.901785714285715	1.1392689638774005
10.865872968160604	1.140281043871204
10.837872413189396	1.141696428571429
10.750000000000002	1.1456989930884243
10.729155311377957	1.1468570454652325
10.71618529995935	1.147678571428572
10.673511802898988	1.1506461794587926
10.672442818358363	1.1507352368226837
10.637983940059003	1.153660714285715
10.624842829101027	1.1547101921721334
10.598214285714288	1.1575351359451476
10.58076391524306	1.1596428571428576
10.574586277840973	1.1605740786296295
10.551223398019875	1.1637730061908678
10.541707597419741	1.1656250000000004
10.526386088892355	1.1684558759923942
10.524849503023944	1.1687157073040533
10.51322951425084	1.1716071428571433
10.503355091006041	1.1738507174522552
10.498295335973763	1.1755451249939757
10.491132140181213	1.1775892857142862
10.485353567141523	1.1791233884865024
10.474811676001456	1.1824528003323802
10.470307746888414	1.1835714285714292
10.466502663855916	1.1843625839788599
10.446428571428573	1.1893144680717025
10.445500727485193	1.189553571428572
10.44530343564784	1.1895979150152245
10.41835436053916	1.1944292600918383
10.413563745255463	1.195535714285715
10.403525971073865	1.1972265814761653
10.389299357878913	1.1992662940206067
10.376516780145778	1.201517857142858
10.370535714285715	1.2024866607358256
10.360437001471908	1.2041109204781792
10.355601432416256	1.2050975149745196
10.340807632957157	1.2075000000000007
10.331792554641737	1.2089641351367213
10.314993564383778	1.212680085571766
10.310547200881716	1.2134821428571434
10.307695392526702	1.2139965663105068
10.297682944156792	1.2164732142857149
10.294642857142858	1.2174041739306423
10.28871078501861	1.219230492283507
10.288187800340689	1.2194642857142863
10.287563684750742	1.2197432883909167
10.281652730409874	1.2219433933245578
10.27945060930467	1.2224553571428578
10.279245462655162	1.2230621956314907
10.275750916842307	1.2247018638654665
10.274843051936774	1.2254464285714293
10.274505648756973	1.2262400714901671
10.274040315990096	1.226941964285715
10.273598681158209	1.2276081118876645
10.27140514963649	1.2284375000000007
10.272895236925073	1.229294612090937
10.272085331435763	1.2305395395330574
10.269641786355747	1.2314285714285722
10.272256679325777	1.232310850201363
10.273243549080656	1.2335762583629275
10.272115244657071	1.2344196428571437
10.274830555399584	1.2352004806317316
10.27630839485443	1.2366881207719949
10.277015306896574	1.2374107142857151
10.277669730643844	1.2380796551536175
10.279805212729554	1.23981700796388
10.279131610765335	1.2404017857142866
10.281282507591923	1.2409283406671765
10.284337609139838	1.2429867091333273
10.283854491706938	1.243392857142858
10.285382054814146	1.2437578417052249
10.288897931422783	1.2461575109106973
10.288599376816501	1.2463839285714295
10.289394789488847	1.24659076417897
10.292301874125718	1.249282737728149
10.292392211404577	1.249375000000001
10.292475835603334	1.2494604061430292
10.294642857142858	1.251450498611782
10.2956265136404	1.2523660714285723
10.295690789578536	1.2524073722951548
10.298489034486249	1.255205558220669
10.298571764592134	1.2553571428571437
10.298812584743931	1.255521479180245
10.301268900142793	1.2580870702380706
10.30140919991431	1.2583482142857152
10.301829493553953	1.258631452308976
10.304528461148557	1.2609496766152384
10.304918664216586	1.2613392857142864
10.30595376468493	1.2617850685409444
10.309323861436544	1.263751752855989
10.310106090071223	1.264330357142858
10.311693832892145	1.2650023661870946
10.314371035858366	1.2665439062338182
10.315864486767005	1.2673214285714294
10.318659859339256	1.2682679810109343
10.321402013175637	1.2692578744387089
10.324248972358312	1.2703125000000008
10.329455115657101	1.2716845125414447
10.330115733089938	1.2719055227883052
10.33398564483242	1.2733035714285723
10.338872981302627	1.2745514556108468
10.341421746708532	1.275147210017337
10.34575775197165	1.2762946428571438
10.349820967505389	1.277111047583192
10.35807756263539	1.2787947165442024
10.360016029279539	1.2792857142857152
10.370535714285715	1.281334156302261
10.373860860616272	1.282145735829494
10.375642595758894	1.2824780569252885
10.388139781393496	1.2852678571428582
10.396886397372965	1.2872204016497557
10.411992850299352	1.2898928274613788
10.417864060123668	1.2912500000000011
10.422385957825638	1.2921975618302344
10.430325338226611	1.2936064145906128
10.433532575040486	1.2942410714285726
10.446428571428573	1.2966864521708252
10.448630249296142	1.2971453708470693
10.449194040683654	1.297232142857144
10.450073485595041	1.297375795356646
10.460103125953237	1.2996842759603315
10.461932574613728	1.3002232142857153
10.467137970480678	1.3010394082483572
10.472428229161853	1.3021895933212693
10.476222533639227	1.3032142857142868
10.483206785159611	1.3046637800201573
10.483447697232377	1.3047463680670615
10.485952328011436	1.3062053571428582
10.491499002358587	1.3074201233524232
10.493898160566154	1.3080762174206333
10.496058833673104	1.3091964285714295
10.500036452647596	1.3100747187990158
10.5033676003236	1.3114404961808217
10.503345136023375	1.312187500000001
10.505090364323888	1.3128666066497572
10.507555016216445	1.3145966010592878
10.507578199284568	1.3151785714285724
10.508918214301334	1.315706815755688
10.511292959969275	1.3177349914475296
10.511156174074745	1.3181696428571439
10.511572168177908	1.3185932901785355
10.510488144176993	1.320694343665464
10.509817142821493	1.3211607142857154
10.510292756122087	1.321634785494013
10.509283558535667	1.3236379402481715
10.50853887198693	1.3241517857142868
10.508913044945672	1.3246802337748316
10.506766960319256	1.3265298280999784
10.505463233483715	1.3271428571428583
10.505759639134066	1.327795586491272
10.50360346604254	1.3293962206364676
10.502013971433582	1.3301339285714298
10.502446102564424	1.3309172502434707
10.501035033569899	1.3322860656087645
10.499597032182423	1.3331250000000012
10.500726806635022	1.3339760821586715
10.50010251080221	1.3352403846694327
10.49872970305006	1.3361160714285727
10.499960680071434	1.336997347987102
10.499383993679865	1.3382031380702413
10.497912121101324	1.3391071428571442
10.502788982326924	1.3413284061101969
10.505706118962305	1.3427530529585459
10.511254399973488	1.345089285714287
10.52232142857143	1.3474496757787349
10.524687287744117	1.3479871144578173
10.526486700368674	1.3482445178548672
10.545559899640498	1.3510714285714298
10.557344510861238	1.3526821785215206
10.570782556264088	1.3540625000000013
10.598214285714288	1.3560589612271017
10.60696512825568	1.356708685281353
10.613799771311292	1.3570535714285725
10.647881744059282	1.3590110536104045
10.668918664143263	1.3602491299593968
10.743384834495405	1.363035714285715
10.746389930400868	1.363177993499328
10.750000000000002	1.363263234972149
10.765074330895072	1.3636298202680501
10.83915731285485	1.3655040101068137
10.901785714285715	1.3666427729791866
10.947672962951724	1.3672093596954327
11.027407439799198	1.367986688173599
11.05357142857143	1.3682544604189948
11.071141756908512	1.3683253794966315
11.119185750653974	1.3686127619375392
11.129464285714288	1.3686977283661175
11.137339346851846	1.3687074870862597
11.200597881014586	1.3688302862349448
11.205357142857146	1.3688442772886482
11.20992750896596	1.3688377309491573
11.27522123160749	1.3687802527415056
11.281250000000004	1.3687777869880906
11.288810422578253	1.3687198875471265
11.342308465134144	1.3684332075754553
11.35714285714286	1.3683850798852493
11.378631489078009	1.368170952237178
11.433035714285715	1.3676909863556517
11.466714232940479	1.3673541155671505
11.508928571428573	1.3668344794779999
11.57064329512809	1.3660267857142863
11.581449933372973	1.3658939091388176
11.591538313270828	1.365762061434957
11.660714285714288	1.3650047789273618
11.701802576216988	1.3646550763231742
11.788340464212727	1.3639878842255664
11.812500000000004	1.363857520198889
11.83358464275711	1.3638666972649656
11.935858518761119	1.3641560802269785
11.964285714285717	1.3642686974005016
12.003548755810703	1.364583140039935
12.059648280251539	1.3652594501312636
12.11607142857143	1.3661155509430691
12.169064363021665	1.3669293120792307
12.24236438067692	1.3680131423981075
12.267857142857146	1.3684561923523404
12.277769575949506	1.3686271906621585
12.307339356450703	1.3690178571428575
12.343750000000004	1.369558094880948
12.364456911876282	1.3698339530815107
12.390770854470931	1.3701557537187512
12.419642857142861	1.3703707472787108
12.438799075228683	1.3705133928571431
12.454603252970289	1.3706310776770538
12.461711665502499	1.3706758631193843
12.495535714285719	1.3709034448704884
12.523980295021987	1.3708878774482935
12.542781821478705	1.3708799096028164
12.571428571428575	1.3708641315752519
12.601406781888416	1.3708274343944822
12.616081800826823	1.370777719713259
12.64732142857143	1.370551227956924
12.680182725980002	1.370312978864254
12.693260156781028	1.3701984022243447
12.723214285714288	1.3699519103922604
12.741485624857752	1.369737962862041
12.794418865575393	1.3690178571428575
12.799107142857146	1.3689595049702328
12.854085105648359	1.3681935642478222
12.875000000000004	1.3678056959690132
12.93703437705191	1.366572972870812
12.955972023880085	1.3662269646386356
13.026785714285719	1.3646276103254689
13.087116683911612	1.363035714285715
13.142837708964379	1.361627385336496
13.178571428571432	1.3603022341229092
13.272986209038923	1.3570535714285725
13.302390598501454	1.3559513605627895
13.330357142857146	1.3544943988978324
13.392743648194704	1.3510714285714298
13.427518848249717	1.3489185999856412
13.463019320489773	1.345089285714287
13.482142857142861	1.342621374113398
13.503702848054388	1.3399568601460103
13.508742524001768	1.3391071428571442
13.515476985731905	1.3377933860245173
13.531671034836004	1.3350769928855546
13.54364391210439	1.3331250000000012
13.55245442882125	1.3303538968809119
13.554150015089546	1.3299807863089923
13.558035714285719	1.3289343882180649
13.56530911957918	1.3271428571428583
13.566017923903303	1.326828264175577
13.573215902990963	1.324750063739729
13.575945898948108	1.3241517857142868
13.5766141754405	1.3234195757746572
13.579856980157109	1.3220207288818229
13.581822197637596	1.3211607142857154
13.584176423008232	1.3201304628242987
13.58614874485286	1.3192776270030253
13.588674558583959	1.3181696428571439
13.589085577478496	1.3178978370451617
13.590160669986869	1.316903541661863
13.590298456476303	1.316674107142858
13.590429871329423	1.3164552823238242
13.591155266011688	1.3153688071630698
13.59127010364488	1.3151785714285724
13.591379603987924	1.314997177249609
13.592160475474103	1.3138336543699716
13.592251871395572	1.3136830357142868
13.592338997917947	1.3135394529431537
13.59317646917105	1.312298076551159
13.593243918678676	1.312187500000001
13.594208205097916	1.3107618783032848
13.594175173281013	1.3106207484259498
13.595077086508445	1.3091964285714295
13.591782068129698	1.3078664252140493
13.591397274276046	1.307520195095418
13.590173852601614	1.3062053571428582
13.5890369864505	1.3049835422987168
13.588326786801067	1.3044081103369505
13.586951595164868	1.3032142857142868
13.584552325614544	1.3021692192677976
13.582074926566106	1.3011706420638247
13.581152256429085	1.3002232142857153
13.578036435007684	1.2994349505866731
13.5740881658544	1.2978647983013214
13.573446419976998	1.297232142857144
13.57121850740241	1.2967125857166628
13.564315788325434	1.2944885802289614
13.563844887439155	1.2942410714285726
13.56290979796693	1.294048975189372
13.558035714285719	1.2925961413553937
13.553750742384533	1.2912500000000011
13.545769585810074	1.2887423583407638
13.541979660461061	1.2876261311559873
13.537551469830177	1.2852678571428582
13.528467190053544	1.2834421334340254
13.519735121019606	1.2807672917443869
13.515450271269218	1.2792857142857152
13.510266566970444	1.2781773092513342
13.507689362898503	1.2773014757310428
13.506374987606259	1.2762946428571438
13.502547120014055	1.2754904748498672
13.498032790372877	1.2739298217382258
13.497390198848109	1.2733035714285723
13.496004943135366	1.272757242157103
13.488372233630926	1.2703125000000008
13.482142857142861	1.2683240285968211
13.479769093983204	1.2674149827665453
13.479474003474369	1.2673214285714294
13.479040805062025	1.2671991712247141
13.464439618460657	1.2620370015917615
13.461799986917718	1.2613392857142864
13.458666616041809	1.2604140456238333
13.455637485039256	1.2593928377745043
13.451906329743869	1.2583482142857152
13.446952605966281	1.256961304386403
13.446354079136789	1.2567676417550302
13.441088681759712	1.2553571428571437
13.43662045162608	1.2541601897636454
13.43360714350909	1.2534442647315773
13.429751361114928	1.2523660714285723
13.426985464197536	1.251548850192552
13.420435691956687	1.249934083153588
13.418452964514739	1.249375000000001
13.406250000000004	1.246436772567169
13.406074765294722	1.2463908348804025
13.40605066692974	1.2463839285714295
13.406009234708147	1.2463744395863976
13.398468439269575	1.2436995421834103
13.397661068229766	1.243392857142858
13.395907885705576	1.2429852561677248
13.390280665673027	1.241031165361291
13.38839041569	1.2404017857142866
13.38471755086431	1.2395531538954092
13.38219588460443	1.2383587294218936
13.380207228041554	1.2374107142857151
13.37786011485604	1.2362918188123944
13.377006919024504	1.235572164283825
13.374840929709416	1.2344196428571437
13.371263621702814	1.2330407679477837
13.371012598804251	1.232817339593346
13.368303571428575	1.2315124146782206
13.368131268952185	1.2314285714285722
13.366702537712927	1.229996135278374
13.366386923385488	1.2298574972325884
13.364732586452698	1.2284375000000007
13.363395066924667	1.2271354171102806
13.362312021874455	1.2267058267444644
13.360770656158525	1.2254464285714293
13.35848590535612	1.2243378244023522
13.355128627683182	1.2234316450742369
13.351622740453138	1.2224553571428578
13.349551089019654	1.2216988898529235
13.341997401229294	1.219923048838365
13.34021157687984	1.2194642857142863
13.338673781271398	1.21913651231796
13.330357142857146	1.2178368976927065
13.321406932735592	1.2164732142857149
13.302325695419626	1.2145869116679162
13.290714811394125	1.2134821428571434
13.262906549484562	1.210823795941871
13.257572208862117	1.210368582692746
13.254464285714288	1.210155028210032
13.216612701771636	1.2075000000000007
13.202797620594376	1.2065452030202728
13.178571428571432	1.204807993561324
13.136429955320626	1.201517857142858
13.097077694244893	1.1987475261679963
13.053469990105524	1.195535714285715
13.026785714285719	1.1937336695279201
12.993711956403093	1.1908570665921816
12.93070972289218	1.1857670470618855
12.905066679648481	1.1835714285714292
12.89652542750007	1.182723073487603
12.875000000000004	1.1811365909809517
12.841040187439418	1.1775892857142862
12.811408843648524	1.174113382548643
12.77413101724485	1.1716071428571433
12.723214285714288	1.1678495025569722
12.703300551218463	1.1664098354183652
12.683808277630462	1.1656250000000004
12.571428571428575	1.1601668542995975
12.563889935013972	1.1599399681074332
12.544319640001886	1.1596428571428576
12.267857142857146	1.1523348381112641