11.885653586201633	1.35
11.901517730206027	1.350018552743978
11.90178571428571	1.3500184139616918
11.902045642663998	1.3500179950415738
11.92904909621656	1.35
13.029431276716483	1.35
13.054364114164201	1.3505632536347858
13.062499999999993	1.3507972097305452
13.081974226806159	1.3513482157019654
13.139925154834687	1.352675511258697
13.178571428571422	1.3535466858919736
13.223900265131793	1.354897564062304
13.270284853093479	1.35634939092845
13.29464285714285	1.3569368199440381
13.30550857853112	1.3572834720357572
13.325987226426223	1.3580357142857142
13.410714285714278	1.3612173912147505
13.45182608227377	1.363225227271156
13.502464530118306	1.3660714285714286
13.526785714285706	1.3677347308573826
13.576144556541397	1.3706899922394413
13.605367001548633	1.374107142857143
13.642857142857135	1.378809017357413
13.66032221653346	1.3809337366575731
13.66704152041816	1.3821428571428571
13.680358220956547	1.3847390856266624
13.692072865233127	1.3867713291102335
13.70089285714285	1.3888634134965263
13.707773269276474	1.3901785714285713
13.718792286332318	1.39295723731985
13.722700754463709	1.3941964285714286
13.728792935789734	1.3961279724777511
13.736367767886296	1.3982142857142856
13.739501081903212	1.3995592657583484
13.742111340543858	1.4010678730266628
13.743897625094212	1.4022321428571427
13.745340876360778	1.4031728294387587
13.7486889354495	1.4055411021245263
13.749760277415072	1.40625
13.750628670773933	1.4068246085068592
13.752663103027638	1.40983409394587
13.752673072058423	1.410267857142857
13.752528245325243	1.4107109566423177
13.751603494125389	1.4137785935493405
13.751437144702134	1.4142857142857141
13.75126306425988	1.4148164032435462
13.750291790671593	1.4177056404530886
13.7500513554116	1.4183035714285712
13.748814271232195	1.4190037922113967
13.744881263349978	1.421348922627526
13.743138669863159	1.4223214285714283
13.740902504251988	1.4235693870682684
13.738586253211036	1.4249309713761489
13.73602630588579	1.4263392857142856
13.732147661311654	1.4281933487223795
13.731546343567546	1.4284614501590722
13.726212302444253	1.4303571428571427
13.71764861666164	1.4332149858794683
13.712330127604629	1.435166811031969
13.701734851877632	1.438392857142857
13.70089285714285	1.4386264960124664
13.691638999049939	1.4417700625715895
13.689337324657076	1.442410714285714
13.68551160969241	1.4434755698784367
13.676144697820249	1.4464285714285712
13.670737364226468	1.4483587406002942
13.66326946792333	1.4504464285714282
13.651070878341459	1.4538956424884475
13.649355707332418	1.4544642857142853
13.647888577122893	1.454812615778838
13.642857142857135	1.4565758671843518
13.638000379885275	1.4581459054206292
13.637078015748697	1.4584821428571426
13.635723181170732	1.458976032512355
13.629288992341046	1.461560666502732
13.626597964237423	1.4624999999999997
13.622575401564289	1.4639041205510428
13.6200258776498	1.4649372310900413
13.615859720909302	1.4665178571428568
13.612716467768095	1.468449052164165
13.612377157000719	1.4686280100098394
13.609166663668354	1.470535714285714
13.60397632400097	1.4732274632834486
13.600574881198199	1.4756441950719634
13.59544798710816	1.4785714285714282
13.589324895946422	1.4822775072037082
13.588913689554808	1.4825892857142853
13.588515589506365	1.4828450353174738
13.58482142857142	1.4847105608324023
13.581562198761679	1.4866071428571423
13.574699038394442	1.4899242191415933
13.569949418126049	1.4916546007231408
13.563238951760956	1.4946428571428567
13.55856146021644	1.496842716476523
13.545755784406893	1.5013652588817197
13.542715949848532	1.502678571428571
13.54151601873281	1.5036983617364474
13.531171424269965	1.510410659638452
13.531015725041694	1.5107142857142852
13.530977515973039	1.511004487369562
13.527405881146045	1.5147321428571423
13.528667004758887	1.5186197568133946
13.528828035729807	1.5187499999999994
13.52901921444711	1.5189046269342505
13.530437389172768	1.5227678571428567
13.526785714285706	1.5253832451761382
13.52498631463062	1.5266611404634387
13.524675394784593	1.5267857142857137
13.524171569391628	1.5269666935476114
13.504676259968067	1.5332907740417452
13.495458223997929	1.5348214285714281
13.468749999999993	1.5377442612579753
13.462512682278883	1.538407471410516
13.458297197563862	1.5388392857142852
13.439076444366483	1.5408028197748223
13.4351518542439	1.5411653111897068
13.416692597827822	1.5428571428571423
13.413670968745347	1.5430618362977548
13.410714285714278	1.5432646260678897
13.358400327808004	1.5468749999999993
13.355534955190018	1.5470727496450232
13.352678571428564	1.5472748069907183
13.310819605076805	1.5508928571428564
13.303427370450581	1.5515010157564686
13.29464285714285	1.5522122096842321
13.222859540713229	1.5589285714285708
13.202716545107622	1.5606001564195384
13.178571428571422	1.5630386582657771
13.14227012713512	1.5669642857142851
13.108398249712133	1.5701418568482024
13.074762308256135	1.5741510709668818
13.068569124273914	1.5749999999999993
13.066132178946965	1.575251458542482
13.062499999999993	1.5757216525245112
13.023706160794237	1.5803499869560842
13.003581369880994	1.5830357142857134
12.946428571428566	1.589864108902447
12.939858169710234	1.5906165546063127
12.935052327524717	1.5910714285714278
12.915090050189843	1.5932410185033392
12.895206608685138	1.5955610069749049
12.85501093507497	1.5991071428571422
12.844843591755392	1.6001100508577906
12.830357142857137	1.6013713184121816
12.792760730926634	1.6045400286245908
12.760951733599747	1.6071428571428563
12.73961428590174	1.6088963736393507
12.714285714285708	1.6116511627776222
12.680800644156765	1.6151785714285705
12.651178080854864	1.618845295707534
12.619815038868275	1.6232142857142848
12.59821428571428	1.6258168101121826
12.5652264048656	1.6289662236335523
12.48214285714285	1.6332344284349627
12.418005992403415	1.6348454698037524
12.326942027468764	1.6339589585378755
12.249999999999995	1.6321007276029296
12.231521196964653	1.6312499999999992
12.177528162298248	1.6282315667859442
12.133928571428566	1.6258734340462624
12.088892949206294	1.6232142857142848
12.052088802178801	1.6208444016074006
12.017857142857139	1.6185639475325757
11.949022051222755	1.6151785714285705
11.9230810905465	1.6137042761489773
11.90178571428571	1.6126393125182727
11.85275732423894	1.6105371302999403
11.800489005055466	1.6081657223280152
11.785714285714281	1.6075465124897708
11.781604011062269	1.6074274146187648
11.772875263368697	1.6071428571428563
11.669642857142852	1.6022743191014672
11.622449366566942	1.6023743845123974
11.553571428571423	1.602021433529383
11.519224459147827	1.604764990028915
11.482491857897127	1.6071428571428563
11.437499999999996	1.6103415390262108
11.410456623597574	1.6133063376776335
11.399895181170264	1.6151785714285705
11.36959413081392	1.618513110155249
11.351562784274824	1.6211280709787748
11.337740396356027	1.6232142857142848
11.331256393579624	1.6238946734016655
11.321428571428568	1.62514293340348
11.293126811035497	1.629290647357402
11.278659549054428	1.6312499999999992
11.25136560072714	1.6344352009294607
11.213748528251207	1.6387047722199701
11.208523208807618	1.6392857142857133
11.207123196591938	1.6394079795442764
11.205357142857139	1.6395538824838953
11.151734418483077	1.6436090861147616
11.091156475981622	1.6473214285714275
11.089285714285712	1.6474209633313344
11.086240112407319	1.6475322779322392
11.01304155164245	1.650078700827993
10.973214285714283	1.650976717544206
10.919444637593308	1.651634628756459
10.910277054169185	1.6516786215245498
10.857142857142854	1.651628966158325
10.803780541179929	1.6510157427534762
10.790372813007568	1.6507346013400837
10.741071428571425	1.6495415795923005
10.719024361508076	1.6488477639835057
10.683035714285712	1.647559023253083
10.677588860328944	1.6473214285714275
10.646193130221889	1.645854211863758
10.624999999999996	1.6448045631429076
10.596946422114767	1.6433035714285704
10.57981355817734	1.6424140064118973
10.566964285714283	1.6416256503763316
10.530117816990908	1.6392857142857133
10.520116227382935	1.6385111842581035
10.50892857142857	1.6372953738948064
10.48920971965288	1.6352678571428563
10.475401516569528	1.6335711037979328
10.467352710241554	1.6323895282914478
10.459649569772525	1.6312499999999992
10.450892857142854	1.6295633902467688
10.442236515784339	1.627831428028116
10.439845766746869	1.627232142857142
10.43917235127749	1.626420723220309
10.434934496282322	1.6232142857142848
10.431407158662232	1.62054543846624
10.430365642175751	1.6191964285714278
10.43052131923208	1.617786091331451
10.429682489986218	1.6151785714285705
10.429619384291593	1.6137057925388676
10.429354438894732	1.612651835549045
10.429292371143482	1.6111607142857134
10.428882996095753	1.6096369546747604
10.427701494565666	1.6087484130135847
10.42431502614074	1.6071428571428563
10.419948910424841	1.6052672732343232
10.40973811364552	1.6002758254501839
10.406756180315382	1.5991071428571422
10.403602982808659	1.5983632000912678
10.39285714285714	1.5954871419404513
10.39127046258241	1.5950892857142849
10.390819868589368	1.594948243649593
10.379626542338823	1.591987393222696
10.375692840174153	1.5910714285714278
10.369215595792085	1.5894347060823086
10.353239416565048	1.5857784799520893
10.342846970685292	1.5830357142857134
10.334821428571427	1.5809265791587432
10.328948595343222	1.579424437904809
10.325960282759524	1.5784043932020324
10.313946131357206	1.5749999999999993
10.306612981506051	1.5729350353462834
10.292879531060459	1.56807847302946
10.288878623242505	1.5669642857142851
10.28636033671071	1.5663014272387084
10.277448573641454	1.5629464285714278
10.276785714285712	1.5627420439524597
10.266211217260699	1.559660651991841
10.264410927967441	1.5589285714285708
10.261488604431165	1.557869540746333
10.251531106208699	1.5549107142857137
10.245019113822282	1.5530920833287862
10.239141324950403	1.5508928571428564
10.228611907796848	1.5475577474628581
10.22606642345026	1.5468749999999993
10.224565395583134	1.5464723956903976
10.218749999999998	1.5444340660969413
10.214032870656764	1.5428571428571423
10.204653612842405	1.53981518944058
10.19930563707848	1.5374931375120262
10.19175012649067	1.5348214285714281
10.187101115278049	1.5329946480631675
10.178566993055899	1.5280216709478256
10.17596252746864	1.5267857142857137
10.174250336097128	1.525848603105363
10.171009918267329	1.5234806317042213
10.16996217878871	1.5227678571428567
10.169511137720459	1.52215884431166
10.167916512147038	1.5192486156761131
10.167556485951735	1.5187499999999994
10.167230740246039	1.5182988608401087
10.165501885054917	1.515063592042263
10.165268412170095	1.5147321428571423
10.16523121550848	1.5144194323329287
10.165960964063656	1.5110775172923185
10.166106274870755	1.5107142857142852
10.166259863940688	1.5103303610678418
10.16767532950952	1.5071783469880213
10.167866779930902	1.5066964285714282
10.168069059145633	1.5061872519492578
10.169766223734497	1.5033052440607397
10.170239400024691	1.502678571428571
10.17084405966846	1.5019772793855897
10.17290893861123	1.4995049594862715
10.17363975439419	1.4986607142857138
10.174463748700765	1.4977088283866498
10.176136221969115	1.4957105296528064
10.177060815047923	1.4946428571428567
10.177785154853405	1.4934610277409177
10.178686546307114	1.4918692334256571
10.179454291790071	1.4906249999999996
10.180290558021543	1.489269719609497
10.18100757009376	1.4880120625449522
10.18188036985845	1.4866071428571423
10.182780052660377	1.4850795128377974
10.183036212716413	1.4845982142857137
10.183220415422346	1.4841474023863817
10.183998376863675	1.4825892857142853
10.184832047005045	1.480919594548002
10.184972363299167	1.4805803571428569
10.185104867270871	1.4802600072945766
10.185958391263764	1.4785714285714282
10.186873817914154	1.476760384034514
10.187078495081119	1.4763787859231978
10.1885561905687	1.4745535714285711
10.190710568307635	1.4726123800037152
10.190906955243944	1.4724633096919026
10.193104118606765	1.470535714285714
10.194979877615541	1.4688900904283284
10.19606506186069	1.4680883528601936
10.19790496164187	1.4665178571428568
10.200117336726679	1.465227903531627
10.206666366757283	1.4624999999999997
10.216501855654148	1.4586377836195477
10.216812062288362	1.4584821428571426
10.217076311933111	1.4583662721448196
10.224829976752568	1.4544642857142853
10.236548405503095	1.4516786258754888
10.249924743814669	1.4482881770765665
10.256171174799542	1.4464285714285712
10.25979143338044	1.4452520442889756
10.271066660087119	1.442410714285714
10.276785714285712	1.440969526387016
10.283643330947184	1.4388676152194204
10.285406357864035	1.438392857142857
10.287790097139892	1.4376310152529523
10.296240386997656	1.4343749999999997
10.301467526821439	1.4320658837250007
10.306677841742335	1.4303571428571427
10.311123409590994	1.4287165107738822
10.31333865332147	1.427826554770052
10.316007156651503	1.4263392857142856
10.31763189260602	1.4251492409166804
10.320695863028108	1.4232993523398119
10.322081072243998	1.4223214285714283
10.32321886576318	1.4215181742231648
10.327925803966453	1.4187809608243003
10.328628367171591	1.4183035714285712
10.328968219248267	1.4178983492446602
10.33233450801021	1.4144578857091832
10.33247598465406	1.4142857142857141
10.332602230996558	1.4141320775305308
10.334821428571427	1.4118653398923418
10.336286131657554	1.4103692596642043
10.336401691003417	1.410267857142857
10.336537268134817	1.4101490682500069
10.340336825338522	1.406631835160799
10.340194091062	1.40625
10.341299822363062	1.4058014958144254
10.344613393156504	1.402910048097648
10.344301554437987	1.4022321428571427
10.346326944966398	1.4014356071067218
10.349148997405743	1.399206194325892
10.348827845477226	1.3982142857142856
10.353099737533896	1.395461849961138
10.354928106651501	1.3941964285714286
10.36066603000723	1.3924071869335652
10.361349234378878	1.3920151118306257
10.360947172589826	1.3901785714285713
10.365164228975457	1.3882613696983008
10.37039222906634	1.3861607142857142
10.378524254606805	1.3831351340217266
10.380928288372443	1.3821428571428571
10.383001404710438	1.3814605368096238
10.39285714285714	1.3793178272248678
10.40767095377741	1.3751327143823924
10.413431883916488	1.374107142857143
10.4231197596187	1.3721843899516246
10.424954511563953	1.3718850173312864
10.435466385762457	1.3700892857142857
10.440844080609	1.3693936011850187
10.450892857142854	1.3683103436864894
10.471408299503066	1.3660714285714286
10.485971542501249	1.3644820957995372
10.50892857142857	1.3627589425876114
10.517336395719905	1.3620535714285715
10.539960670058385	1.3601840903447016
10.566964285714283	1.3586554627389478
10.577601732729986	1.3580357142857142
10.603388921743225	1.3565395627140915
10.624999999999996	1.3556879977396379
10.665667658897387	1.3540178571428572
10.676210224907017	1.3535453232627936
10.699990068685636	1.3528440941459392
10.741071428571425	1.3514011988998926
10.755518100072857	1.3510001541808685
10.801824549588869	1.35