13.15714810750377	1.9607142857142859
13.25	1.9632811724635273
13.305057503813742	1.9654335003268926
13.316207273890878	1.965753662237925
13.375	1.9669347602903744
13.413148397787095	1.9681587087611065
13.4375	1.9688905667414687
13.48623739508702	1.9702489195788877
13.5	1.9705936385028238
13.507536573149773	1.9707825794443055
13.529310576992883	1.9714285714285718
13.625	1.9740358014151633
13.6818116837289	1.9762981443196204
13.690023650670053	1.9765694013711386
13.75	1.9790199240481408
13.806365707415308	1.9821428571428577
13.851396739172426	1.9841659937852212
13.983520329528611	1.9914445996738814
14.	1.9922395316663517
14.004834245913681	1.992442778921685
14.015801461895618	1.9928571428571433
14.125	1.9962351601050263
14.190737710793451	1.997936767646276
14.25	1.9999240984321056
14.368894674050441	2.0040947422242485
14.375	2.0043641385831825
14.394782864600943	2.0052671026800812
14.5	2.0096712603586937
14.534875406293862	2.0112963937462407
14.58144082337547	2.0142857142857147
14.625	2.0169525268036477
14.682994517548465	2.020029041352989
14.743193517994337	2.0250000000000004
14.75	2.0256147852836652
14.810181750030337	2.0305558499974
14.861460673061258	2.035714285714286
14.875	2.0373051539663787
14.92100621622864	2.0424851814661165
14.9375	2.0446499889441623
14.953843492618201	2.0464285714285717
14.97426747517327	2.04863421641372
15.	2.05144860816551
15.003402685009076	2.0517857142857148
15.015301656397249	2.0530972848340503
15.029389645335575	2.0546237446855224
15.049637399315143	2.0571428571428574
15.054884224849875	2.0577956378700106
15.0625	2.0590671388119652
15.077808105122996	2.0611878767037433
15.084257424774293	2.0625
15.084858420850624	2.0644164360729107
15.086577692171641	2.0657933406710023
15.087126405092873	2.067857142857143
15.087700710783489	2.0700172037814424
15.088665015172259	2.0709715701280924
15.090856027353277	2.073214285714286
15.09114097156375	2.0756692261340364
15.091393403793228	2.0760948511034383
15.094713886001735	2.0785714285714287
15.094973212570201	2.0811451532082685
15.095342245749485	2.0813864782070985
15.101392653683886	2.0839285714285714
15.105847466327857	2.085570217171898
15.120117497127461	2.088867214039497
15.122027942624113	2.0892857142857144
15.122593764728895	2.089491963023238
15.125	2.0899952842520184
15.134413234523882	2.091964285714286
15.141119695833096	2.093261168928592
15.14920355475155	2.0946428571428575
15.15625	2.0957834418928503
15.162462055229906	2.09678896669458
15.178470314793586	2.0992260269823078
15.183465957209961	2.1
15.184902831685438	2.1002226144269627
15.1875	2.100600685304138
15.201603465107988	2.102678571428571
15.20583679467992	2.1037854175988637
15.211623490488547	2.1053571428571427
15.213647890678724	2.107598390629605
15.214263711051093	2.108420253338478
15.215716351768744	2.1107142857142858
15.211515638443634	2.11401294527626
15.20900276762549	2.116071428571429
15.201317983242268	2.1172558271350517
15.1875	2.1193520700517454
15.174644306995846	2.1214285714285714
15.156968918705072	2.1241687644604346
15.141923603556524	2.126785714285714
15.125	2.1292458235707636
15.112643808397374	2.131083755005489
15.105346011636124	2.132142857142857
15.064349252472548	2.13734149264521
15.06287679779259	2.1375322969536508
15.0625	2.1375663709246373
15.003879771656237	2.142857142857143
15.002014417438708	2.143029807209032
15.	2.1431716828570218
14.975498292042197	2.144957289253526
14.934863548842486	2.1479883041864984
14.931318870625082	2.1482142857142854
14.875	2.1519139404654086
14.86430901674527	2.152655058578166
14.84933622961208	2.1535714285714285
14.7899965871516	2.156999707470137
14.75	2.1594437376673317
14.716153013339344	2.1613845440005153
14.6875	2.162893020184123
14.664252703392393	2.164285714285714
14.641153239932263	2.1656702777084798
14.625	2.1664175428483117
14.56684905159352	2.17001563299373
14.5	2.172315747073694
14.431582910282554	2.175
14.397094897747106	2.1768938483783233
14.329961927743657	2.1788604061934005
14.25	2.182086769246226
14.219319485040279	2.1830845272891666
14.1875	2.183912946339887
14.127214917635802	2.1857142857142855
14.125626786683124	2.185768010287125
14.125	2.1857845258793978
14.123815713396098	2.18581579599462
14.032543755902546	2.1885037505059324
14.	2.189733520134768
13.941357527374121	2.190740783367932
13.935531700349387	2.190902717172804
13.875	2.1932100463192237
13.844868085661258	2.1938458359138218
13.764177117806206	2.196428571428571
13.75	2.196874632770589
13.742395738227344	2.197080365294799
13.664329712034425	2.199799689602951
13.625	2.2010805527260047
13.571742018083635	2.2025778872643116
13.545211003604903	2.2032676282624366
13.5	2.2046066247659573
13.47661297784358	2.2051382552437353
13.384071843786156	2.207142857142857
13.375	2.2074071715703223
13.370804064743345	2.2075025087362845
13.28088859059032	2.209790450622027
13.25	2.2105986828472215
13.194173195671375	2.211928011799596
13.183762569385141	2.2121796488044403
13.125	2.2134224824726445
13.081598288790342	2.2141369961820287
13.038680514238676	2.214541670208113
13.	2.2150529459899464
12.900641046304898	2.2156593388881514
12.875	2.216002820377439
12.854954078727681	2.2161389210338007
12.75	2.2172631079468244
12.644645559270725	2.2161732377767946
12.604795261237768	2.2161253081060943
12.5	2.215460657893815
12.412680629767523	2.214627374591355
12.328290667489988	2.2138534857848557
12.25	2.2141944490341054
12.187395164565624	2.2125089858943747
12.038265527745079	2.2104227595210064
12.	2.2099604941382
11.974448328050894	2.20933300045278
11.908677744680862	2.207142857142857
11.875	2.2061646538249837
11.852624141102453	2.20522492638021
11.797116443154644	2.203104304872459
11.75	2.20131133730907
11.713783111152923	2.1995328761868924
11.657281333970433	2.196428571428571
11.636543371560965	2.1954391395804884
11.625	2.1947102419360234
11.569678158534067	2.191071428571428
11.565652200861168	2.190801239926185
11.5625	2.1906202608938767
11.532965406195647	2.188245822326087
11.51767713330497	2.187229468568997
11.5	2.1861208575173627
11.497658215002616	2.1859150101426326
11.494713775729705	2.1857142857142855
11.4375	2.1815626395123564
11.429782190160283	2.181018669414833
11.421992778607969	2.180357142857143
11.375	2.1771038165817487
11.360877242154274	2.176210522101062
11.344335309578193	2.175
11.290975171037136	2.171487842482531
11.25	2.1687380204214173
11.221630698525603	2.1667173686978054
11.191008697313466	2.164285714285714
11.156304487691747	2.1616024724835645
11.125	2.158532529195222
11.09794005255669	2.1558908526379983
11.079536278961475	2.1535714285714285
11.0625	2.1516063999715844
11.045520388610353	2.149669680976255
11.034552275033692	2.1482142857142854
11.	2.144215508655888
10.993664293078735	2.143400203450394
10.987830238102308	2.142857142857143
10.966864332717302	2.140340200052803
10.95195565283591	2.138739055957364
10.940021432012058	2.1375
10.939000917283554	2.137371349947124
10.9375	2.137204826060963
10.895590000679459	2.132142857142857
10.886893714107831	2.1311233959336144
10.875	2.1292559924228436
10.856591633571979	2.126785714285714
10.839802283442552	2.1244455185620668
10.820198585815964	2.1214285714285714
10.79919086727681	2.1172122113762737
10.778462399161363	2.113153919928117
10.764091141611635	2.1107142857142858
10.759197137596985	2.1099259596345443
10.75	2.1079358814592424
10.73509959384758	2.1053571428571427
10.72759834461236	2.1034370009667733
10.721917825047104	2.102407043567391
10.703097065634008	2.1
10.6875	2.0970885917144955
10.677422733806594	2.095506622816578
10.673635362181692	2.0946428571428575
10.662355625366553	2.0924876250314193
10.643392523918388	2.0892857142857144
10.637040281447229	2.0882536901616664
10.625	2.0855154241259335
10.616313728104114	2.0839285714285714
10.596967421783239	2.080974220990008
10.584634230277812	2.0785714285714287
10.5625	2.0744621271545176
10.557348393453175	2.073655851989728
10.547073172206636	2.0718919861891405
10.520712512748883	2.067857142857143
10.5134861013186	2.066701191315549
10.5	2.064273316741865
10.488459569875799	2.0625
10.482834122661279	2.0610286390852526
10.474346714314759	2.059341710201592
10.46037607359095	2.0571428571428574
10.4375	2.0518833857964824
10.437168548716333	2.0518141243957433
10.437052453053216	2.0517857142857148
10.436807992138526	2.0517263993261596
10.420015031087326	2.047927283049658
10.414295954177327	2.0464285714285717
10.40625	2.0443200904240233
10.404610721442078	2.043890509590679
10.403342908824449	2.0435008207563814
10.394722469350398	2.0410714285714286
10.391359710350123	2.0396691676842753
10.384662711478239	2.0365425181267063
10.382832595181819	2.035714285714286
10.381585333814419	2.035149828530193
10.377245495434348	2.033035714285715
10.375	2.0319418408582015
10.372031779154325	2.0306115617867726
10.371505760469057	2.0303571428571434
10.371221771807335	2.0300332947263438
10.367903097895637	2.0256083058946603
10.367388211006771	2.0250000000000004
10.366792768695397	2.0242965230310346
10.364104208958315	2.0205767820892873
10.363318658568023	2.0196428571428573
10.363316696456097	2.0186414311248084
10.364025378268982	2.0152263961483734
10.36257303051463	2.0142857142857147
10.362477419962886	2.0132123502825334
10.363483083732476	2.008928571428572
10.36349114208448	2.004557902107045
10.36301098256355	2.003571428571429
10.362537618024747	2.0025032244021217
10.362804857765479	1.9982142857142862
10.366381149748845	1.9935959014500995
10.366440058814598	1.9928571428571433
10.367308911357634	1.9921979066877975
10.371679721596658	1.9877845952917155
10.37189987179925	1.9875000000000005
10.372393223307384	1.9872765619977764
10.375	1.9862848718289075
10.383576751865302	1.9828780073027408
10.385740803691371	1.9821428571428577
10.389365432272088	1.9809115343766786
10.396027180442388	1.9785880440379193
10.402827850835992	1.9767857142857146
10.413689153616083	1.9747447845956645
10.431528902960386	1.971940379746253
10.434607693583784	1.9714285714285718
10.4375	1.9709847247110757
10.457555175003485	1.9677904435717275
10.5	1.9623422861498576
10.507754083838769	1.9613789214718946
10.51483444957482	1.9607142857142859
10.5625	1.955972271036437
10.565818172406926	1.9556415576348796
10.625	1.950351283773203
10.62729396633228	1.9501966256856242
10.630115687092438	1.9500000000000002
10.694909095997776	1.9452779225140953
10.75	1.940947804183771
10.761679220804943	1.9402867903547096
10.779160048386675	1.9392857142857145
10.834864293719555	1.935845510890248
10.875	1.934178203241743
10.922581249945571	1.9326498214239063
10.959905083872746	1.9320081356680505
11.	1.9310854054925526
11.024934042123494	1.930708632182014
11.10795555634907	1.9300323808843656
11.125	1.9297932880811763
11.243362177985041	1.9291403847441397
11.25	1.9290147455556788
11.255050856029438	1.9290043590882378
11.49890498256854	1.9286652872084111
11.5	1.9286637289525457
11.501136287759667	1.9286688246651145
11.729940524899577	1.930290812151465
11.75	1.9304112189451388
11.780538731854282	1.9311890341589386
11.938972498846404	1.933802357241737
12.	1.935142634217512
12.088901283225397	1.936191538562177
12.154984543133864	1.9367156105885261
12.25	1.9367904714912163
12.373910649412377	1.939379087193225
12.376863905126388	1.939445477582262
12.5	1.941812313633841
12.544917259373605	1.9431357650891663
12.572504631221895	1.9437853173238377
12.625	1.944654296124327
12.672216299793948	1.9459528885890902
12.71474115052246	1.9469778129019255
12.75	1.9477746142755368
12.770377225629401	1.9482533806603373
12.82647356010868	1.9500000000000002
12.875	1.9513615820279433
12.907937388857983	1.9528232047592557
12.94983597484754	1.9542997735844967
13.	1.955575144828632
13.041155893241529	1.9571866377221547
13.108834109319146	1.9593286379416412
13.125	1.9596646191786533
13.13351844043639	1.959984133676881
13.15714810750377	1.9607142857142859