232.17056444313906	12.61717946227165	0.4999770218802818491514	67.4470275958284	26.37678816863	94413.15856152741
250.	12.51795972826305	0.5718773580191835789886	54.3480843243324	22.422235148327	50439.48967980733
280	12.433998498504025	0.6944809716590578868085	39.7324178659295	17.476111518899	19842.139265704358
290	12.418474678672913	0.7369965839420200358896	36.0910271729962	16.128750217682	14803.501734640358
300	12.406599825565115	0.7841891889151000301636	32.6417521629672	14.799844300867	10857.495527493129
310	12.398753337739912	0.8447232510872636531127	28.9516119159245	13.313696740078	7455.017985373095
320	12.403301232317057	0.9321240131525698660954	24.7476233614338	11.526469075735	4510.775671560869
325	12.415708127399606	0.9882651059749115096795	22.5814024275716	10.560694519857	3342.6133565003097
329	12.432153134333628	1.038363524827741405957	20.9208421682931	9.797333572324	2592.9667799521694
333	12.454409373969686	1.091939517435719992252	19.37680945022404	9.068292167149	2001.4083003087896
337	12.481775730239935	1.147846358120528059562	17.97562292882748	8.389689902033	1546.5870549223223
341	12.51338093138389	1.205041308240421880121	16.72468471671223	7.769509202043	1201.9565056438944
345	12.548000651708987	1.262667282375714700043	15.61858623063476	7.209443472629	942.2242804423586
350.	12.593886988084874	1.334318435642984423185	14.42063731909337	6.590171668232	705.1843060528951
362.5	12.710850270827715	1.506632986095142662821	12.14276008227951	5.3759730963996	368.45784519396193
375.	12.818776214961451	1.664238525705304979114	10.58283668098262	4.5182542480424	212.82483261692008
387.5	12.910911153617564	1.804927715224730547302	9.47770292771451	3.9000987897693	133.7709364154496
393.75	12.950544238367634	1.868882346400457645538	9.04350940963016	3.6555845475225	108.95225463384837
400	12.985890635343422	1.92869877077999780712	8.66940070534486	3.4444916555379	90.15029332096145
412.5	13.04451127670936	2.036513227358173697091	8.06207209121579	3.101676393523	64.35835448351125
425.	13.088855381683087	2.129758717603047866408	7.59546504598076	2.838974927394	48.2070791434827
437.5	13.120973609688413	2.209977371214548917422	7.23027714882966	2.6344131065104	37.596566089061426
450.	13.14309348061416	2.278716632638606243451	6.93999272538599	2.472863339252	30.3395595486586
465	13.159018931713877	2.348113402347155403746	6.6649765569679	2.3210185576747	24.36147871638129
480	13.165994864311813	2.403696817985291573766	6.45572150575967	2.2065023258321	20.362416568080388
500	13.166833229212777	2.427415625804902394512	6.36876257508163	2.1592321192608	18.833699810398297
600	13.166798546633359	2.427711782300360151286	6.36767354965295	2.1586418266313	18.81504215291504
700	13.166778406345419	2.427892896076321644252	6.36699010019593	2.1582721828205	18.803349656567836
800	13.166755884233414	2.427996604943492499956	6.3665773517803	2.1580498007204	18.796301437668845
860	13.166728610670797	2.428032208040996089439	6.36642268588605	2.1579669657158	18.793666932163358