28.382674912641598	0.08186168569606778	35.01889990375193	0.11158180078281144	0.21926186974739212	29.42314902622758	0.2294761402266479
27.641770240697547	0.08321373215704085	56.00181385488425	0.22316360156562287	0.16964892259207845	45.838738242152175	0.36638318336958964
26.83433892584748	0.08412053650494968	72.04827648580353	0.33474540234843436	0.14312977282693629	59.51381247828058	0.4708744562489539
26.655930269292238	0.08653140692622104	81.10687321179608	0.44632720313124574	0.11056400213515243	70.98732377518685	0.5297225169962301
25.816045958412317	0.08964351049144294	90.14122176324858	0.5579090039140573	0.09426161745451377	78.92916323992486	0.5884123560085507
25.44753859623974	0.09349989264914342	97.00365480445849	0.6694908046968687	0.07783900166271336	86.16767224689896	0.6325701430208436
24.820024346113247	0.09808333455282911	101.25525164665568	0.7810726054796802	0.064955349453826	94.34970441399045	0.6592591071306432
24.316918209957862	0.10346787658669207	105.50684848885288	0.8926544062624915	0.052175438260019594	98.68899486185808	0.6859480712404427
23.669797777508126	0.10924365400724668	109.7584453310501	1.004236207045303	0.04586173608660141	102.74403015271258	0.7126370353502423
12.791415570838973	0.5526441358767155	245.11747013464068	11.158180078281145	108.22325484906969	242.56414293676787	1.563978184548348
12.738870415056287	0.5871567486822571	253.65098753252195	12.273998086109259	117.60741467772071	251.06807758727456	1.6161221000396138
12.70301757295352	0.6199328192627017	261.72040621798027	13.389816093937375	125.8526694296207	259.10233338916	1.6652242046008747
12.671786929447935	0.651151459276581	269.3791714605587	14.505634101765487	131.7370694770009	266.73104067589145	1.711638934188912
12.651016779019143	0.6809683300116434	276.6528317856452	15.621452109593601	137.1606081269454	273.98420899715734	1.7555476392194556
12.630065047311358	0.7095288705062517	283.52503164072255	16.73727011742172	142.40560658744747	280.8670501298643	1.7968750752608336
12.611077507326208	0.7369818885591228	289.9329617639718	17.853088125249833	147.42410355655227	287.3382894545064	1.835268736207
12.597550865450815	0.7634911864317545	295.76641968216546	18.968906133077947	152.11392939202617	293.3083986333741	1.8700948037152665
12.58896404913029	0.7892375522930289	300.91764816630064	20.084724140906058	156.5313647301194	298.6670067314242	1.9007401330910996
12.581104195554506	0.8144016422427524	305.36474819091586	21.200542148734172	160.82228058532877	303.3557496489047	1.9271058955554587
12.576177569637006	0.839137632504562	309.1819376503568	22.316360156562286	164.9672961979654	307.3930759698595	1.949661535613884
12.56748149261192	0.8635593057462279	312.4769090074706	23.4321781643904	169.164498227329	310.87957781161435	1.9690665439775583
12.56350393159152	0.8877409471439973	315.3707803106596	24.547996172218518	173.2114781601444	313.91847479943505	1.9860538740301679
12.561819482818175	0.9117260781487015	317.95834522404976	25.663814180046632	177.18117850182006	316.61926178722445	2.001194148612347
12.561367514249616	0.9355366672779171	320.31477102993836	26.779632187874743	181.10708264206633	319.0581171269623	2.0149384845366325
12.561931031418816	0.9591807177200902	322.48610914455975	27.89545019570286	184.99788360405682	321.2982367191814	2.0275619742236977
12.565049411773918	0.9826576974797586	324.5214902578404	29.011268203530975	188.8114685143527	323.37837789789535	2.039359058920072
12.568367522536015	1.0059619145576733	326.44416553150785	30.12708621135909	192.6115211059931	325.3378879545891	2.0504678404145253
12.572604988989786	1.0290850365823025	328.2763274826211	31.242904219187203	196.36708017615277	327.198542344592	2.0610205540769537
12.578237271668716	1.0520173934230421	330.03609967277407	32.35872222701532	200.05427008533871	328.97792977102864	2.071125434524027
12.585504786016383	1.074749005010818	331.7358638397814	33.47454023484344	203.66363123424975	330.6908812963422	2.080856155224919
12.592925993310832	1.0972701696012515	333.3854950959972	34.590358242671556	207.23977441013787	332.3485287100364	2.0902715253528075
12.60106906279866	1.1195718051006351	334.9915641918929	35.70617625049967	210.76334524634962	333.959995454848	2.099410127057741
12.610091391815885	1.141645625167088	336.56092816786446	36.82199425832778	214.23075286004524	335.532422415858	2.108312910139383
12.617052940577805	1.1634842918800012	338.0994392959519	37.937812266155895	217.7284074717525	337.07199129458274	2.1170151863355775
12.62845183498863	1.185081435931409	339.61124727717015	39.053630273984005	221.06112305810737	338.58174345525464	2.1255419056938627
12.638911068648746	1.206431611987466	341.0980394017772	40.169448281812116	224.38893993677632	340.06458157393195	2.1339020396042447
12.649504170408553	1.2275302427271984	342.56359690543286	41.28526628964023	227.6794306483836	341.52574092632005	2.142118789125464
12.659346147084877	1.248373679840742	344.0110874276525	42.401084297468344	230.9594523180878	342.9669602970089	2.150212005549439
12.676406134594616	1.268959034824118	345.4401747498432	43.51690230529646	233.98130439187668	344.3881566538554	2.1581776166317503
12.681545214191857	1.2892841351509277	346.8546335228125	44.63272031312458	237.33971102354403	345.79616516334545	2.1660403298386317
12.692868724029703	1.3093475380122963	348.2547527598368	45.7485383209527	240.4709620827545	347.1870223012167	2.1738008737582994
12.701765689579208	1.3291483321020634	349.64198152113755	46.86435632878081	243.64433228607106	348.56580593140967	2.1814682487192827
12.715274722883644	1.3486862316807222	351.0175374762801	47.980174336608926	246.62898055961136	349.9305820912066	2.1890501640212987
12.726064556485616	1.367961371413981	352.38186329484074	49.095992344437036	249.65911198108228	351.28507364424235	2.1965487092444613
12.735837864844193	1.3869743879534402	353.73625277403244	50.211810352265154	252.68119265198047	352.6283953052757	2.203972546539144
12.748023864939961	1.405726248323845	355.08097662246956	51.327628360093264	255.58252954870153	353.96218611895955	2.2113227369249397
12.759963647668348	1.4242183222202067	356.4168686923875	52.44344636792138	258.4511571381931	355.2858631577418	2.218604794064622
12.771738559677967	1.4424522274960225	357.7445677560235	53.559264375749486	261.28285326860004	356.60168227915364	2.225822835332806
12.782368346985498	1.4604298995180005	359.06410624141154	54.6750823835776	264.1118049919382	357.9088842676188	2.232976333526836
12.793442762090033	1.4781534635118208	360.3768419004174	55.79090039140572	266.8832793306278	359.20867015232403	2.240075373220758
12.793442762090033	1.4781534635118208	360.3768419004174	55.79090039140572	266.8832793306278	359.20867015232403	2.240075373220758
12.796014274840466	1.4825449204535495	360.7034389562519	56.06985489336274	267.5763978383134	359.5326538320363	2.2418372974599645
12.798757101842215	1.4869206842537375	361.03003601208644	56.348809395319776	268.26113829664735	359.8557063274579	2.2435992216991707
12.80150063222575	1.4912807867197073	361.3563877977574	56.6277638972768	268.94260383782466	360.17874795454503	2.2453591410868428
12.80442069594015	1.4956252719476244	361.6817882529928	56.90671839923384	269.61555435685653	360.5012269666859	2.247111284248266
12.807017667458776	1.4999541819074262	362.0071887082282	57.185672901190856	270.2967606976297	360.82305989480403	2.2488634274096895
12.809460649752957	1.5042675478107859	362.3321822637989	57.464627403147894	270.98052701552604	361.14491210425564	2.2506122158833555
12.813983812388798	1.50856542403966	362.6564245310079	57.74358190510491	271.59186050903907	361.46572271169333	2.252354810353712
12.814732590755591	1.5128478477405536	362.9806667982169	58.02253640706195	272.3266919013942	361.7866931252584	2.254097404824069
12.817454304983233	1.5171148518555937	363.30436845686296	58.301490909018966	272.992220697757	362.1072880513858	2.255835503589595
12.819769553764264	1.5213664962896316	363.62748922135347	58.580445410976004	273.6687479354198	362.4272047018655	2.2575687716350012
12.822724491841361	1.525602814607481	363.950609985844	58.859399912933036	274.32098677401507	362.74659724972224	2.259302039680407
12.82557271422616	1.5298238445356713	364.27308183814716	59.13835441489007	274.974091445139	363.0660001761285	2.261029864180471
12.83170338994212	1.5340296479172866	364.5951162215256	59.41730891684709	275.5127359582704	363.3839568105142	2.262754018874398
12.831058245979134	1.538220256743242	364.91715060490395	59.69626341880411	276.2772882451177	363.70289476408215	2.264478173568325
12.833497809390883	1.5423957138524726	365.23845091176514	59.975217920761146	276.934620704119	364.02124098177165	2.2661961158833717
12.836240437373469	1.5465560766301416	365.5594326196699	60.25417242271817	277.5788358017566	364.3386550367307	2.26791136194349
12.83888252003865	1.5507013819880193	365.8804143275746	60.53312692467521	278.2235379788653	364.65587655595147	2.2696266080036085
12.841391757904544	1.5548316745030277	366.20059788188786	60.812081426632226	278.8684695195225	364.9731144418609	2.271335038957025
12.84966585819389	1.5589470113886108	366.5205593374118	61.091035928589264	279.3158421540825	365.2883384712416	2.2730415734998215
12.846409933171513	1.5630474297169046	366.84052079293576	61.36999043054628	280.14911243490195	365.605625621715	2.274748108042618
12.848825478747889	1.5671329772994498	367.15963923656216	61.64894493250332	280.78791786939775	365.92181529492194	2.2764473790481587
12.85002206678326	1.5712037098067821	367.4786117007438	61.927899434460336	281.46374000476646	366.23732232598996	2.278145392269392
12.85332986281275	1.5752596660268467	367.79758416492547	62.206853936417374	282.064408580313	366.55232001975133	2.2798434054906247
12.856164607477456	1.5793008948398306	368.11568626668446	62.4858084383744	282.67779202571455	366.8673996750922	2.281533850175287
12.859018245512198	1.5833274528535128	368.43369994731853	62.76476294033144	283.2872881977241	367.1815553027093	2.283223525963567
12.861310046394449	1.5873393775095221	368.7517136279526	63.043717442288454	283.91104692415655	367.4957483490669	2.284913201751847
12.864239446161589	1.591336722730763	369.06884552762847	63.32267194424548	284.50924042864705	367.809806957269	2.2865951373831757
12.876537070195683	1.5953195413425234	369.3859296775291	63.60162644620251	284.79133783904837	368.12112863536964	2.288276653873274
12.86890463956494	1.5992878732164952	369.70301382742963	63.88058094815954	285.7349356092909	368.43629603250656	2.289958170363373
12.875672512781097	1.6032417726765096	370.01921925015915	64.15953545011656	286.1926385986361	368.7486251763514	2.291631899106462
12.874195433110579	1.6071812936875995	370.335402255902	64.4384899520736	286.92087328367654	369.061713102745	2.293305429178306
12.876629020746345	1.6111064758363427	370.6515852616449	64.71744445403063	287.5151510319182	369.3739650185498	2.294978959250151
12.87880952763375	1.6150173739279672	370.9669057064986	64.99639895598766	288.11279332882236	369.686257846082	2.2966447692763814
12.881267045918447	1.618914042388933	371.2822151685716	65.27535345794469	288.69576217291717	369.9976709863065	2.2983104810051254
12.884306887086595	1.622796521486614	371.59752463064467	65.5543079599017	289.25579020137616	370.30888732054126	2.2999761927338684
12.886860575803727	1.6266648666519576	371.91199953673106	65.83326246185874	289.82720044285213	370.6201912420967	2.3016343592005932
12.888755185387602	1.6305191311604574	372.22646234193286	66.11221696381577	290.4134306303775	370.9308576140136	2.303292416262621
12.890740875502479	1.6343593580689948	372.5409251471347	66.3911714657728	290.9923271454821	371.241398480464	2.3049504733246486
12.893223367283397	1.6381856000902355	372.85459204013085	66.67012596772985	291.55099602384126	371.5518298480644	2.3066012592425524
12.89541751986095	1.6419979129824218	373.1682344269779	66.94908046968686	292.1109895012346	371.86161376916846	2.308251821281816
12.897836743673121	1.6457963398587956	373.48187681382495	67.2280349716439	292.6595316158987	372.17120734186557	2.3099023833210803
12.902583069384892	1.653351747127928	374.1076190532963	67.78594397555796	293.7422874373571	372.7897605544002	2.313189263282435
12.905054509998672	1.657108826896753	374.4204666711247	68.06489847751497	294.27229290959906	373.09850893103703	2.3148324862410736
12.907413411415497	1.6608522234007717	374.73262309387417	68.34385297947202	294.7999649773314	373.40726899256725	2.3164692552697517
12.909617360574762	1.66458199558486	375.0447010562564	68.62280748142904	295.3247191680041	373.71550909147686	2.318105291686565
12.912098119562627	1.6682981844942542	375.3567790186386	68.90176198338607	295.83704141664913	374.02344797240187	2.319741328103379
12.914447996351049	1.6720008423713977	375.6682297474364	69.1807164853431	296.34499972081176	374.3314012886036	2.3213714400172476
12.91654522102761	1.6756900246568356	375.97956268047386	69.45967098730013	296.85500702772435	374.6389416518562	2.3230004392972474
12.918939437636704	1.6793657778732813	376.29089561351134	69.73862548925715	297.3509753455363	374.9461122688665	2.324629438577248
12.920947198086372	1.6830281535691263	376.6016716763175	70.01757999121418	297.84928587851897	375.25335341245807	2.3262531146997882
12.921851676893478	1.6866772010876858	376.91228376231385	70.29653449317121	298.3760613593503	375.56045024259396	2.3278752233577213
12.92513192879814	1.6903129737489757	377.22289584831026	70.57548899512823	298.82431541735355	375.86667628483974	2.329497332015654
12.92780392606251	1.6939355166744599	377.5330268768794	70.85444349708526	299.28564537319124	376.1730184020227	2.331114784624754
12.928191115326737	1.6975448898635712	377.8429418938518	71.13339799904229	299.8054683429107	376.4795631707235	2.332730146505211
12.931928311612769	1.7011411360561877	378.15285691082414	71.41235250099933	300.222119720519	376.78495535268786	2.334345508385667
12.934163997439981	1.704724304357398	378.46237121299544	71.69130700295635	300.6769085825989	377.0906546557818	2.335956941155024
12.93662635806673	1.7082944527245743	378.77161257043485	71.97026150491338	301.11645762639995	377.39612411390164	2.3375656976314865
12.93853900764507	1.7118516261108654	379.0808539278742	72.2492160068704	301.567871760813	377.701188421521	2.339174454107949
12.940733233399344	1.7153958726323248	379.3897785524864	72.52817050882744	302.00113070475584	378.006183975153	2.3407800625060515
12.9415109436566	1.7189272491349923	379.6983693237395	72.80712501078446	302.47071973483736	378.3114015962414	2.342382352661003
12.945700644434547	1.7224458021055318	380.0069600949926	73.08607951274149	302.8369300692247	378.61529054485857	2.343984642815954
12.94726032442286	1.7259515772243406	380.31532089038956	73.36503401469851	303.27215525656834	378.9197321503047	2.3455846144681414
12.948019347252098	1.7294446328370583	380.62328384199634	73.64398851665555	303.71672961017015	379.2243409332212	2.347180575256133
12.951325652079108	1.7329250154054743	380.93124679360307	73.92294301861257	304.09349519955964	379.52778148331294	2.348776536044125
12.954646596399781	1.7363927698990143	381.23906846057133	74.20189752056959	304.4601616451923	379.8311755093048	2.3503710510625013
12.954484413991208	1.7398479516125844	381.5464260788612	74.48085202252663	304.91266689036064	380.13532076875737	2.3519608174579067
12.957221839790607	1.7432906112346116	381.85378369715113	74.75980652448366	305.282484456293	380.43834462703137	2.353550583853312
12.959901109725157	1.7467207913510918	382.1610898370217	75.0387610264407	305.65027755494935	380.74123391577155	2.3551398151386724
12.960005638921	1.7501385469626152	382.4678643522406	75.31771552839771	306.0744398238019	381.0446798456656	2.356723520269662
12.963550467950055	1.753543927228691	382.7746388674595	75.59667003035476	306.40884451526955	381.34700810151037	2.3583072254006523
12.96564299360584	1.7569369777210309	383.08141338267836	75.87562453231178	306.7753016935596	381.64940475167225	2.3598909305316425
12.973431785251814	1.7603177486111958	383.3876654342235	76.1545790342688	306.9976862282778	381.9505319068442	2.3614691141901565
12.969732100529678	1.7636862934185265	383.6938788424368	76.43353353622582	307.49033869092125	382.25396195930915	2.363046889460292
12.975475701658889	1.767042648958926	384.00009225065014	76.71248803818287	307.752375337737	382.55494983974313	2.3646246647304277
12.974052153762361	1.770386884645541	384.3058946331427	76.99144254013989	308.17648293895877	382.85750425784977	2.3661980197019026
12.97471081727905	1.7737190309646056	384.61156871613633	77.27039704209692	308.5472021917665	383.15951416238477	2.367769994900592
12.97820815202336	1.7770391447782752	384.91724279912995	77.54935154405395	308.84690649416797	383.4604185924078	2.369341970099282
12.979357979683328	1.7803472640247167	385.22261586866756	77.82830604601098	309.19868083734343	383.76183960877677	2.370910647719832
12.981700213276387	1.783643449727369	385.5277722120456	78.10726054796801	309.51352616234607	384.0629831753006	2.3724769511227777
12.983464647841231	1.7869277440245646	385.8329285554236	78.38621504992503	309.8391296443107	384.3637379078007	2.374043254525724
12.985479165415438	1.7902001933402063	386.13789174072457	78.66516955188207	310.15640270856284	384.66440432558744	2.3756074000047733
12.987611298267666	1.7934608488080799	386.44255175038404	78.94412405383909	310.46212540865673	384.96504160205274	2.377168158465419
12.989489598639755	1.7967097584251708	386.7472117600435	79.22307855579612	310.77283217147436	385.26535417198994	2.3787289169260655
12.99091368362672	1.799946965574645	387.0517835929533	79.50203305775315	311.0873212756937	385.5656232646412	2.3802886695457235
12.99143590925393	1.8031725200754247	387.3559685100974	79.7809875597102	311.41435181135296	385.8660928643228	2.381844008578612
12.994636653101596	1.8063864710579347	387.66015342724154	80.05994206166721	311.6857691481703	386.1657013512735	2.3833993476115007
12.996816680339215	1.8095888610381279	387.9643383443856	80.33889656362425	311.971026793095	386.4652845015838	2.384954686644389
12.998811198138407	1.812779740193682	388.2680824861562	80.61785106558126	312.25607915151375	386.7649013940977	2.3865048847712704
13.004684097216396	1.8159591544771918	388.5718134009919	80.89680556753831	312.4626366255804	387.0635051592866	2.388054928628126
13.000384360818513	1.8191271508526463	388.8755443158276	81.17576006949533	312.8654090246614	387.364094637659	2.3896049724849804
13.004320853145687	1.822283772427109	389.17895254269575	81.45471457145234	313.10144589766804	387.6627679650895	2.3911511623345425
13.005989196717433	1.8254290718742534	389.4822504069472	81.73366907340937	313.381334476266	387.9619553532731	2.3926960340738157
13.007905069570251	1.8285630916793019	389.7855482711986	82.0126235753664	313.6500518864273	388.2606544932775	2.3942409058130893
13.009456674306135	1.8316858748722453	390.0886364624739	82.29157807732344	313.921628522443	388.55940898256296	2.3957832088440094
13.011417174821917	1.834797472212	390.39152210082955	82.57053257928045	314.18506865220326	388.85805685653077	2.39732303039455
13.013103281679529	1.8378979281908578	390.6944077391853	82.84948708123748	314.4493698364643	389.1564764174853	2.3988628519450903
13.014778775800204	1.8409872850642592	390.9971909930647	83.12844158319453	314.7081825073048	389.45475105858435	2.400401384443022
13.015549471586857	1.8440655921684697	391.2996851136655	83.40739608515156	314.98345864570524	389.7532322542613	2.4019362766624575
13.018457545671371	1.8471328938355749	391.60217923426626	83.68635058710858	315.2177082335232	390.05103906536937	2.403471168881893
13.01995997440536	1.8501892325523996	391.9046718901631	83.96530508906562	315.4697098792702	390.3489246023191	2.405006042109238
13.021855036944459	1.8532346548234049	392.2067950942259	84.24425959102264	315.7142835347825	390.6467078345332	2.4065361248376096
13.023415683465728	1.8562692062717796	392.5089182982888	84.52321409297967	315.9645588851643	390.9445283433124	2.4080662075659816
13.025062953711505	1.8592929306904278	392.81104150235166	84.80216859493669	316.2072128378801	391.2419689966598	2.4095962902943526
13.026615457094271	1.8623058704637805	393.112906748991	85.08112309689372	316.4484988899929	391.539423848129	2.4111229200153246
13.028634558641278	1.865308072876134	393.4146795396559	85.36007759885075	316.6812108129931	391.83675480497766	2.412648312124446
13.03016175117492	1.868299580628857	393.71645233032075	85.63903210080777	316.9214826379415	392.1339192644788	2.414173704233568
13.031993288958365	1.8712804360003652	394.018073879922	85.9179866027648	317.14898358880686	392.4309163017468	2.415697000660566
13.03356188965652	1.87425068512777	394.31951667039823	86.19694110472183	317.38066492470386	392.72796473691403	2.4172178200995442
13.035197555063647	1.8772103708805399	394.6209594608744	86.47589560667886	317.6108621530636	393.024841249408	2.4187386395385224
13.036774824037861	1.8801595348473965	394.92234942029	86.75485010863589	317.8388857829447	393.32153037013666	2.420258698830815
13.037720955427847	1.8830982212731602	395.2234825413734	87.03380461059292	318.0725532198483	393.618366089236	2.4217750626681136
13.038880298335878	1.8860264748672768	395.5246156624568	87.31275911254995	318.30236287788483	393.91510363699433	2.423291426505413
13.041806585577401	1.888944335409637	395.8257487835402	87.59171361450699	318.50203454149147	394.21111008587366	2.4248077903427117
13.044068284111498	1.8918518460889246	396.1266291758067	87.870668116464	318.7092803314074	394.507271392251	2.426320364851043
13.044786090238063	1.8947490523061232	396.42747288282914	88.14962261842105	318.9381303819531	394.803807532541	2.4278323893134415
13.046490110012503	1.8976359937688223	396.72831658985166	88.42857712037807	319.15047279500624	395.09985527507615	2.4293444137758393
13.048173882258178	1.9005127116925298	397.02900780136304	88.70753162233508	319.36282044210117	395.39582954067185	2.430854045713837
13.049732351572468	1.9033792499716917	397.32958228063177	88.98648612429211	319.5735510215509	395.6918211730924	2.4323618462225873
13.051404779510833	1.9062356506834972	397.63015675990044	89.26544062624914	319.7789333973877	395.98766832742535	2.433869646731338
13.052457536199558	1.9090819530184444	397.93066888091795	89.54439512820618	319.99400352843725	396.2834916450185	2.435376418559206
13.054170951548254	1.9119182003669555	398.2309942556948	89.8233496301632	320.1981043008082	396.57914071984374	2.436880109763683
13.055898962385946	1.9147444343005018	398.5313196304716	90.10230413212022	320.3993778248188	396.87476273009287	2.4383838009681593
13.056190962188097	1.9175606930532363	398.8316450052485	90.38125863407727	320.61923739356035	397.1704900402369	2.439887492172636
13.05808644755157	1.9203670209141643	399.13175847824346	90.6602131360343	320.81350007942916	397.4658028285368	2.4413874869215832
13.06029614150327	1.9231634565507203	399.4318548143106	90.93916763799132	321.0024395527288	397.76102649106616	2.4428871827306593
13.061869032665566	1.9259500425485014	399.73195115037777	91.21812213994835	321.2006771729396	398.0562363032311	2.444386878539735
13.065082921896176	1.9287268144124423	400.0319239171234	91.49707664190538	321.36796788114015	398.3509395796133	2.4458842793121334
13.064533238786032	1.9314938186497554	400.3318112279758	91.77603114386241	321.5933043955016	398.6465922004905	2.447380092923522
13.066870566519658	1.934251091150254	400.63169853882823	92.05498564581943	321.77353153464963	398.9414429149385	2.448875906534911
13.067356617685595	1.9369986740066238	400.93153886715925	92.33394014777646	321.9823030521308	399.23659643362265	2.450370783353547
13.068801918546704	1.9397366058169845	401.23123711886143	92.61289464973349	322.172229435866	399.5314937854404	2.451862827281306
13.072704388334644	1.9424649254519217	401.5309353705636	92.89184915169052	322.3226483072945	399.82574497151137	2.4533548712090645
13.071852374606575	1.9451836724836513	401.8306336222658	93.17080365364754	322.54532869440874	400.12103792089397	2.4548469151368235
13.073183853540646	1.9478928868628678	402.1301800914863	93.44975815560458	322.7344050446021	400.415734866787	2.4563356765331243
13.073954254593698	1.9505926077223372	402.42970920722604	93.7287126575616	322.9311460998472	400.710570814271	2.4578240626335015
13.07611356149659	1.953282873327641	402.7292383229658	94.00766715951863	323.10227950138716	401.00494070734715	2.4593124487338787
13.077283933865317	1.9559637214848642	403.02868713313404	94.28662166147566	323.28794903581377	401.29946916934307	2.4607989265629424
13.076721747764365	1.9586351917167828	403.3280669975034	94.56557616343271	323.4994740973808	401.5944387363583	2.46228376605873
13.079808864494753	1.9612973232844872	403.6274468618728	94.84453066538973	323.65570614386274	401.88843770830425	2.463768605554518
13.085725797136615	1.9639501514665616	403.9268046389196	95.12348516734676	323.7686584934747	402.18151444393163	2.4652528585658873
13.082896813653225	1.9665937162618825	404.2260551019496	95.40243966930377	324.00762338681454	402.4769053203255	2.466734262069429
13.084293555116748	1.9692280555247788	404.52530556497976	95.68139417126082	324.18390822851717	402.77116654212585	2.468215665572971
13.085155647248307	1.9718532063679095	404.8245560280098	95.96034867321784	324.36786633227587	403.0654626118603	2.4696970690765125
13.08903777352459	1.974469205375512	405.12371931732315	96.23930317517487	324.5065600988839	403.3588939935968	2.4711758267359314
13.089549244002432	1.9770760909697545	405.4228601982962	96.51825767713188	324.6936503355283	403.6532105130722	2.472653904270911
13.08967603006739	1.9796739011587832	405.7220010792693	96.79721217908893	324.88312079402584	403.94760745608517	2.4741319818058907
13.090653214882094	1.9822626705992503	406.0211049004989	97.07616668104595	325.05994410202476	404.2416655885351	2.475608731762538
13.092002877351996	1.9848424371495592	406.3201559915605	97.35512118300298	325.2310514878214	404.53561856364496	2.477083592784669
13.0939355342013	1.9874132373784468	406.6192070826221	97.63407568496	325.3933056407902	404.829399818278	2.4785584538067997
13.09439742565759	1.9899751079436034	406.9182565919994	97.91303018691704	325.57511162426573	405.1234859383836	2.4800332446328954
13.0958735309885	1.9925280840871078	407.2172376612575	98.19198468887407	325.7396731449047	405.41726931940707	2.4815049980479875
13.096916526419479	1.9950722037716215	407.5162187305156	98.47093919083109	325.9102312945909	405.7111607015528	2.4829767514630796
13.10184806801867	1.997607501101974	407.81519979977367	98.74989369278813	326.0240978114056	406.00393730713466	2.4844485048781717
13.102028265713265	2.0001340125594247	408.11414943375024	99.02884819474517	326.2065850252542	406.29796453622185	2.485918382934333
13.100863958771015	2.002651773655344	408.41308022909783	99.30780269670218	326.4074948292908	406.59235196568113	2.4873871371198266
13.101660651907187	2.00516082001839	408.71201102444553	99.58675719865921	326.5768523117941	406.8861916177017	2.4888558913053203
13.102172475481417	2.007661186449926	409.01093506870046	99.86571170061625	326.7500638020616	407.1800377052328	2.4903240063996166
13.103196192984042	2.0101528945794502	409.3098353208991	100.14466620257328	326.9157147350961	407.473728380049	2.4917898692223845
13.104816652163583	2.0126360210071557	409.6087355730977	100.4236207045303	327.07253383138396	407.76724876754287	2.4932557320451525
13.106935092137228	2.0151105586213016	409.9076358252963	100.70257520648732	327.2218876048393	408.06059248237557	2.4947215948679204
13.107362697074892	2.017576556326554	410.2065273070314	100.98152970844436	327.3919483563506	408.35437357137124	2.4961852024519895
13.108419213793598	2.020034047489255	410.50541673248955	101.26048421040139	327.55270923666444	408.6479707805295	2.4976482812845653
13.110416479710008	2.02248306803576	410.80430615794756	101.5394387123584	327.699849462436	408.94130168444536	2.4991113601171406
13.11015800773054	2.0249236503228087	411.1031990691854	101.81839321431544	327.8788406572135	409.2352270413024	2.5005733878594705
13.112741370535716	2.027355829350884	411.4020973728202	102.09734771627247	328.017077392522	409.5283285341759	2.502033789596613
13.11252653605582	2.029779638464079	411.700995676455	102.3763022182295	328.1931437268872	409.8222362246138	2.503494191333755
13.115059608242316	2.0321951119803185	411.99989398008984	102.65525672018653	328.328790594797	410.11533640861467	2.504954593070897
13.114746641820414	2.034602282996348	412.29881996964184	102.93421122214357	328.5042287323702	410.40924028428884	2.506412504072785
13.117066306012577	2.0370011846976386	412.59774684762994	103.21316572410059	328.64231905636325	410.7023674026919	2.507870335147426
13.118522461319406	2.039391849789606	412.896673725618	103.49212022605762	328.79231905361314	410.9957549685709	2.509328166222067
13.119606582229366	2.041774312617272	413.19562662563135	103.77107472801464	328.9473349958125	411.2892401199265	2.510784668453663
13.120435793015417	2.044148604888731	413.49460176805655	104.05002922997168	329.10318049087783	411.58278830844296	2.5122400348522915
13.121705464255676	2.04651475936834	413.79357691048176	104.3289837319287	329.2522477169764	411.8762050686641	2.5136954012509194
13.12134120533416	2.0488728092897963	414.0925590922409	104.60793823388573	329.4239687776779	412.1701003560984	2.515150523258071
13.12398933872549	2.051222786500013	414.3916021856499	104.88689273584275	329.5532255593926	412.4631193159323	2.5166035305355985
13.123682666409836	2.053564723059512	414.6906452790589	105.16584723779978	329.72374573820133	412.7570000071208	2.5180565378131257
13.126126038379304	2.055898651217662	414.989688372468	105.4448017397568	329.8550417432286	413.0500694481791	2.519509545090653
13.126948745734369	2.0582246033271603	415.2887895211164	105.72375624171383	330.00648777281214	413.3436422699734	2.520961059204955
13.127747797732582	2.060542611620185	415.58792025098893	106.00271074367086	330.1580443130246	413.6372201751491	2.5224118124991093
13.129084142280387	2.06285270540584	415.88705098086143	106.2816652456279	330.3018893296217	413.9306334310616	2.5238625657932645
13.130211268102213	2.065154919112024	416.18620488933254	106.56061974758492	330.4484094219182	414.22413133135876	2.5253128549142905
13.130807392899053	2.0674492806271045	416.48544294247296	106.83957424954195	330.60213043172985	414.5178126340364	2.5267614589595726
13.132016213819984	2.069735823398068	416.78468099561337	107.11852875149897	330.7464646857377	414.8113015340356	2.528210063004855
13.133014454994914	2.0720145785073907	417.0839190487538	107.39748325345602	330.8916394455474	415.10484763433743	2.5296586670501373
13.134268271234818	2.0742855770501256	417.38325418751094	107.67643775541303	331.03304521425736	415.398392032033	2.5311057080298234
13.135313260710102	2.076548849642561	417.68261925436803	107.95539225737006	331.1771102223527	415.69198864065976	2.5325522671710576
13.135974133626306	2.0788044235862064	417.98198432122507	108.2343467593271	331.32629241943977	415.9856947936629	2.5339988263122915
13.137037343620216	2.081052334539416	418.2813945590854	108.51330126128413	331.4696558646622	416.2793242719816	2.5354447878529776
13.138129150417498	2.083292609243712	418.580906336005	108.79225576324114	331.6119736714936	416.57299032045637	2.5368894060584903
13.142699547342861	2.0855252784203926	418.8804181129246	109.07121026519818	331.70427495723175	416.86558389324375	2.5383340242640036
13.140193815174122	2.0877503728887525	419.17992988984406	109.3501647671552	331.8939016199324	417.16033021220375	2.539778642469517
13.140748524246385	2.089967922084322	419.4795825817184	109.62911926911224	332.041138402418	417.45425025958417	2.541221704876532
13.141994191672287	2.092177956032016	419.7792607731341	109.90807377106927	332.17859194087066	417.7479611963803	2.5426644857509837
13.141880873270244	2.0943805025925473	420.0789389645499	110.1870282730263	332.33469709860015	418.0420805383674	2.544107266625435
13.143893445201149	2.096575592476276	420.3786881160648	110.46598277498333	332.4610312421446	418.33560215236076	2.5455493863980894
13.144658539814094	2.0987632567822905	420.67855243663104	110.74493727694036	332.60236329447315	418.6295766854578	2.546990433194976
13.145775749238721	2.1009435209890044	420.9784167571973	111.02389177889738	332.7386329837331	418.92342984973834	2.548431479991863
13.146708089256629	2.1031164162461375	421.2782810777635	111.30284628085441	332.8772266580359	419.2173377406806	2.5498725267887496
13.14738403474754	2.105281971813523	421.57833304465805	111.58180078281144	333.0191493955505	419.51147219057435	2.551312086713262
13.178617082199121	2.1861993254611587	433.6449766462189	122.73998086109259	338.2484892700967	431.3217569124153	2.6086251326611776
13.200484750449135	2.257057687574411	445.9122567682276	133.89816093937375	343.0053135369253	443.2948958011504	2.6657326902687974
13.213986817333739	2.31923116082422	458.4868989532436	145.0563410176549	347.41607937331787	455.5288373790408	2.7231523883253743
13.222360904243939	2.3738526514917284	471.4824106370871	156.21452109593602	351.5179161401774	468.1262173681107	2.78140503336858
13.224037397464617	2.421666150370045	489.23944880014903	167.37270117421716	355.3725849110312	482.22604655935834	2.859482752289732
13.211781152513842	2.437957651127336	684.6999311760002	178.53088125249832	357.03678716123574	676.5267348411707	3.709925164333331
13.17361785466474	2.4456967104063696	701.4372012934219	189.68906133077948	358.52209777736203	693.3454287785987	3.781527244883724
13.1346461241305	2.45123195283766	718.1744714108437	200.84724140906062	359.9017406497994	709.5536712725574	3.8522385420029575
13.091680895150272	2.455380723414454	734.9117415282653	212.00542148734172	361.2799838224497	725.7548462205588	3.9220964261104156
13.04740860655677	2.458546595815923	751.6490116456872	223.16360156562288	362.63460764176926	741.9462486358954	3.9911359497260444
13.000192869042742	2.4609651476608416	768.386281763109	234.32178164390402	364.01010174331964	758.1311355097067	4.059389588723741
12.95494170576902	2.4627876186188793	785.1235518805307	245.47996172218518	365.3266077284589	774.3025605207037	4.126887393836007
12.909001794197385	2.4641178504211263	801.8608219979525	256.63814180046626	366.63723759440603	790.4649263161633	4.193658582602217
12.863762929555426	2.4650309850886667	818.5980921153739	267.79632187874745	367.91977967974293	806.6165318553062	4.259729708660752
12.81787673177023	2.465583801690514	835.3353622327957	278.9545019570286	369.20201472489396	822.7596749745447	4.325125379807106
12.773478925426957	2.465820797039409	852.0726323502174	290.1126820353098	370.44511196545636	838.8907513546144	4.389869330585612
12.7303934846389	2.4657779188420204	868.8099024676392	301.2708621135909	371.6524309987593	855.0100336103295	4.453983539692615
12.687037896391415	2.465484959997542	885.5471725850605	312.429042191872	372.85645505957086	871.1210026724913	4.5174892712157435
12.645052202631804	2.4649671382729053	902.2844427024824	323.58722227015323	374.0247836779306	887.2202152891134	4.5804066621108
12.60397087910153	2.464246168757614	919.0217128199042	334.74540234843437	375.1670527773089	903.308697981475	4.642753273984687
12.563741840772272	2.4633410157066375	935.7589829373259	345.9035824267155	376.2844946727109	919.3865997280452	4.70454802881298
12.52417050265021	2.4622684247639177	952.4962530547475	357.06176250499664	377.38142925579456	935.4544614665971	4.765806695685767
12.485595514475273	2.4610433223543238	969.2335231721692	368.21994258327777	378.45042624304745	951.5112896449355	4.82654553244382
12.447970449276408	2.459679106393812	985.9707932895907	379.37812266155896	379.4925487592092	967.5574448652278	4.88677980689772
12.411380446800116	2.458187873170486	1002.7080634070122	390.5363027398401	380.50560966625045	983.5924529709343	4.946523843943182
12.37595182449851	2.4565805978151185	1019.4453335244339	401.69448281812123	381.4862626703021	999.6158137573202	5.0057913787369746
12.339018746509307	2.4548672748125457	1036.1826036418556	412.85266289640236	382.4992789770208	1015.6361084792289	5.064595322153717
12.303948373316858	2.4530570326509418	1052.9198737592772	424.01084297468344	383.4635800258665	1031.6426938002596	5.122947786924859
12.271257343576728	2.451158233188196	1069.6571438766987	435.16902305296463	384.364724638926	1047.633296868582	5.180861462943481
12.238150741529603	2.4491785484352864	1086.3944139941204	446.32720313124577	385.2724546900192	1063.6174810618047	5.238346986689131
12.205561684796272	2.447125031904281	1103.1316841115424	457.48538320952696	386.1637328395532	1079.5921053637614	5.295415862695334
12.173109501807136	2.4450041820220165	1119.8689542289644	468.64356328780804	387.0487710624812	1095.5586939592295	5.352077646167451
12.142724435438023	2.4428219823601682	1136.6062243463864	479.8017433660893	387.8762276618835	1111.509577262334	5.408343083574542
12.112653708169315	2.4405839597914856	1153.3434944638082	490.95992344437036	388.69216631632884	1127.4514951338126	5.464221535558388
12.082909234094831	2.438295217914257	1170.0807645812297	502.1181035226515	389.49665568456214	1143.384479322303	5.519722041844697
12.053789939938325	2.4359604742136827	1186.8180346986514	513.2762836009326	390.28161187071515	1159.3072622742002	5.574853335468237
12.025157640133942	2.4335840951953123	1203.555304816073	524.4344636792138	391.05087033647607	1175.220422309049	5.629623856229965
11.998090503944823	2.4311701193882316	1220.2925749334945	535.5926437574949	391.77340532593746	1191.118800398898	5.6840417634348155
11.96976359301383	2.4287222900798136	1237.029845050917	546.7508238357761	392.5301701910732	1207.0158109259623	5.738114947955291
11.94442419221385	2.426244074406609	1253.7671151683387	557.9090039140572	393.1982669881368	1222.8906568941827	5.791851043662734
11.91628091099954	2.4237386877978477	1270.5043852857607	569.0671839923383	393.9474330112333	1238.77244504954	5.845257438265232
11.892430651354154	2.4212091104907167	1287.2416554031827	580.2253640706195	394.5671057820253	1254.624458990908	5.898340347253873
11.864970900588165	2.418658107703518	1303.9789255206042	591.3835441489007	395.29430420015217	1270.488647224048	5.9511073294400525
11.839825906926636	2.4160882453211996	1320.7161956380262	602.5417242271818	395.9506867563462	1286.3331443397863	6.003564452605505
11.816180716196794	2.413501906547286	1337.4534657554477	613.699904305463	396.55945044757283	1302.1617998165914	6.0557182604539905
11.791006325713859	2.410901310759666	1354.1907358728693	624.858084383744	397.21510838251993	1317.992290755102	6.107574366846365
11.767718241269295	2.4082884876332713	1370.928005990291	636.0162644620251	397.8108936940328	1333.804415672524	6.159139229929
11.744593532193585	2.4056653670475843	1387.665276107713	647.1744445403064	398.4004870899571	1349.6083473510491	6.21041813087151
11.721877890371127	2.4030337128829435	1404.402546225135	658.3326246185874	398.9764169776175	1365.4025632497755	6.261416342979747
11.699230584895725	2.400395171402505	1421.1398163425567	669.4908046968686	399.54958909326865	1381.1892932010746	6.31213953302624
11.677298015124348	2.397751270494771	1437.8770864599783	680.6489847751498	400.0990072786562	1396.964223465534	6.362592762123404
11.654381936020531	2.395103431081487	1454.6143565774	691.8071648534309	400.6810835648159	1412.7390831923324	6.412780955797016
11.634111906351286	2.392452969683173	1471.3516266948213	702.965344931712	401.1744497982792	1428.4883694411044	6.462708908694149
11.61417831688562	2.389801113683611	1488.088896812243	714.1235250099932	401.655722271719	1444.2278895523298	6.512381289091551
11.59150189372147	2.387148999802717	1504.8261669296649	725.2817050882744	402.2307064134352	1459.9809110199374	6.561802643214415
11.571866038108826	2.3844976850881916	1521.5634370470868	736.4398851665554	402.701631232222	1475.704237800176	6.610977399374915
11.552227317648477	2.381848148234674	1538.3007071645086	747.5980652448367	403.1724224770074	1491.420495012063	6.65990982686407
11.532641851318676	2.379201302680128	1555.03797728193	758.7562453231178	403.64142770684225	1507.1293615271156	6.708603572288043
11.51568156103071	2.376557992262439	1571.7752473993514	769.914425401399	404.0173433962781	1522.8095692826437	6.757063230357381
11.495772380234841	2.373918999242922	1588.5125175167734	781.07260547968	404.4979784575337	1538.5071357076213	6.805292800093143
11.477352807984824	2.3712850506479786	1605.2497876341954	792.2307855579612	404.92578075053933	1554.1852955897157	6.853295352811909
11.45681456554593	2.3686568213369052	1621.9870577516165	803.3889656362423	405.4310153440811	1569.875376486793	6.90107528252075
11.43855186240677	2.36603493370784	1638.7243278690382	814.5471457145234	405.8544927305469	1585.5388448375345	6.948635791995425
11.420002042926859	2.3634199645527807	1655.4615979864598	825.7053257928047	406.28917737310087	1601.1983057466277	6.995980552367357
11.402917126955456	2.3608124482418207	1672.1988681038815	836.8635058710857	406.6702905347045	1616.8380782592924	7.043112728890308
11.385678318107992	2.358212879820423	1688.936138221303	848.0216859493669	407.0575718546846	1632.471613340637	7.090036120857228
11.36853053511946	2.355621713780059	1705.6734083387244	859.1798660276481	407.4420443653328	1648.0974744116224	7.13675305481381
11.350464546029658	2.3530393718303126	1722.4106784561461	870.3380461059293	407.8622963867777	1663.7259003383306	7.183267446538845
11.335369297439549	2.3504662383618085	1739.1479485735679	881.4962261842104	408.17006369328254	1679.3175469778694	7.229582255129745
11.31851799952573	2.347902677633468	1755.8852186909894	892.6544062624915	408.54565815700147	1694.9203133208405	7.275700056169362
11.301765749455747	2.3453490130689465	1772.622488808411	903.8125863407726	408.9185396677137	1710.5155384022437	7.321623907178471
11.286341478185683	2.342805543123782	1789.3597589258336	914.9707664190539	409.2406871305999	1726.0898448205837	7.367356772876945
11.270563190960639	2.340272548939688	1806.0970290432545	926.128946497335	409.57746144093113	1741.6612253641417	7.41290136777457
11.254908363028392	2.337750281513251	1822.8342991606762	937.2871265756161	409.9103624102344	1757.224586796717	7.458260350113472
11.241716464349397	2.3352389688619772	1839.5715692780977	948.4453066538972	410.14623972121126	1772.7528766497503	7.503436323382494
11.224527219209698	2.332738825083058	1856.3088393955193	959.6034867321786	410.5423140995547	1788.3207749087253	7.548431837781748
11.20966787874862	2.330250036022536	1873.0461095129408	970.7616668104596	410.8465420786964	1803.8549977238742	7.593249391639234
11.19470628806291	2.327772777094885	1889.7833796303626	981.9198468887407	411.15599582085616	1819.3838636900964	7.637891432781417
11.180366502445334	2.325307204288237	1906.5206497477843	993.0780269670219	411.44133175089445	1834.8985147645415	7.682360359859494
11.165934139484566	2.3228534558404004	1923.2579198652063	1004.236207045303	411.7315236743759	1850.407692399206	7.726658523633058
11.15189319006944	2.320411656763793	1939.9951899826285	1015.3943871235842	412.0067847035813	1865.9053008663568	7.770788228212758
11.137956897617258	2.317981918815486	1956.7324601000494	1026.552567201865	412.2788682366424	1881.3949351923466	7.814751626437544
11.123962272714971	2.315564339385631	1973.469730217471	1037.7107472801463	412.55457152893325	1896.878796169267	7.858550636162634
11.11057344703863	2.313159004996202	1990.2070003348929	1048.8689273584273	412.80620412502014	1912.3479705471516	7.9021877685678765
11.097169878186707	2.3107659894406107	2006.9442704523144	1060.0271074367085	413.0596006861286	1927.8107184318053	7.945665154778769
11.082837888483313	2.3083853576194673	2023.6815405697357	1071.1852875149898	413.3535665229204	1943.2800159502467	7.988984461631839
11.07051759836878	2.306017162655	2040.4188106871575	1082.3434675932708	413.56367147387505	1958.7144733489718	8.032147826846478
11.057733435839262	2.30366144920044	2057.1560808045797	1093.501647671552	413.79455790897134	1974.1488080696963	8.075157542090155
11.046408397453106	2.301318253385263	2073.8933509220005	1104.659827749833	413.9640309773793	1989.5549384384192	8.118014767897941
11.032239344658118	2.29898760342395	2090.6306210394227	1115.8180078281143	414.25692996203145	2004.9967107071905	8.160722139462639
11.020445767010175	2.296669518347121	2107.367891156845	1126.9761879063956	414.44882926012167	2020.3963743841616	8.203280926920344
11.007172433001692	2.294364011576178	2124.105161274266	1138.1343679846766	414.7062106579966	2035.8122460895163	8.245693352377598
10.996538051590008	2.2920710897671848	2140.8424313916876	1149.2925480629576	414.8499056846883	2051.1803800812545	8.28796072582036
10.983113795872566	2.289790752396602	2157.5797015091102	1160.450728141239	415.1168793586404	2066.58608950678	8.33008534172728
10.970776905701959	2.287522994187837	2174.3169716265324	1171.6089082195201	415.33783990401116	2081.968288109757	8.37206808345332
10.959436154988653	2.2852678034655085	2191.054241743954	1182.7670882978011	415.5161963191628	2097.327738101007	8.41391134641504
10.949339063536929	2.283025164350573	2207.7915118613755	1193.9252683760824	415.64046584100294	2112.659577046604	8.455616438318241
10.936345488451648	2.2807950564950046	2224.5287819787964	1205.0834484543634	415.8949113411183	2128.033695935503	8.49718475650167
10.924820351789647	2.2785774521143005	2241.266052096218	1216.2416285326447	416.08545049845475	2143.3766624233513	8.538618231199376
10.913645611179241	2.276372325199151	2258.00332221364	1227.399808610926	416.26172234980953	2158.707100719419	8.579918337783784
10.902504058686185	2.274179639438181	2274.7405923310625	1238.557988689207	416.43789125471864	2174.0304793680684	8.621086108323778
10.89083457281724	2.2719993592811	2291.4778624484843	1249.716168767488	416.6394384184419	2189.35702992174	8.662123413978566
10.879687762405075	2.269831443431907	2308.215132565906	1260.8743488457694	416.8188287375217	2204.667893324444	8.703031691327269
10.86893763154858	2.2676758495866434	2324.9524026833274	1272.0325289240504	416.9816000088352	2219.9650742803856	8.743812323163345
10.859076807539367	2.2655325315270374	2341.6896728007478	1283.1907090023315	417.1050015725472	2235.2389753697216	8.784466670641205
10.848532934413953	2.26340144012076	2358.42694291817	1294.3488890806127	417.26107499507214	2250.51918643918	8.824996073716465
10.838917960896975	2.2612825231648714	2375.164213035591	1305.5070691588937	417.37569350598415	2265.7748750689348	8.865401700616717
10.828564885005065	2.259175728475008	2391.9014831530126	1316.665249237175	417.52572379084	2281.0383338041393	8.90568504676893
10.817102443849677	2.2570809999236197	2408.6387532704334	1327.8234293154562	417.7288252237644	2296.317696378226	8.945847391439866
10.807608308459331	2.25499827962699	2425.376023387855	1338.9816093937372	417.8418956794286	2311.5513132137744	8.985889992897375
10.79757722337965	2.2529275086053	2442.1132935052765	1350.1397894720183	417.9813818420654	2326.7892910884725	9.025814090279805
10.787576189790338	2.250868625543203	2458.850563622699	1361.2979695502997	418.12092475284305	2342.0202851458175	9.065620903974377
10.777929680072043	2.248821567866738	2475.587833740121	1372.4561496285808	418.2452813387247	2357.2374499251328	9.105311635986348
10.768255156630476	2.2467862718397265	2492.325103857543	1383.6143297068618	418.3724158518522	2372.448765890128	9.144887429304905
10.75811313910505	2.2447626724958645	2509.0623739749644	1394.772509785143	418.52318384255	2387.663894406349	9.184349337308602
10.74910538137125	2.242750701621252	2525.7996440923866	1405.930689863424	418.6216090182	2402.847935288347	9.223698623945008
10.73979024511982	2.2407502945144024	2542.536914209809	1417.0888699417053	418.736028726299	2418.032209811042	9.26293642212066
10.730384016125027	2.238761381736578	2559.27418432723	1428.2470500199865	418.8562484709305	2433.2121438555746	9.302063848055834
10.721262033318702	2.236783893756921	2576.011454444652	1439.4052300982676	418.9643210788354	2448.3792555038217	9.341082001604532
10.711585588254101	2.234817761948438	2592.748724562074	1450.5634101765488	419.1005143802694	2463.5528630233457	9.379991963713632
10.70327211363334	2.2328629134027427	2609.4859946794954	1461.72159025483	419.1725530696397	2478.6883332906305	9.418794384756128
10.694286474442745	2.230919279587402	2626.2232647969176	1472.879770333111	419.2784161981124	2493.8330729051595	9.457490704088746
10.685394781870123	2.228986787330731	2642.960534914339	1484.0379504113923	419.3812234312182	2508.9692285685455	9.496081959943059
10.676324695342524	2.227065365238355	2659.6978050317607	1495.1961304896734	419.4941827017359	2524.1034393600044	9.534569025124442
10.667894021123557	2.225154939792755	2676.4350751491825	1506.3543105679544	419.57748296348336	2539.2156541746795	9.57295264783101
10.659185864158431	2.2232554380753506	2693.1723452666056	1517.5124906462356	419.6757501376974	2554.3283506467515	9.61123420281382
10.6508086034467	2.221366787839491	2709.9096153840264	1528.6706707245164	419.75927628323103	2569.426383444107	9.649414469012843
10.642280330905644	2.2194889156387396	2726.646885501449	1539.828850802798	419.85164511531303	2584.5218939477463	9.687494158597547
10.634141855804826	2.2176217484083454	2743.384155618871	1550.9870308810791	419.9262836069302	2599.600997504125	9.725474653735617
10.625954741988693	2.2157652113010227	2760.121425736292	1562.14521095936	420.00472297826514	2614.674933312666	9.76335633477801
10.617663795522258	2.21391923119252	2776.858695853714	1573.3033910376412	420.0897281148805	2629.7452724229443	9.801140500381237
10.60949814431232	2.212083734570116	2793.595965971136	1584.4615711159224	420.1699827305812	2644.8059826107183	9.838827832030447
10.601428323808626	2.2102586472188097	2810.3332360885574	1595.6197511942034	420.2469235746495	2659.8578009104617	9.876419215840118
10.593480289025717	2.208443896245395	2827.0705062059797	1606.7779312724847	420.3192731159063	2674.899969494345	9.913915566427226
10.585681949767764	2.206639408041104	2843.8077763234005	1617.936111350766	420.3855836477246	2689.931641071608	9.951317623576198
10.578587335563556	2.2048451086960976	2860.5450464408236	1629.094291429047	420.4180666813566	2704.937048469613	9.98862627566027
10.569459925029472	2.203060924593614	2877.2823165582445	1640.2524715073282	420.55383762626064	2719.99385155338	10.02584237179592
10.562464971773421	2.2012867833445924	2894.0195866756676	1651.4106515856095	420.58407840530253	2734.983551933163	10.062966525007356
10.554915610478064	2.199522611744762	2910.7568567930894	1662.5688316638903	420.6435401832432	2749.982741502964	10.099999939266128
10.547377571393497	2.1977683368818384	2927.494126910511	1673.7270117421715	420.7038356759385	2764.9752704726816	10.136942713054719
10.240155861016946	2.1211757502581263	3764.357632781592	2231.6360156562287	421.8141841675258	3504.1939833574943	11.883429084152702
10.126437232306195	2.0896553448205686	4182.789385717131	2510.5905176132574	421.3668888316117	3866.1823428751204	12.694860544995382
10.029852776578645	2.061658333524674	4601.221138652675	2789.545019570286	420.62049641667005	4223.267912149504	13.473098613690503
9.947440861024466	2.0366245344110374	5019.652891588222	3068.4995215273148	419.6550076448046	4575.47729094238	14.22246010851672
9.877002154544224	2.014105527621446	5438.084644523759	3347.454023484343	418.5220458724275	4922.810765628585	14.946380060430972
9.817049184105448	1.9937395391283015	5856.516397459299	3626.4085254413717	417.24507801937176	5265.224261479193	15.647647314643063
9.714171579219258	1.9583407555490917	6693.379903330376	4184.317529355429	414.8739235047886	5936.464497531144	16.99105990369089
9.671441114888315	1.942760978403829	7111.811656265914	4463.272031312457	413.68733982082	6265.159976311981	17.63676814040626
9.638259366575866	1.9286365090767312	7530.243409201462	4742.226533269486	412.2488864429624	6588.437611155091	18.267090077371744
9.601789602756101	1.9155136118356717	7948.6751621369995	5021.181035226515	411.24155091017775	6908.476043206854	18.883237290632913
9.575760385314325	1.9033698486306407	8367.106915072542	5300.1355371835425	409.88420731803836	7222.63535556717	19.48626646087808
9.548199637845054	1.8921197068949636	8785.538668008066	5579.090039140572	408.8129283330945	7533.278665078655	20.077105967161103
9.524474904114097	1.8816566509791988	9203.970420943597	5858.044541097601	407.715307956445	7839.2536568175465	20.656577055476035
9.504521724120385	1.8719095311957368	9622.402173879145	6136.9990430546295	406.58004952448437	8140.462726310495	21.22541040146618
9.483852865138084	1.8628112263409873	10040.833926814681	6415.953545011657	405.63283985107824	8438.121066888873	21.78425956137849
9.464490798502261	1.853721039219723	10459.26567975022	6694.908046968686	404.7514132349938	8731.733015252044	22.333712304165743
9.451072952220045	1.846332900069822	10877.697432685753	6973.862548925715	403.6810529929925	9019.711783713467	22.87429945880229
9.437156546896935	1.8388553715246878	11296.1291856213	7252.817050882743	402.7516782181624	9304.11196221108	23.40650227654139
9.427386005047998	1.8318297305808018	11714.560938556837	7531.771552839771	401.7124532727771	9583.236580170102	23.93075909786501
9.416705552789946	1.825219782091299	12132.992691492385	7810.726054796801	400.81751698716556	9858.979926532837	24.44747015445182
9.408058799101374	1.8189931506442987	12551.42444442794	8089.6805567538295	399.9076109116136	10130.179011689044	24.957002539756274
9.397224312300906	1.8131207809889576	12969.856197363475	8368.635058710857	399.1903346118712	10398.733297896733	25.45969366924818
9.390663060844819	1.8075765152806007	13388.287950299009	8647.589560667886	398.3326731268622	10661.684293787444	25.955854496963376
9.380541283145986	1.8023367313847358	13806.71970323455	8926.544062624915	397.7230881284114	10922.857603656837	26.44577274849476
9.376833816833253	1.7973800366469996	14225.151456170066	9205.498564581943	396.8585504254366	11177.127875849916	26.92971496469617
9.369948904435637	1.7926870103037096	14643.583209105622	9484.453066538972	396.2118637967556	11429.575100628374	27.40792865953984
9.363261182182073	1.7882399661325301	15062.01496204117	9763.407568496	395.6107401033607	11678.486861796742	27.880644543204646
9.35938310803035	1.7840227766958674	15480.44671497671	10042.36207045303	394.92410614629705	11922.256597748223	28.348077512123997
9.355382794175695	1.7800206818190798	15898.878467912271	10321.316572410058	394.2920566889136	12162.65042343806	28.810428763356033
9.352101549739334	1.776220163403927	16317.310220847805	10600.271074367085	393.67086286492014	12399.165520165801	29.26788638907224