28.382674912641598	0.08186168569606778	35.01889990375193	0.11158180078281144	0.21926186974739212	29.42314902622758	0.2294761402266479
27.641770240697547	0.08321373215704085	56.00181385488425	0.22316360156562287	0.16964892259207845	45.838738242152175	0.36638318336958964
26.83433892584748	0.08412053650494968	72.04827648580353	0.33474540234843436	0.14312977282693629	59.51381247828058	0.4708744562489539
26.655930269292238	0.08653140692622104	81.10687321179608	0.44632720313124574	0.11056400213515243	70.98732377518685	0.5297225169962301
25.816045958412317	0.08964351049144294	90.14122176324858	0.5579090039140573	0.09426161745451377	78.92916323992486	0.5884123560085507
25.44753859623974	0.09349989264914342	97.00365480445849	0.6694908046968687	0.07783900166271336	86.16767224689896	0.6325701430208436
24.820024346113247	0.09808333455282911	101.25525164665568	0.7810726054796802	0.064955349453826	94.34970441399045	0.6592591071306432
24.316918209957862	0.10346787658669207	105.50684848885288	0.8926544062624915	0.052175438260019594	98.68899486185808	0.6859480712404427
23.669797777508126	0.10924365400724668	109.7584453310501	1.004236207045303	0.04586173608660141	102.74403015271258	0.7126370353502423
12.791415570838973	0.5526441358767155	245.11747013464068	11.158180078281145	108.22325484906969	242.56414293676787	1.563978184548348
12.738870415056287	0.5871567486822571	253.65098753252195	12.273998086109259	117.60741467772071	251.06807758727456	1.6161221000396138
12.70301757295352	0.6199328192627017	261.72040621798027	13.389816093937375	125.8526694296207	259.10233338916	1.6652242046008747
12.671786929447935	0.651151459276581	269.3791714605587	14.505634101765487	131.7370694770009	266.73104067589145	1.711638934188912
12.651016779019143	0.6809683300116434	276.6528317856452	15.621452109593601	137.1606081269454	273.98420899715734	1.7555476392194556
12.630065047311358	0.7095288705062517	283.52503164072255	16.73727011742172	142.40560658744747	280.8670501298643	1.7968750752608336
12.611077507326208	0.7369818885591228	289.9329617639718	17.853088125249833	147.42410355655227	287.3382894545064	1.835268736207
12.597550865450815	0.7634911864317545	295.76641968216546	18.968906133077947	152.11392939202617	293.3083986333741	1.8700948037152665
12.58896404913029	0.7892375522930289	300.91764816630064	20.084724140906058	156.5313647301194	298.6670067314242	1.9007401330910996
12.581104195554506	0.8144016422427524	305.36474819091586	21.200542148734172	160.82228058532877	303.3557496489047	1.9271058955554587
12.576177569637006	0.839137632504562	309.1819376503568	22.316360156562286	164.9672961979654	307.3930759698595	1.949661535613884
12.56748149261192	0.8635593057462279	312.4769090074706	23.4321781643904	169.164498227329	310.87957781161435	1.9690665439775583
12.56350393159152	0.8877409471439973	315.3707803106596	24.547996172218518	173.2114781601444	313.91847479943505	1.9860538740301679
12.561819482818175	0.9117260781487015	317.95834522404976	25.663814180046632	177.18117850182006	316.61926178722445	2.001194148612347
12.561367514249616	0.9355366672779171	320.31477102993836	26.779632187874743	181.10708264206633	319.0581171269623	2.0149384845366325
12.561931031418816	0.9591807177200902	322.48610914455975	27.89545019570286	184.99788360405682	321.2982367191814	2.0275619742236977
12.565049411773918	0.9826576974797586	324.5214902578404	29.011268203530975	188.8114685143527	323.37837789789535	2.039359058920072
12.568367522536015	1.0059619145576733	326.44416553150785	30.12708621135909	192.6115211059931	325.3378879545891	2.0504678404145253
12.572604988989786	1.0290850365823025	328.2763274826211	31.242904219187203	196.36708017615277	327.198542344592	2.0610205540769537
12.578237271668716	1.0520173934230421	330.03609967277407	32.35872222701532	200.05427008533871	328.97792977102864	2.071125434524027
12.585504786016383	1.074749005010818	331.7358638397814	33.47454023484344	203.66363123424975	330.6908812963422	2.080856155224919
12.592925993310832	1.0972701696012515	333.3854950959972	34.590358242671556	207.23977441013787	332.3485287100364	2.0902715253528075
12.60106906279866	1.1195718051006351	334.9915641918929	35.70617625049967	210.76334524634962	333.959995454848	2.099410127057741
12.610091391815885	1.141645625167088	336.56092816786446	36.82199425832778	214.23075286004524	335.532422415858	2.108312910139383
12.617052940577805	1.1634842918800012	338.0994392959519	37.937812266155895	217.7284074717525	337.07199129458274	2.1170151863355775
12.62845183498863	1.185081435931409	339.61124727717015	39.053630273984005	221.06112305810737	338.58174345525464	2.1255419056938627
12.638911068648746	1.206431611987466	341.0980394017772	40.169448281812116	224.38893993677632	340.06458157393195	2.1339020396042447
12.649504170408553	1.2275302427271984	342.56359690543286	41.28526628964023	227.6794306483836	341.52574092632005	2.142118789125464
12.659346147084877	1.248373679840742	344.0110874276525	42.401084297468344	230.9594523180878	342.9669602970089	2.150212005549439
12.676406134594616	1.268959034824118	345.4401747498432	43.51690230529646	233.98130439187668	344.3881566538554	2.1581776166317503
12.681545214191857	1.2892841351509277	346.8546335228125	44.63272031312458	237.33971102354403	345.79616516334545	2.1660403298386317
12.692868724029703	1.3093475380122963	348.2547527598368	45.7485383209527	240.4709620827545	347.1870223012167	2.1738008737582994
12.701765689579208	1.3291483321020634	349.64198152113755	46.86435632878081	243.64433228607106	348.56580593140967	2.1814682487192827
12.715274722883644	1.3486862316807222	351.0175374762801	47.980174336608926	246.62898055961136	349.9305820912066	2.1890501640212987
12.726064556485616	1.367961371413981	352.38186329484074	49.095992344437036	249.65911198108228	351.28507364424235	2.1965487092444613
12.735837864844193	1.3869743879534402	353.73625277403244	50.211810352265154	252.68119265198047	352.6283953052757	2.203972546539144
12.748023864939961	1.405726248323845	355.08097662246956	51.327628360093264	255.58252954870153	353.96218611895955	2.2113227369249397
12.759963647668348	1.4242183222202067	356.4168686923875	52.44344636792138	258.4511571381931	355.2858631577418	2.218604794064622
12.771738559677967	1.4424522274960225	357.7445677560235	53.559264375749486	261.28285326860004	356.60168227915364	2.225822835332806
12.782368346985498	1.4604298995180005	359.06410624141154	54.6750823835776	264.1118049919382	357.9088842676188	2.232976333526836
12.793442762090033	1.4781534635118208	360.3768419004174	55.79090039140572	266.8832793306278	359.20867015232403	2.240075373220758
12.793442762090033	1.4781534635118208	360.3768419004174	55.79090039140572	266.8832793306278	359.20867015232403	2.240075373220758
12.796014274840466	1.4825449204535495	360.7034389562519	56.06985489336274	267.5763978383134	359.5326538320363	2.2418372974599645
12.798757101842215	1.4869206842537375	361.03003601208644	56.348809395319776	268.26113829664735	359.8557063274579	2.2435992216991707
12.80150063222575	1.4912807867197073	361.3563877977574	56.6277638972768	268.94260383782466	360.17874795454503	2.2453591410868428
12.80442069594015	1.4956252719476244	361.6817882529928	56.90671839923384	269.61555435685653	360.5012269666859	2.247111284248266
12.807017667458776	1.4999541819074262	362.0071887082282	57.185672901190856	270.2967606976297	360.82305989480403	2.2488634274096895
12.809460649752957	1.5042675478107859	362.3321822637989	57.464627403147894	270.98052701552604	361.14491210425564	2.2506122158833555
12.813983812388798	1.50856542403966	362.6564245310079	57.74358190510491	271.59186050903907	361.46572271169333	2.252354810353712
12.814732590755591	1.5128478477405536	362.9806667982169	58.02253640706195	272.3266919013942	361.7866931252584	2.254097404824069
12.817454304983233	1.5171148518555937	363.30436845686296	58.301490909018966	272.992220697757	362.1072880513858	2.255835503589595
12.819769553764264	1.5213664962896316	363.62748922135347	58.580445410976004	273.6687479354198	362.4272047018655	2.2575687716350012
12.822724491841361	1.525602814607481	363.950609985844	58.859399912933036	274.32098677401507	362.74659724972224	2.259302039680407
12.82557271422616	1.5298238445356713	364.27308183814716	59.13835441489007	274.974091445139	363.0660001761285	2.261029864180471
12.83170338994212	1.5340296479172866	364.5951162215256	59.41730891684709	275.5127359582704	363.3839568105142	2.262754018874398
12.831058245979134	1.538220256743242	364.91715060490395	59.69626341880411	276.2772882451177	363.70289476408215	2.264478173568325
12.833497809390883	1.5423957138524726	365.23845091176514	59.975217920761146	276.934620704119	364.02124098177165	2.2661961158833717
12.836240437373469	1.5465560766301416	365.5594326196699	60.25417242271817	277.5788358017566	364.3386550367307	2.26791136194349
12.83888252003865	1.5507013819880193	365.8804143275746	60.53312692467521	278.2235379788653	364.65587655595147	2.2696266080036085
12.841391757904544	1.5548316745030277	366.20059788188786	60.812081426632226	278.8684695195225	364.9731144418609	2.271335038957025
12.84966585819389	1.5589470113886108	366.5205593374118	61.091035928589264	279.3158421540825	365.2883384712416	2.2730415734998215
12.846409933171513	1.5630474297169046	366.84052079293576	61.36999043054628	280.14911243490195	365.605625621715	2.274748108042618
12.848825478747889	1.5671329772994498	367.15963923656216	61.64894493250332	280.78791786939775	365.92181529492194	2.2764473790481587
12.85002206678326	1.5712037098067821	367.4786117007438	61.927899434460336	281.46374000476646	366.23732232598996	2.278145392269392
12.85332986281275	1.5752596660268467	367.79758416492547	62.206853936417374	282.064408580313	366.55232001975133	2.2798434054906247
12.856164607477456	1.5793008948398306	368.11568626668446	62.4858084383744	282.67779202571455	366.8673996750922	2.281533850175287
12.859018245512198	1.5833274528535128	368.43369994731853	62.76476294033144	283.2872881977241	367.1815553027093	2.283223525963567
12.861310046394449	1.5873393775095221	368.7517136279526	63.043717442288454	283.91104692415655	367.4957483490669	2.284913201751847
12.864239446161589	1.591336722730763	369.06884552762847	63.32267194424548	284.50924042864705	367.809806957269	2.2865951373831757
12.876537070195683	1.5953195413425234	369.3859296775291	63.60162644620251	284.79133783904837	368.12112863536964	2.288276653873274
12.86890463956494	1.5992878732164952	369.70301382742963	63.88058094815954	285.7349356092909	368.43629603250656	2.289958170363373
12.875672512781097	1.6032417726765096	370.01921925015915	64.15953545011656	286.1926385986361	368.7486251763514	2.291631899106462
12.874195433110579	1.6071812936875995	370.335402255902	64.4384899520736	286.92087328367654	369.061713102745	2.293305429178306
12.876629020746345	1.6111064758363427	370.6515852616449	64.71744445403063	287.5151510319182	369.3739650185498	2.294978959250151
12.87880952763375	1.6150173739279672	370.9669057064986	64.99639895598766	288.11279332882236	369.686257846082	2.2966447692763814
12.881267045918447	1.618914042388933	371.2822151685716	65.27535345794469	288.69576217291717	369.9976709863065	2.2983104810051254
12.884306887086595	1.622796521486614	371.59752463064467	65.5543079599017	289.25579020137616	370.30888732054126	2.2999761927338684
12.886860575803727	1.6266648666519576	371.91199953673106	65.83326246185874	289.82720044285213	370.6201912420967	2.3016343592005932
12.888755185387602	1.6305191311604574	372.22646234193286	66.11221696381577	290.4134306303775	370.9308576140136	2.303292416262621
12.890740875502479	1.6343593580689948	372.5409251471347	66.3911714657728	290.9923271454821	371.241398480464	2.3049504733246486
12.893223367283397	1.6381856000902355	372.85459204013085	66.67012596772985	291.55099602384126	371.5518298480644	2.3066012592425524
12.89541751986095	1.6419979129824218	373.1682344269779	66.94908046968686	292.1109895012346	371.86161376916846	2.308251821281816
12.897836743673121	1.6457963398587956	373.48187681382495	67.2280349716439	292.6595316158987	372.17120734186557	2.3099023833210803
12.902583069384892	1.653351747127928	374.1076190532963	67.78594397555796	293.7422874373571	372.7897605544002	2.313189263282435
12.905054509998672	1.657108826896753	374.4204666711247	68.06489847751497	294.27229290959906	373.09850893103703	2.3148324862410736
12.907413411415497	1.6608522234007717	374.73262309387417	68.34385297947202	294.7999649773314	373.40726899256725	2.3164692552697517
12.909617360574762	1.66458199558486	375.0447010562564	68.62280748142904	295.3247191680041	373.71550909147686	2.318105291686565
12.912098119562627	1.6682981844942542	375.3567790186386	68.90176198338607	295.83704141664913	374.02344797240187	2.319741328103379
12.914447996351049	1.6720008423713977	375.6682297474364	69.1807164853431	296.34499972081176	374.3314012886036	2.3213714400172476
12.91654522102761	1.6756900246568356	375.97956268047386	69.45967098730013	296.85500702772435	374.6389416518562	2.3230004392972474
12.918939437636704	1.6793657778732813	376.29089561351134	69.73862548925715	297.3509753455363	374.9461122688665	2.324629438577248
12.920947198086372	1.6830281535691263	376.6016716763175	70.01757999121418	297.84928587851897	375.25335341245807	2.3262531146997882
12.921851676893478	1.6866772010876858	376.91228376231385	70.29653449317121	298.3760613593503	375.56045024259396	2.3278752233577213
12.92513192879814	1.6903129737489757	377.22289584831026	70.57548899512823	298.82431541735355	375.86667628483974	2.329497332015654
12.92780392606251	1.6939355166744599	377.5330268768794	70.85444349708526	299.28564537319124	376.1730184020227	2.331114784624754
12.928191115326737	1.6975448898635712	377.8429418938518	71.13339799904229	299.8054683429107	376.4795631707235	2.332730146505211
12.931928311612769	1.7011411360561877	378.15285691082414	71.41235250099933	300.222119720519	376.78495535268786	2.334345508385667
12.934163997439981	1.704724304357398	378.46237121299544	71.69130700295635	300.6769085825989	377.0906546557818	2.335956941155024
12.93662635806673	1.7082944527245743	378.77161257043485	71.97026150491338	301.11645762639995	377.39612411390164	2.3375656976314865
12.93853900764507	1.7118516261108654	379.0808539278742	72.2492160068704	301.567871760813	377.701188421521	2.339174454107949
12.940733233399344	1.7153958726323248	379.3897785524864	72.52817050882744	302.00113070475584	378.006183975153	2.3407800625060515
12.9415109436566	1.7189272491349923	379.6983693237395	72.80712501078446	302.47071973483736	378.3114015962414	2.342382352661003
12.945700644434547	1.7224458021055318	380.0069600949926	73.08607951274149	302.8369300692247	378.61529054485857	2.343984642815954
12.94726032442286	1.7259515772243406	380.31532089038956	73.36503401469851	303.27215525656834	378.9197321503047	2.3455846144681414
12.948019347252098	1.7294446328370583	380.62328384199634	73.64398851665555	303.71672961017015	379.2243409332212	2.347180575256133
12.951325652079108	1.7329250154054743	380.93124679360307	73.92294301861257	304.09349519955964	379.52778148331294	2.348776536044125
12.954646596399781	1.7363927698990143	381.23906846057133	74.20189752056959	304.4601616451923	379.8311755093048	2.3503710510625013
12.954484413991208	1.7398479516125844	381.5464260788612	74.48085202252663	304.91266689036064	380.13532076875737	2.3519608174579067
12.957221839790607	1.7432906112346116	381.85378369715113	74.75980652448366	305.282484456293	380.43834462703137	2.353550583853312
12.959901109725157	1.7467207913510918	382.1610898370217	75.0387610264407	305.65027755494935	380.74123391577155	2.3551398151386724
12.960005638921	1.7501385469626152	382.4678643522406	75.31771552839771	306.0744398238019	381.0446798456656	2.356723520269662
12.963550467950055	1.753543927228691	382.7746388674595	75.59667003035476	306.40884451526955	381.34700810151037	2.3583072254006523
12.96564299360584	1.7569369777210309	383.08141338267836	75.87562453231178	306.7753016935596	381.64940475167225	2.3598909305316425
12.973431785251814	1.7603177486111958	383.3876654342235	76.1545790342688	306.9976862282778	381.9505319068442	2.3614691141901565
12.969732100529678	1.7636862934185265	383.6938788424368	76.43353353622582	307.49033869092125	382.25396195930915	2.363046889460292
12.975475701658889	1.767042648958926	384.00009225065014	76.71248803818287	307.752375337737	382.55494983974313	2.3646246647304277
12.974052153762361	1.770386884645541	384.3058946331427	76.99144254013989	308.17648293895877	382.85750425784977	2.3661980197019026
12.97471081727905	1.7737190309646056	384.61156871613633	77.27039704209692	308.5472021917665	383.15951416238477	2.367769994900592
12.97820815202336	1.7770391447782752	384.91724279912995	77.54935154405395	308.84690649416797	383.4604185924078	2.369341970099282
12.979357979683328	1.7803472640247167	385.22261586866756	77.82830604601098	309.19868083734343	383.76183960877677	2.370910647719832
12.981700213276387	1.783643449727369	385.5277722120456	78.10726054796801	309.51352616234607	384.0629831753006	2.3724769511227777
12.983464647841231	1.7869277440245646	385.8329285554236	78.38621504992503	309.8391296443107	384.3637379078007	2.374043254525724
12.985479165415438	1.7902001933402063	386.13789174072457	78.66516955188207	310.15640270856284	384.66440432558744	2.3756074000047733
12.987611298267666	1.7934608488080799	386.44255175038404	78.94412405383909	310.46212540865673	384.96504160205274	2.377168158465419
12.989489598639755	1.7967097584251708	386.7472117600435	79.22307855579612	310.77283217147436	385.26535417198994	2.3787289169260655
12.99091368362672	1.799946965574645	387.0517835929533	79.50203305775315	311.0873212756937	385.5656232646412	2.3802886695457235
12.99143590925393	1.8031725200754247	387.3559685100974	79.7809875597102	311.41435181135296	385.8660928643228	2.381844008578612
12.994636653101596	1.8063864710579347	387.66015342724154	80.05994206166721	311.6857691481703	386.1657013512735	2.3833993476115007
12.996816680339215	1.8095888610381279	387.9643383443856	80.33889656362425	311.971026793095	386.4652845015838	2.384954686644389
12.998811198138407	1.812779740193682	388.2680824861562	80.61785106558126	312.25607915151375	386.7649013940977	2.3865048847712704
13.004684097216396	1.8159591544771918	388.5718134009919	80.89680556753831	312.4626366255804	387.0635051592866	2.388054928628126
13.000384360818513	1.8191271508526463	388.8755443158276	81.17576006949533	312.8654090246614	387.364094637659	2.3896049724849804
13.004320853145687	1.822283772427109	389.17895254269575	81.45471457145234	313.10144589766804	387.6627679650895	2.3911511623345425
13.005989196717433	1.8254290718742534	389.4822504069472	81.73366907340937	313.381334476266	387.9619553532731	2.3926960340738157
13.007905069570251	1.8285630916793019	389.7855482711986	82.0126235753664	313.6500518864273	388.2606544932775	2.3942409058130893
13.009456674306135	1.8316858748722453	390.0886364624739	82.29157807732344	313.921628522443	388.55940898256296	2.3957832088440094
13.011417174821917	1.834797472212	390.39152210082955	82.57053257928045	314.18506865220326	388.85805685653077	2.39732303039455
13.013103281679529	1.8378979281908578	390.6944077391853	82.84948708123748	314.4493698364643	389.1564764174853	2.3988628519450903
13.014778775800204	1.8409872850642592	390.9971909930647	83.12844158319453	314.7081825073048	389.45475105858435	2.400401384443022
13.015549471586857	1.8440655921684697	391.2996851136655	83.40739608515156	314.98345864570524	389.7532322542613	2.4019362766624575
13.018457545671371	1.8471328938355749	391.60217923426626	83.68635058710858	315.2177082335232	390.05103906536937	2.403471168881893
13.01995997440536	1.8501892325523996	391.9046718901631	83.96530508906562	315.4697098792702	390.3489246023191	2.405006042109238
13.021855036944459	1.8532346548234049	392.2067950942259	84.24425959102264	315.7142835347825	390.6467078345332	2.4065361248376096
13.023415683465728	1.8562692062717796	392.5089182982888	84.52321409297967	315.9645588851643	390.9445283433124	2.4080662075659816
13.025062953711505	1.8592929306904278	392.81104150235166	84.80216859493669	316.2072128378801	391.2419689966598	2.4095962902943526
13.026615457094271	1.8623058704637805	393.112906748991	85.08112309689372	316.4484988899929	391.539423848129	2.4111229200153246
13.028634558641278	1.865308072876134	393.4146795396559	85.36007759885075	316.6812108129931	391.83675480497766	2.412648312124446
13.03016175117492	1.868299580628857	393.71645233032075	85.63903210080777	316.9214826379415	392.1339192644788	2.414173704233568
13.031993288958365	1.8712804360003652	394.018073879922	85.9179866027648	317.14898358880686	392.4309163017468	2.415697000660566
13.03356188965652	1.87425068512777	394.31951667039823	86.19694110472183	317.38066492470386	392.72796473691403	2.4172178200995442
13.035197555063647	1.8772103708805399	394.6209594608744	86.47589560667886	317.6108621530636	393.024841249408	2.4187386395385224
13.036774824037861	1.8801595348473965	394.92234942029	86.75485010863589	317.8388857829447	393.32153037013666	2.420258698830815
13.037720955427847	1.8830982212731602	395.2234825413734	87.03380461059292	318.0725532198483	393.618366089236	2.4217750626681136
13.038880298335878	1.8860264748672768	395.5246156624568	87.31275911254995	318.30236287788483	393.91510363699433	2.423291426505413
13.041806585577401	1.888944335409637	395.8257487835402	87.59171361450699	318.50203454149147	394.21111008587366	2.4248077903427117
13.044068284111498	1.8918518460889246	396.1266291758067	87.870668116464	318.7092803314074	394.507271392251	2.426320364851043
13.044786090238063	1.8947490523061232	396.42747288282914	88.14962261842105	318.9381303819531	394.803807532541	2.4278323893134415
13.046490110012503	1.8976359937688223	396.72831658985166	88.42857712037807	319.15047279500624	395.09985527507615	2.4293444137758393
13.048173882258178	1.9005127116925298	397.02900780136304	88.70753162233508	319.36282044210117	395.39582954067185	2.430854045713837
13.049732351572468	1.9033792499716917	397.32958228063177	88.98648612429211	319.5735510215509	395.6918211730924	2.4323618462225873
13.051404779510833	1.9062356506834972	397.63015675990044	89.26544062624914	319.7789333973877	395.98766832742535	2.433869646731338
13.052457536199558	1.9090819530184444	397.93066888091795	89.54439512820618	319.99400352843725	396.2834916450185	2.435376418559206
13.054170951548254	1.9119182003669555	398.2309942556948	89.8233496301632	320.1981043008082	396.57914071984374	2.436880109763683
13.055898962385946	1.9147444343005018	398.5313196304716	90.10230413212022	320.3993778248188	396.87476273009287	2.4383838009681593
13.056190962188097	1.9175606930532363	398.8316450052485	90.38125863407727	320.61923739356035	397.1704900402369	2.439887492172636
13.05808644755157	1.9203670209141643	399.13175847824346	90.6602131360343	320.81350007942916	397.4658028285368	2.4413874869215832
13.06029614150327	1.9231634565507203	399.4318548143106	90.93916763799132	321.0024395527288	397.76102649106616	2.4428871827306593
13.061869032665566	1.9259500425485014	399.73195115037777	91.21812213994835	321.2006771729396	398.0562363032311	2.444386878539735
13.065082921896176	1.9287268144124423	400.0319239171234	91.49707664190538	321.36796788114015	398.3509395796133	2.4458842793121334
13.064533238786032	1.9314938186497554	400.3318112279758	91.77603114386241	321.5933043955016	398.6465922004905	2.447380092923522
13.066870566519658	1.934251091150254	400.63169853882823	92.05498564581943	321.77353153464963	398.9414429149385	2.448875906534911
13.067356617685595	1.9369986740066238	400.93153886715925	92.33394014777646	321.9823030521308	399.23659643362265	2.450370783353547
13.068801918546704	1.9397366058169845	401.23123711886143	92.61289464973349	322.172229435866	399.5314937854404	2.451862827281306
13.072704388334644	1.9424649254519217	401.5309353705636	92.89184915169052	322.3226483072945	399.82574497151137	2.4533548712090645
13.071852374606575	1.9451836724836513	401.8306336222658	93.17080365364754	322.54532869440874	400.12103792089397	2.4548469151368235
13.073183853540646	1.9478928868628678	402.1301800914863	93.44975815560458	322.7344050446021	400.415734866787	2.4563356765331243
13.073954254593698	1.9505926077223372	402.42970920722604	93.7287126575616	322.9311460998472	400.710570814271	2.4578240626335015
13.07611356149659	1.953282873327641	402.7292383229658	94.00766715951863	323.10227950138716	401.00494070734715	2.4593124487338787
13.077283933865317	1.9559637214848642	403.02868713313404	94.28662166147566	323.28794903581377	401.29946916934307	2.4607989265629424
13.076721747764365	1.9586351917167828	403.3280669975034	94.56557616343271	323.4994740973808	401.5944387363583	2.46228376605873
13.079808864494753	1.9612973232844872	403.6274468618728	94.84453066538973	323.65570614386274	401.88843770830425	2.463768605554518
13.085725797136615	1.9639501514665616	403.9268046389196	95.12348516734676	323.7686584934747	402.18151444393163	2.4652528585658873
13.082896813653225	1.9665937162618825	404.2260551019496	95.40243966930377	324.00762338681454	402.4769053203255	2.466734262069429
13.084293555116748	1.9692280555247788	404.52530556497976	95.68139417126082	324.18390822851717	402.77116654212585	2.468215665572971
13.085155647248307	1.9718532063679095	404.8245560280098	95.96034867321784	324.36786633227587	403.0654626118603	2.4696970690765125
13.08903777352459	1.974469205375512	405.12371931732315	96.23930317517487	324.5065600988839	403.3588939935968	2.4711758267359314
13.089549244002432	1.9770760909697545	405.4228601982962	96.51825767713188	324.6936503355283	403.6532105130722	2.472653904270911
13.08967603006739	1.9796739011587832	405.7220010792693	96.79721217908893	324.88312079402584	403.94760745608517	2.4741319818058907
13.090653214882094	1.9822626705992503	406.0211049004989	97.07616668104595	325.05994410202476	404.2416655885351	2.475608731762538
13.092002877351996	1.9848424371495592	406.3201559915605	97.35512118300298	325.2310514878214	404.53561856364496	2.477083592784669
13.0939355342013	1.9874132373784468	406.6192070826221	97.63407568496	325.3933056407902	404.829399818278	2.4785584538067997
13.09439742565759	1.9899751079436034	406.9182565919994	97.91303018691704	325.57511162426573	405.1234859383836	2.4800332446328954
13.0958735309885	1.9925280840871078	407.2172376612575	98.19198468887407	325.7396731449047	405.41726931940707	2.4815049980479875
13.096916526419479	1.9950722037716215	407.5162187305156	98.47093919083109	325.9102312945909	405.7111607015528	2.4829767514630796
13.10184806801867	1.997607501101974	407.81519979977367	98.74989369278813	326.0240978114056	406.00393730713466	2.4844485048781717
13.102028265713265	2.0001340125594247	408.11414943375024	99.02884819474517	326.2065850252542	406.29796453622185	2.485918382934333
13.100863958771015	2.002651773655344	408.41308022909783	99.30780269670218	326.4074948292908	406.59235196568113	2.4873871371198266
13.101660651907187	2.00516082001839	408.71201102444553	99.58675719865921	326.5768523117941	406.8861916177017	2.4888558913053203
13.102172475481417	2.007661186449926	409.01093506870046	99.86571170061625	326.7500638020616	407.1800377052328	2.4903240063996166
13.103196192984042	2.0101528945794502	409.3098353208991	100.14466620257328	326.9157147350961	407.473728380049	2.4917898692223845
13.104816652163583	2.0126360210071557	409.6087355730977	100.4236207045303	327.07253383138396	407.76724876754287	2.4932557320451525
13.106935092137228	2.0151105586213016	409.9076358252963	100.70257520648732	327.2218876048393	408.06059248237557	2.4947215948679204
13.107362697074892	2.017576556326554	410.2065273070314	100.98152970844436	327.3919483563506	408.35437357137124	2.4961852024519895
13.108419213793598	2.020034047489255	410.50541673248955	101.26048421040139	327.55270923666444	408.6479707805295	2.4976482812845653
13.110416479710008	2.02248306803576	410.80430615794756	101.5394387123584	327.699849462436	408.94130168444536	2.4991113601171406
13.11015800773054	2.0249236503228087	411.1031990691854	101.81839321431544	327.8788406572135	409.2352270413024	2.5005733878594705
13.112741370535716	2.027355829350884	411.4020973728202	102.09734771627247	328.017077392522	409.5283285341759	2.502033789596613
13.11252653605582	2.029779638464079	411.700995676455	102.3763022182295	328.1931437268872	409.8222362246138	2.503494191333755
13.115059608242316	2.0321951119803185	411.99989398008984	102.65525672018653	328.328790594797	410.11533640861467	2.504954593070897
13.114746641820414	2.034602282996348	412.29881996964184	102.93421122214357	328.5042287323702	410.40924028428884	2.506412504072785
13.117066306012577	2.0370011846976386	412.59774684762994	103.21316572410059	328.64231905636325	410.7023674026919	2.507870335147426
13.118522461319406	2.039391849789606	412.896673725618	103.49212022605762	328.79231905361314	410.9957549685709	2.509328166222067
13.119606582229366	2.041774312617272	413.19562662563135	103.77107472801464	328.9473349958125	411.2892401199265	2.510784668453663
13.120435793015417	2.044148604888731	413.49460176805655	104.05002922997168	329.10318049087783	411.58278830844296	2.5122400348522915
13.121705464255676	2.04651475936834	413.79357691048176	104.3289837319287	329.2522477169764	411.8762050686641	2.5136954012509194
13.12134120533416	2.0488728092897963	414.0925590922409	104.60793823388573	329.4239687776779	412.1701003560984	2.515150523258071
13.12398933872549	2.051222786500013	414.3916021856499	104.88689273584275	329.5532255593926	412.4631193159323	2.5166035305355985
13.123682666409836	2.053564723059512	414.6906452790589	105.16584723779978	329.72374573820133	412.7570000071208	2.5180565378131257
13.126126038379304	2.055898651217662	414.989688372468	105.4448017397568	329.8550417432286	413.0500694481791	2.519509545090653
13.126948745734369	2.0582246033271603	415.2887895211164	105.72375624171383	330.00648777281214	413.3436422699734	2.520961059204955
13.127747797732582	2.060542611620185	415.58792025098893	106.00271074367086	330.1580443130246	413.6372201751491	2.5224118124991093
13.129084142280387	2.06285270540584	415.88705098086143	106.2816652456279	330.3018893296217	413.9306334310616	2.5238625657932645
13.130211268102213	2.065154919112024	416.18620488933254	106.56061974758492	330.4484094219182	414.22413133135876	2.5253128549142905
13.130807392899053	2.0674492806271045	416.48544294247296	106.83957424954195	330.60213043172985	414.5178126340364	2.5267614589595726
13.132016213819984	2.069735823398068	416.78468099561337	107.11852875149897	330.7464646857377	414.8113015340356	2.528210063004855
13.133014454994914	2.0720145785073907	417.0839190487538	107.39748325345602	330.8916394455474	415.10484763433743	2.5296586670501373
13.134268271234818	2.0742855770501256	417.38325418751094	107.67643775541303	331.03304521425736	415.398392032033	2.5311057080298234
13.135313260710102	2.076548849642561	417.68261925436803	107.95539225737006	331.1771102223527	415.69198864065976	2.5325522671710576
13.135974133626306	2.0788044235862064	417.98198432122507	108.2343467593271	331.32629241943977	415.9856947936629	2.5339988263122915
13.137037343620216	2.081052334539416	418.2813945590854	108.51330126128413	331.4696558646622	416.2793242719816	2.5354447878529776
13.138129150417498	2.083292609243712	418.580906336005	108.79225576324114	331.6119736714936	416.57299032045637	2.5368894060584903
13.142699547342861	2.0855252784203926	418.8804181129246	109.07121026519818	331.70427495723175	416.86558389324375	2.5383340242640036
13.140193815174122	2.0877503728887525	419.17992988984406	109.3501647671552	331.8939016199324	417.16033021220375	2.539778642469517
13.140748524246385	2.089967922084322	419.4795825817184	109.62911926911224	332.041138402418	417.45425025958417	2.541221704876532
13.141994191672287	2.092177956032016	419.7792607731341	109.90807377106927	332.17859194087066	417.7479611963803	2.5426644857509837
13.141880873270244	2.0943805025925473	420.0789389645499	110.1870282730263	332.33469709860015	418.0420805383674	2.544107266625435
13.143893445201149	2.096575592476276	420.3786881160648	110.46598277498333	332.4610312421446	418.33560215236076	2.5455493863980894
13.144658539814094	2.0987632567822905	420.67855243663104	110.74493727694036	332.60236329447315	418.6295766854578	2.546990433194976
13.145775749238721	2.1009435209890044	420.9784167571973	111.02389177889738	332.7386329837331	418.92342984973834	2.548431479991863
13.146708089256629	2.1031164162461375	421.2782810777635	111.30284628085441	332.8772266580359	419.2173377406806	2.5498725267887496
13.14738403474754	2.105281971813523	421.57833304465805	111.58180078281144	333.0191493955505	419.51147219057435	2.551312086713262
13.178617082199121	2.1861993254611587	433.6449766462189	122.73998086109259	338.2484892700967	431.3217569124153	2.6086251326611776
13.200484750449135	2.257057687574411	445.9122567682276	133.89816093937375	343.0053135369253	443.2948958011504	2.6657326902687974
13.213986817333739	2.31923116082422	458.4868989532436	145.0563410176549	347.41607937331787	455.5288373790408	2.7231523883253743
13.222360904243939	2.3738526514917284	471.4824106370871	156.21452109593602	351.5179161401774	468.1262173681107	2.78140503336858
13.224037397464617	2.421666150370045	489.23944880014903	167.37270117421716	355.3725849110312	482.22604655935834	2.859482752289732
13.208163547564842	2.440152726635704	661.7593023969707	178.53088125249832	357.2762771999278	654.0282121444703	3.6100659201539855
13.176910552777192	2.4503985806877218	678.4965725143926	189.68906133077948	358.8597159171377	670.7506154585924	3.6816340664733516
13.139128138216476	2.4582802847755345	695.2338426318145	200.84724140906062	360.4222162232848	686.9677018847607	3.752288504011013
13.098332419445487	2.4645911678558945	711.971112749236	212.00542148734172	361.9550610396209	703.1755806249048	3.8220685002478763
13.055791763780967	2.4697350264847113	728.7083828666578	223.16360156562288	363.4618442614428	719.3738197617607	3.8910108924304776
13.012463610884655	2.473956326849472	745.4456529840793	234.32178164390402	364.93989366011874	735.5616463849504	3.959149566166928
12.969837822731979	2.477418515377399	762.1829231015013	245.47996172218518	366.36996357063805	751.7372468884195	4.026516326103321
12.923956758729458	2.480238642360323	778.9201932189227	256.63814180046626	367.83256408539836	767.907447065421	4.093141214237456
12.880162839117679	2.4825049702671866	795.6574633363446	267.79632187874745	369.23169476197575	784.0639492737639	4.159052172757132
12.837135221074165	2.4842867798944246	812.3947334537661	278.9545019570286	370.59537744741056	800.2093011148254	4.224274986234666
12.798440497741673	2.4856402026620947	829.1320035711879	290.1126820353098	371.85245135147903	816.3360831621662	4.28883409433802
12.752370575255568	2.486611868242776	845.8692736886095	301.2708621135909	373.24154393406025	832.4678441569299	4.352752682070703
12.711215699753515	2.4872412946975455	862.6065438060311	312.429042191872	374.5158068772058	848.5803828777435	4.416052762673476
12.671017687169428	2.48756249892345	879.3438139234532	323.58722227015323	375.75524746717406	864.6815386914136	4.478754328766995
12.632574744712775	2.4876051352622373	896.0810840408752	334.74540234843437	376.94346264672595	880.7694082266306	4.540877029902424
12.591366161600694	2.487395311598747	912.8183541582965	345.9035824267155	378.1807631595222	896.8550321601069	4.602438770893425
12.555760134746766	2.4869561988855367	929.5556242757184	357.06176250499664	379.2815013044229	912.9177571575882	4.6634574009248375
12.517101811806127	2.486308492769738	946.2928943931405	368.21994258327777	380.44053270339333	928.9795855670252	4.7239491039933315
12.480276868147817	2.4854707763377943	963.0301645105623	379.37812266155896	381.5480503062983	945.0278263909481	4.78392936574739
12.44476439560087	2.484459806017037	979.7674346279837	390.5363027398401	382.61547793171945	961.0639653373217	4.843413012352402
12.409863372251799	2.483290746702188	996.5047047454058	401.69448281812123	383.6594973336819	977.0897903014184	4.9024142467277585
12.375597345116358	2.4819773621150785	1013.2419748628272	412.85266289640236	384.67990864728034	993.1052633672447	4.960946682364032
12.342309069120475	2.480532177342435	1029.9792449802492	424.01084297468344	385.6683583246928	1009.1092623360429	5.01902272706531
12.308489960262099	2.47896661464597	1046.716515097671	435.16902305296463	386.66343782348656	1025.1068806743474	5.076654660188391
12.277117235534357	2.477291108438781	1063.4537852150925	446.32720313124577	387.58912376920176	1041.0878919349113	5.133854418409872
12.239719560711784	2.475515207600267	1080.1910553325142	457.48538320952696	388.66782165492583	1057.0830586477725	5.190632999119996
12.215016969790957	2.4736476662489917	1096.9283254499362	468.64356328780804	389.40429280397865	1073.0229626286746	5.247000717638183
12.184781192512693	2.4716965136986353	1113.665595567358	479.8017433660893	390.2816424815188	1088.9753422042236	5.302968297987467
12.154972272340187	2.4696691286391736	1130.4028656847797	490.95992344437036	391.14231717786726	1104.9180958803677	5.358545369261056
12.12590631919713	2.4675722947154792	1147.1401358022006	502.1181035226515	391.97775135290607	1120.849914512377	5.4137412241489
12.09740619917632	2.4654122596001313	1163.8774059196226	513.2762836009326	392.79276880388136	1136.7714753089072	5.468564834132288
12.069779742189459	2.463194775994761	1180.6146760370439	524.4344636792138	393.57859868322913	1152.6813416931254	5.523024863842628
12.042333387546032	2.4609251511294437	1197.3519461544654	535.5926437574949	394.35529020841597	1168.5825886013747	5.5771296846383684
12.01498066243026	2.45860827933469	1214.0892162718874	546.7508238357761	395.1258551489449	1184.475750336079	5.630887387450026
11.990581927631172	2.456248682133212	1230.8264863893087	557.9090039140572	395.80519981572263	1200.3467041971285	5.684305388258281
11.963051383667572	2.453850534706376	1247.5637565067311	569.0671839923383	396.57485484837076	1216.225590378077	5.737390960092127
11.93763245673686	2.4514176984259577	1264.3010266241533	580.2253640706195	397.2782856924248	1232.086260809822	5.79015195712547
11.91286890594199	2.4489537444891005	1281.0382967415758	591.3835441489007	397.9589355425529	1247.9358611340688	5.842594102537167
11.889617668491766	2.4464619768589992	1297.7755668589978	602.5417242271818	398.58957539898955	1263.7694536125905	5.894725242846931
11.864378438300008	2.4439454549087927	1314.5128369764193	613.699904305463	399.2802470468451	1279.6066836212833	5.9465506593878015
11.840741985067828	2.4414070120439946	1331.2501070938408	624.858084383744	399.91846116978803	1295.4273830121417	5.998077222131175
11.817537677430265	2.438849272369595	1347.9873772112624	636.0162644620251	400.5407408627842	1311.2380755541096	6.049310881786044
11.795038885902938	2.4362746700647055	1364.7246473286843	647.1744445403064	401.13832076537074	1327.0370004204406	6.100257130047807
11.771724243381106	2.433685459573959	1381.4619174461059	658.3326246185874	401.7611912810975	1342.8337455280177	6.1509213636997355
11.750065931506366	2.4310837312743456	1398.1991875635279	669.4908046968686	402.3278913646389	1358.612570864744	6.201309277933752
11.729904620710426	2.4284714270683536	1414.9364576809496	680.6489847751498	402.8427260856234	1374.3738623189784	6.251426042730995
11.70707452197429	2.4258503448634414	1431.6737277983711	691.8071648534309	403.44625700498966	1390.1459206903621	6.301276687219028
11.690600626256652	2.4232221546969646	1448.4109979157931	702.965344931712	403.83145350955436	1405.8660289101135	6.35086610464584
11.665732627926467	2.420588404768118	1465.1482680332147	714.1235250099932	404.5039913417199	1421.6386162251497	6.400199057139458
11.644158049788162	2.417950534564333	1481.8855381506369	725.2817050882744	405.0632955005365	1437.3809160183866	6.449279808552284
11.629664188221673	2.415309877068251	1498.6228082680586	736.4398851665554	405.37272655238326	1453.0622942943512	6.498113020939879
11.605613544333897	2.4126676700455616	1515.3600783854802	747.5980652448367	406.0186488857112	1468.8094973193738	6.546703198205718
11.585747117781507	2.410025062528231	1532.097348502902	758.7562453231178	406.5165248378883	1484.517616804625	6.595054626433101
11.56725531316872	2.407383120274942	1548.8346186203237	769.914425401399	406.9646378377179	1500.207547645613	6.643170564777375
11.548365029516466	2.404742832347245	1565.571888737745	781.07260547968	407.42669072568464	1515.8935475636736	6.691055870631725
11.52976946153448	2.4021051149838923	1582.3091588551667	792.2307855579612	407.87786584410657	1531.5700140770114	6.738713906384667
11.511741591667493	2.3994708209700306	1599.0464289725883	803.3889656362423	408.3079509135576	1547.2345054918785	6.786148559546228
11.4938670078083	2.3968407365300006	1615.7836990900098	814.5471457145234	408.73223810186323	1562.890539062098	6.833363335950902
11.47601902505893	2.3942155922024977	1632.520969207432	825.7053257928047	409.15557900378695	1578.539309840624	6.8803620681640645
11.458018560890693	2.3915960664284786	1649.2582393248535	836.8635058710857	409.5849616974079	1594.1826313466686	6.927147546202854
11.441484005140254	2.388982784290358	1665.9955094422755	848.0216859493669	409.9588782620203	1609.8058573679257	6.9737237873255795
11.424630691204223	2.3863763262611797	1682.732779559697	859.1798660276481	410.34500786405545	1625.4242184886427	7.020093895979778
11.410295510595901	2.3837772279278204	1699.4700496771186	870.3380461059293	410.63388081369305	1641.010452753556	7.066260491516991
11.391418390458517	2.381185984977445	1716.2073197945401	881.4962261842104	411.0991327182777	1656.6351136213161	7.112227192652481
11.375303781399808	2.378603054594204	1732.944589911962	892.6544062624915	411.4576331899958	1672.2251263046157	7.157996943884968
11.365191046265693	2.3760288590191774	1749.6818600293839	903.8125863407726	411.57939006031404	1687.7444674900169	7.203572626491759
11.344730026295467	2.3734637868625095	1766.419130146806	914.9707664190539	412.1103236305981	1703.3665202184834	7.248957060290613
11.32754392001736	2.3709081960980725	1783.1564002642276	926.128946497335	412.5132330306438	1718.9475247189457	7.294153005341563
11.31257728944521	2.368362414618041	1799.8936703816491	937.2871265756161	412.8281665140414	1734.4973859256145	7.339163163591145
11.296790388149676	2.365826745313853	1816.6309404990711	948.4453066538972	413.1768949632596	1750.049650160031	7.383990180461282
11.281638367489972	2.363301464598303	1833.3682106164933	959.6034867321786	413.5008075159512	1765.5879408619433	7.42863664638506
11.267617638229213	2.3607868256051154	1850.1054807339153	970.7616668104596	413.77917358806144	1781.1060272482937	7.473105098291461
11.253144916291841	2.358283058979625	1866.8427508513373	981.9198468887407	414.07667020325795	1796.6224759709833	7.517398021041069
11.238161725364995	2.3557903748088616	1883.580020968759	993.0780269670219	414.39623411784305	1812.1384104793567	7.56151784881465
11.224374253914236	2.3533089647899788	1900.3172910861808	1004.236207045303	414.6670579084688	1827.6327858415996	7.605466966456411
11.210479615383024	2.3508390010642692	1917.0545612036026	1015.3943871235842	414.9431176779657	1843.121587433053	7.6492473831929555
11.196336599812142	2.3483806392693944	1933.791831321024	1026.552567201865	415.23059712787955	1858.6068251223626	7.69286144641475
11.183174150030762	2.3459340200694045	1950.5291014384457	1037.7107472801463	415.4776446755511	1874.072434224793	7.736311607240136
11.169695609797342	2.343499268866598	1967.2663715558672	1048.8689273584273	415.73896202131056	1889.5353521411078	7.7795998965556725
11.156242534807925	2.3410764975214127	1984.0036416732892	1060.0271074367085	416.0002204289297	1904.9911910772862	7.822728020103279
11.14317317539835	2.3386658034097665	2000.7409117907112	1071.1852875149898	416.246119073207	1920.435006939897	7.865698661280596
11.127500026842796	2.3362672724958022	2017.4781819081327	1082.3434675932708	416.6058341730629	1935.9091444667522	7.908513271578473
11.118325186308061	2.3338809834050345	2034.2154520255542	1093.501647671552	416.68511694839975	1951.2837908625988	7.951174164341481
11.10462342621126	2.33150699459526	2050.9527221429757	1104.659827749833	416.96183153736195	1966.716618728763	7.993683086811224
11.092133627341042	2.3291453675627976	2067.689992260398	1115.8180078281143	417.1869350678679	1982.1251209933323	8.036042006781582
11.079649944460275	2.3267961417661973	2084.4272623778197	1126.9761879063956	417.41300457773184	1997.5268366359517	8.078252622101491
11.067576952583886	2.324459356254828	2101.164532495242	1138.1343679846766	417.6221100833824	2012.9155852995864	8.120317063481536
11.056731199982977	2.322135039146415	2117.9018026126632	1149.2925480629576	417.77777007604374	2028.2783033677106	8.16223649150381
11.043536822071884	2.319823209191713	2134.639072730086	1160.450728141239	418.0390950888935	2043.6712511717747	8.204013279747596
11.031725176397448	2.3175238828721105	2151.3763428475077	1171.6089082195201	418.2401247162186	2059.0357488433665	8.24564879191301
11.021611570348453	2.3152370651677336	2168.1136129649285	1182.7670882978011	418.36596493773084	2074.3656186385724	8.287144550929382
11.007646205175131	2.3129627580269996	2184.85088308235	1193.9252683760824	418.6667798429042	2089.7525331499905	8.32850252810699
10.997085785728666	2.3107009552599465	2201.5881531997707	1205.0834484543634	418.8150665308746	2105.076191721925	8.369724268473135
10.985641850231993	2.3084516475077255	2218.325423317192	1216.2416285326447	419.00464232602485	2120.4080376263173	8.410810970538556
10.974674238598626	2.306214818734223	2235.062693434614	1227.399808610926	419.17377348057533	2135.7250060179567	8.451764397431932
10.963070957936454	2.3039904484888973	2251.7999635520364	1238.557988689207	419.37345046961434	2151.046575891616	8.49258612827362
10.952744464101935	2.3017785112528766	2268.537233669458	1249.716168767488	419.51575449370375	2166.338789742046	8.533277608812881
10.941987691430795	2.299578981130319	2285.2745037868804	1260.8743488457694	419.6791299563309	2181.6319789458644	8.573840261623795
10.931295710486104	2.297391822603466	2302.0117739043017	1272.0325289240504	419.8408301763935	2196.917352049103	8.614275486588227
10.920564549420506	2.29521700136838	2318.749044021722	1283.1907090023315	420.00572038971336	2212.1968873163914	8.654584661366485
10.910133253692555	2.2930544762708323	2335.4863141391443	1294.3488890806127	420.1579959677542	2227.464193542867	8.694769141856026
10.899905702646715	2.2909042064437317	2352.2235842565656	1305.5070691588937	420.3020943337881	2242.7209575954603	8.734830262638535
10.888878106961617	2.2887661455604915	2368.960854373987	1316.665249237175	420.4853290680621	2257.9868526625337	8.774769337415798
10.879642802954477	2.286640246111625	2385.6981244914095	1327.8234293154562	420.5854135631196	2273.210816442296	8.81458765943463
10.869561002523074	2.28452645795288	2402.4353946088318	1338.9816093937372	420.72679406386703	2288.4448747736315	8.854286501901212
10.859684004442679	2.2824247257099537	2419.172664726252	1350.1397894720183	420.8598451850741	2303.668206052438	8.893867118385163
10.849788272142883	2.280334998641144	2435.9099348436744	1361.2979695502997	420.9951863159171	2318.885355937519	8.933330743213617
10.840292929316918	2.278257217163173	2452.647204961096	1372.4561496285808	421.11278534075115	2334.0875512659027	8.972678591855614
10.830747996632338	2.2761913236429323	2469.384475078517	1383.6143297068618	421.2341197641867	2349.2841413583396	9.011911861297078
10.821094521192627	2.274137257408077	2486.1217451959383	1394.772509785143	421.3621232560457	2364.476509112405	9.051031730406681
10.811767631012994	2.2720949572812983	2502.85901531336	1405.930689863424	421.4758461652789	2379.655240600394	9.090039360292797
10.801779178661508	2.270064360065305	2519.59628543078	1417.0888699417053	421.6230538125485	2394.8421306114374	9.128935506363103
10.79294309672021	2.2680454006928086	2536.333555548202	1428.2470500199865	421.7158288010524	2409.9968629690543	9.167721632664268
10.783910570481439	2.266038014882657	2553.070825665623	1439.4052300982676	421.81950942474936	2425.1493311274135	9.206398864382297
10.775198772487672	2.264042135877902	2569.808095783045	1450.5634101765488	421.90891309815004	2440.287779284261	9.24496828441543
10.76629766803824	2.2620576952777616	2586.5453659004665	1461.72159025483	422.00894496312753	2455.4239523777055	9.28343044227212
10.757143776015807	2.2600846255720834	2603.282636017889	1472.879770333111	422.1228241672044	2470.559589756495	9.32178690744339
10.74842559022368	2.258122857394748	2620.0199061353105	1484.0379504113923	422.21674074226024	2485.6783954087555	9.360038727607183
10.738894783514247	2.2561723214134544	2636.757176252732	1495.1961304896734	422.3522371905756	2500.8104809288557	9.398186292619522
10.731147063142297	2.2542329466765265	2653.4944463701536	1506.3543105679544	422.4010823297903	2515.8925332827907	9.436231218137165
10.722570705144324	2.2523046628371826	2670.231716487575	1517.5124906462356	422.4923344238604	2530.98828195651	9.47417423127038
10.714216563100248	2.2503873980713487	2686.968986604997	1528.6706707245164	422.5739679819919	2546.071940931824	9.512016147550312
10.70580590427389	2.24848108056411	2703.706256722419	1539.828850802798	422.6598395951006	2561.1505032752216	9.549758293181892
10.697696972680738	2.246585638960363	2720.443526839841	1550.9870308810791	422.7320591828152	2576.2147792192586	9.587400980302773
10.690107022250954	2.2447010002135577	2737.180796957262	1562.14521095936	422.7796449062106	2591.2588289469304	9.624945845378093
10.6811554412723	2.2428270922792364	2753.918067074684	1573.3033910376412	422.89697525938146	2606.3322133092665	9.662392981775811
10.673024816318911	2.2409638423404674	2770.655337192106	1584.4615711159224	422.9745630996017	2621.3775585549065	9.699744059160752
10.665845917392216	2.2391111773961496	2787.392607309528	1595.6197511942034	423.0055423757742	2636.3905685275968	9.736999225158256
10.657370490763295	2.237269024540687	2804.1298774269494	1606.7779312724847	423.1033862611569	2651.432320373325	9.774159916850646
10.649439487702447	2.2354373110941372	2820.867147544371	1617.936111350766	423.17517529427704	2666.4528021419674	9.811226598038369
10.643234360974418	2.2336159631609886	2837.604417661793	1629.094291429047	423.16071780250905	2681.418208908316	9.848200218245335
10.63350638718082	2.2318049084047376	2854.341687779215	1640.2524715073282	423.3267323982592	2696.4766635758406	9.885081808719695
10.626438217432495	2.2300040749716574	2871.078957896636	1651.4106515856095	423.35887847935754	2711.453236203983	9.921871586807466
10.619315309244655	2.228213389172238	2887.8162280140573	1662.5688316638903	423.39513685071347	2726.424592982467	9.9585709143993
10.611442287798614	2.226432778305982	2904.553498131479	1673.7270117421715	423.4712114175447	2741.411369820854	9.995180475596836
10.308700798510966	2.1487385695001993	3741.4170040025606	2231.6360156562287	424.23951796358597	3479.4941781230664	11.725455935316099
10.192937949220022	2.1168035970276065	4159.848756938101	2510.5905176132574	423.84677494859824	3840.9942647105363	12.52911530034119
10.097621118532766	2.0884624396105336	4578.280509873647	2789.545019570286	422.97484912658183	4197.33675605667	13.299788371980418
10.01588500135177	2.063142098228309	4996.712262809195	3068.4995215273148	421.9210789551109	4548.756436268017	14.041777595004342
9.945305612357217	2.0403837867915273	5415.144015744737	3347.454023484343	420.75086653666995	4895.298048325735	14.758505028398158
9.884399042389525	2.019817456658546	5833.575768680278	3626.4085254413717	419.4872705438632	5236.952542318042	15.452746920913496
9.831005988516544	2.001141923688706	6252.007521615825	3905.3630273984004	418.20080374253615	5573.824876487764	16.126794379172175
9.794986622528826	1.9841097515949917	6670.439274551366	4184.317529355429	416.2937775766787	5904.380451459116	16.782565144429803
9.75209680375853	1.9685157926751442	7088.87102748691	4463.272031312457	415.09255233493167	6231.8506559799625	17.42168451074014
9.70746919744564	1.954188478541019	7507.302780422458	4742.226533269486	414.26916816837024	6555.858170524764	18.045544681046096
9.672945944458135	1.9409544125969367	7925.734533357995	5021.181035226515	413.1348470708407	6874.351331367237	18.6553493729867
9.64419464159607	1.928727773868852	8344.166286293546	5300.1355371835425	411.90869262405965	7187.8465745202675	19.25214817082436
9.619266757050395	1.9174646665353885	8762.598039229095	5579.090039140572	410.6782726752978	7496.619514461347	19.836863271082468
9.595943268015146	1.9069558519998766	9181.029792164642	5858.044541097601	409.546003455237	7801.140470279158	20.41030998840393
9.575209099875325	1.8971720660230122	9599.461545100181	6136.9990430546295	408.441318005843	8101.15858323538	20.973213449700285
9.556688172376479	1.8880450090445842	10017.893298035713	6415.953545011657	407.37009839475814	8396.735426358797	21.526222679898044
9.539870577728907	1.8795148782328752	10436.325050971256	6694.908046968686	406.3466862289667	8687.996473105519	22.069920856560092
9.532860298827451	1.8715290613192528	10854.756803906794	6973.862548925715	404.9343650460865	8972.121149374265	22.604834516615686
9.511254792951833	1.864035198620643	11273.188556842344	7252.817050882743	404.40201951939196	9257.53447234404	23.13144123671491
9.49859316909961	1.8568918877208	11691.620309777887	7531.771552839771	403.50904559530545	9536.107738072344	23.65017590718756
9.48987029290771	1.8503980228861914	12110.05206271342	7810.726054796801	402.5088639662395	9809.371433581755	24.16143539408127
9.478766573300902	1.8441733654177472	12528.483815648957	8089.6805567538295	401.72098609484203	10079.913841686428	24.665583871009648
9.470010760831196	1.8383061866198045	12946.9155685845	8368.635058710857	400.89542287515513	10345.770051095787	25.16295575908939
9.4620455600681	1.8327699563971795	13365.347321520032	8647.589560667886	400.1059857619646	10607.60515475251	25.653859688443724
9.455132477490832	1.8275407285916219	13783.779074455571	8926.544062624915	399.33421336989153	10865.292340693653	26.138580723528275
9.451056878821882	1.8225968199458211	14202.210827391118	9205.498564581943	398.4868101935492	11117.834484100598	26.61738315500451
9.443609826572732	1.8179185526181851	14620.642580326667	9484.453066538972	397.8677504754927	11368.657092671465	27.09051252577882
9.438867950745113	1.8134880198919743	15039.074333262193	9763.407568496	397.1709631486444	11614.424880422592	27.55819720281757
9.434284878617603	1.8092888864914047	15457.506086197725	10042.36207045303	396.519027200429	11856.592497701962	28.020650535493903
9.430761116247227	1.8053062163947498	15875.937839133267	10321.316572410058	395.8646057735538	12094.613760629134	28.478071634160795
9.424976679289854	1.800815682872469	16294.369592068813	10600.271074367085	395.36466089028505	12330.770925586745	28.930647235273057