28.382674912641598	0.08186168569606778	35.01889990375193	0.11158180078281144	0.21926186974739212	29.42314902622758	0.2294761402266479
27.641770240697547	0.08321373215704085	56.00181385488425	0.22316360156562287	0.16964892259207845	45.838738242152175	0.36638318336958964
26.83433892584748	0.08412053650494968	72.04827648580353	0.33474540234843436	0.14312977282693629	59.51381247828058	0.4708744562489539
26.655930269292238	0.08653140692622104	81.10687321179608	0.44632720313124574	0.11056400213515243	70.98732377518685	0.5297225169962301
25.816045958412317	0.08964351049144294	90.14122176324858	0.5579090039140573	0.09426161745451377	78.92916323992486	0.5884123560085507
25.44753859623974	0.09349989264914342	97.00365480445849	0.6694908046968687	0.07783900166271336	86.16767224689896	0.6325701430208436
24.820024346113247	0.09808333455282911	101.25525164665568	0.7810726054796802	0.064955349453826	94.34970441399045	0.6592591071306432
24.316918209957862	0.10346787658669207	105.50684848885288	0.8926544062624915	0.052175438260019594	98.68899486185808	0.6859480712404427
23.669797777508126	0.10924365400724668	109.7584453310501	1.004236207045303	0.04586173608660141	102.74403015271258	0.7126370353502423
12.791415570838973	0.5526441358767155	245.11747013464068	11.158180078281145	108.22325484906969	242.56414293676787	1.563978184548348
12.738870415056287	0.5871567486822571	253.65098753252195	12.273998086109259	117.60741467772071	251.06807758727456	1.6161221000396138
12.70301757295352	0.6199328192627017	261.72040621798027	13.389816093937375	125.8526694296207	259.10233338916	1.6652242046008747
12.671786929447935	0.651151459276581	269.3791714605587	14.505634101765487	131.7370694770009	266.73104067589145	1.711638934188912
12.651016779019143	0.6809683300116434	276.6528317856452	15.621452109593601	137.1606081269454	273.98420899715734	1.7555476392194556
12.630065047311358	0.7095288705062517	283.52503164072255	16.73727011742172	142.40560658744747	280.8670501298643	1.7968750752608336
12.611077507326208	0.7369818885591228	289.9329617639718	17.853088125249833	147.42410355655227	287.3382894545064	1.835268736207
12.597550865450815	0.7634911864317545	295.76641968216546	18.968906133077947	152.11392939202617	293.3083986333741	1.8700948037152665
12.58896404913029	0.7892375522930289	300.91764816630064	20.084724140906058	156.5313647301194	298.6670067314242	1.9007401330910996
12.581104195554506	0.8144016422427524	305.36474819091586	21.200542148734172	160.82228058532877	303.3557496489047	1.9271058955554587
12.576177569637006	0.839137632504562	309.1819376503568	22.316360156562286	164.9672961979654	307.3930759698595	1.949661535613884
12.56748149261192	0.8635593057462279	312.4769090074706	23.4321781643904	169.164498227329	310.87957781161435	1.9690665439775583
12.56350393159152	0.8877409471439973	315.3707803106596	24.547996172218518	173.2114781601444	313.91847479943505	1.9860538740301679
12.561819482818175	0.9117260781487015	317.95834522404976	25.663814180046632	177.18117850182006	316.61926178722445	2.001194148612347
12.561367514249616	0.9355366672779171	320.31477102993836	26.779632187874743	181.10708264206633	319.0581171269623	2.0149384845366325
12.561931031418816	0.9591807177200902	322.48610914455975	27.89545019570286	184.99788360405682	321.2982367191814	2.0275619742236977
12.565049411773918	0.9826576974797586	324.5214902578404	29.011268203530975	188.8114685143527	323.37837789789535	2.039359058920072
12.568367522536015	1.0059619145576733	326.44416553150785	30.12708621135909	192.6115211059931	325.3378879545891	2.0504678404145253
12.572604988989786	1.0290850365823025	328.2763274826211	31.242904219187203	196.36708017615277	327.198542344592	2.0610205540769537
12.578237271668716	1.0520173934230421	330.03609967277407	32.35872222701532	200.05427008533871	328.97792977102864	2.071125434524027
12.585504786016383	1.074749005010818	331.7358638397814	33.47454023484344	203.66363123424975	330.6908812963422	2.080856155224919
12.592925993310832	1.0972701696012515	333.3854950959972	34.590358242671556	207.23977441013787	332.3485287100364	2.0902715253528075
12.60106906279866	1.1195718051006351	334.9915641918929	35.70617625049967	210.76334524634962	333.959995454848	2.099410127057741
12.610091391815885	1.141645625167088	336.56092816786446	36.82199425832778	214.23075286004524	335.532422415858	2.108312910139383
12.617052940577805	1.1634842918800012	338.0994392959519	37.937812266155895	217.7284074717525	337.07199129458274	2.1170151863355775
12.62845183498863	1.185081435931409	339.61124727717015	39.053630273984005	221.06112305810737	338.58174345525464	2.1255419056938627
12.638911068648746	1.206431611987466	341.0980394017772	40.169448281812116	224.38893993677632	340.06458157393195	2.1339020396042447
12.649504170408553	1.2275302427271984	342.56359690543286	41.28526628964023	227.6794306483836	341.52574092632005	2.142118789125464
12.659346147084877	1.248373679840742	344.0110874276525	42.401084297468344	230.9594523180878	342.9669602970089	2.150212005549439
12.676406134594616	1.268959034824118	345.4401747498432	43.51690230529646	233.98130439187668	344.3881566538554	2.1581776166317503
12.681545214191857	1.2892841351509277	346.8546335228125	44.63272031312458	237.33971102354403	345.79616516334545	2.1660403298386317
12.692868724029703	1.3093475380122963	348.2547527598368	45.7485383209527	240.4709620827545	347.1870223012167	2.1738008737582994
12.701765689579208	1.3291483321020634	349.64198152113755	46.86435632878081	243.64433228607106	348.56580593140967	2.1814682487192827
12.715274722883644	1.3486862316807222	351.0175374762801	47.980174336608926	246.62898055961136	349.9305820912066	2.1890501640212987
12.726064556485616	1.367961371413981	352.38186329484074	49.095992344437036	249.65911198108228	351.28507364424235	2.1965487092444613
12.735837864844193	1.3869743879534402	353.73625277403244	50.211810352265154	252.68119265198047	352.6283953052757	2.203972546539144
12.748023864939961	1.405726248323845	355.08097662246956	51.327628360093264	255.58252954870153	353.96218611895955	2.2113227369249397
12.759963647668348	1.4242183222202067	356.4168686923875	52.44344636792138	258.4511571381931	355.2858631577418	2.218604794064622
12.771738559677967	1.4424522274960225	357.7445677560235	53.559264375749486	261.28285326860004	356.60168227915364	2.225822835332806
12.782368346985498	1.4604298995180005	359.06410624141154	54.6750823835776	264.1118049919382	357.9088842676188	2.232976333526836
12.793442762090033	1.4781534635118208	360.3768419004174	55.79090039140572	266.8832793306278	359.20867015232403	2.240075373220758
12.793442762090033	1.4781534635118208	360.3768419004174	55.79090039140572	266.8832793306278	359.20867015232403	2.240075373220758
12.796014274840466	1.4825449204535495	360.7034389562519	56.06985489336274	267.5763978383134	359.5326538320363	2.2418372974599645
12.798757101842215	1.4869206842537375	361.03003601208644	56.348809395319776	268.26113829664735	359.8557063274579	2.2435992216991707
12.80150063222575	1.4912807867197073	361.3563877977574	56.6277638972768	268.94260383782466	360.17874795454503	2.2453591410868428
12.80442069594015	1.4956252719476244	361.6817882529928	56.90671839923384	269.61555435685653	360.5012269666859	2.247111284248266
12.807017667458776	1.4999541819074262	362.0071887082282	57.185672901190856	270.2967606976297	360.82305989480403	2.2488634274096895
12.809460649752957	1.5042675478107859	362.3321822637989	57.464627403147894	270.98052701552604	361.14491210425564	2.2506122158833555
12.813983812388798	1.50856542403966	362.6564245310079	57.74358190510491	271.59186050903907	361.46572271169333	2.252354810353712
12.814732590755591	1.5128478477405536	362.9806667982169	58.02253640706195	272.3266919013942	361.7866931252584	2.254097404824069
12.817454304983233	1.5171148518555937	363.30436845686296	58.301490909018966	272.992220697757	362.1072880513858	2.255835503589595
12.819769553764264	1.5213664962896316	363.62748922135347	58.580445410976004	273.6687479354198	362.4272047018655	2.2575687716350012
12.822724491841361	1.525602814607481	363.950609985844	58.859399912933036	274.32098677401507	362.74659724972224	2.259302039680407
12.82557271422616	1.5298238445356713	364.27308183814716	59.13835441489007	274.974091445139	363.0660001761285	2.261029864180471
12.83170338994212	1.5340296479172866	364.5951162215256	59.41730891684709	275.5127359582704	363.3839568105142	2.262754018874398
12.831058245979134	1.538220256743242	364.91715060490395	59.69626341880411	276.2772882451177	363.70289476408215	2.264478173568325
12.833497809390883	1.5423957138524726	365.23845091176514	59.975217920761146	276.934620704119	364.02124098177165	2.2661961158833717
12.836240437373469	1.5465560766301416	365.5594326196699	60.25417242271817	277.5788358017566	364.3386550367307	2.26791136194349
12.83888252003865	1.5507013819880193	365.8804143275746	60.53312692467521	278.2235379788653	364.65587655595147	2.2696266080036085
12.841391757904544	1.5548316745030277	366.20059788188786	60.812081426632226	278.8684695195225	364.9731144418609	2.271335038957025
12.84966585819389	1.5589470113886108	366.5205593374118	61.091035928589264	279.3158421540825	365.2883384712416	2.2730415734998215
12.846409933171513	1.5630474297169046	366.84052079293576	61.36999043054628	280.14911243490195	365.605625621715	2.274748108042618
12.848825478747889	1.5671329772994498	367.15963923656216	61.64894493250332	280.78791786939775	365.92181529492194	2.2764473790481587
12.85002206678326	1.5712037098067821	367.4786117007438	61.927899434460336	281.46374000476646	366.23732232598996	2.278145392269392
12.85332986281275	1.5752596660268467	367.79758416492547	62.206853936417374	282.064408580313	366.55232001975133	2.2798434054906247
12.856164607477456	1.5793008948398306	368.11568626668446	62.4858084383744	282.67779202571455	366.8673996750922	2.281533850175287
12.859018245512198	1.5833274528535128	368.43369994731853	62.76476294033144	283.2872881977241	367.1815553027093	2.283223525963567
12.861310046394449	1.5873393775095221	368.7517136279526	63.043717442288454	283.91104692415655	367.4957483490669	2.284913201751847
12.864239446161589	1.591336722730763	369.06884552762847	63.32267194424548	284.50924042864705	367.809806957269	2.2865951373831757
12.876537070195683	1.5953195413425234	369.3859296775291	63.60162644620251	284.79133783904837	368.12112863536964	2.288276653873274
12.86890463956494	1.5992878732164952	369.70301382742963	63.88058094815954	285.7349356092909	368.43629603250656	2.289958170363373
12.875672512781097	1.6032417726765096	370.01921925015915	64.15953545011656	286.1926385986361	368.7486251763514	2.291631899106462
12.874195433110579	1.6071812936875995	370.335402255902	64.4384899520736	286.92087328367654	369.061713102745	2.293305429178306
12.876629020746345	1.6111064758363427	370.6515852616449	64.71744445403063	287.5151510319182	369.3739650185498	2.294978959250151
12.87880952763375	1.6150173739279672	370.9669057064986	64.99639895598766	288.11279332882236	369.686257846082	2.2966447692763814
12.881267045918447	1.618914042388933	371.2822151685716	65.27535345794469	288.69576217291717	369.9976709863065	2.2983104810051254
12.884306887086595	1.622796521486614	371.59752463064467	65.5543079599017	289.25579020137616	370.30888732054126	2.2999761927338684
12.886860575803727	1.6266648666519576	371.91199953673106	65.83326246185874	289.82720044285213	370.6201912420967	2.3016343592005932
12.888755185387602	1.6305191311604574	372.22646234193286	66.11221696381577	290.4134306303775	370.9308576140136	2.303292416262621
12.890740875502479	1.6343593580689948	372.5409251471347	66.3911714657728	290.9923271454821	371.241398480464	2.3049504733246486
12.893223367283397	1.6381856000902355	372.85459204013085	66.67012596772985	291.55099602384126	371.5518298480644	2.3066012592425524
12.89541751986095	1.6419979129824218	373.1682344269779	66.94908046968686	292.1109895012346	371.86161376916846	2.308251821281816
12.897836743673121	1.6457963398587956	373.48187681382495	67.2280349716439	292.6595316158987	372.17120734186557	2.3099023833210803
12.902583069384892	1.653351747127928	374.1076190532963	67.78594397555796	293.7422874373571	372.7897605544002	2.313189263282435
12.905054509998672	1.657108826896753	374.4204666711247	68.06489847751497	294.27229290959906	373.09850893103703	2.3148324862410736
12.907413411415497	1.6608522234007717	374.73262309387417	68.34385297947202	294.7999649773314	373.40726899256725	2.3164692552697517
12.909617360574762	1.66458199558486	375.0447010562564	68.62280748142904	295.3247191680041	373.71550909147686	2.318105291686565
12.912098119562627	1.6682981844942542	375.3567790186386	68.90176198338607	295.83704141664913	374.02344797240187	2.319741328103379
12.914447996351049	1.6720008423713977	375.6682297474364	69.1807164853431	296.34499972081176	374.3314012886036	2.3213714400172476
12.91654522102761	1.6756900246568356	375.97956268047386	69.45967098730013	296.85500702772435	374.6389416518562	2.3230004392972474
12.918939437636704	1.6793657778732813	376.29089561351134	69.73862548925715	297.3509753455363	374.9461122688665	2.324629438577248
12.920947198086372	1.6830281535691263	376.6016716763175	70.01757999121418	297.84928587851897	375.25335341245807	2.3262531146997882
12.921851676893478	1.6866772010876858	376.91228376231385	70.29653449317121	298.3760613593503	375.56045024259396	2.3278752233577213
12.92513192879814	1.6903129737489757	377.22289584831026	70.57548899512823	298.82431541735355	375.86667628483974	2.329497332015654
12.92780392606251	1.6939355166744599	377.5330268768794	70.85444349708526	299.28564537319124	376.1730184020227	2.331114784624754
12.928191115326737	1.6975448898635712	377.8429418938518	71.13339799904229	299.8054683429107	376.4795631707235	2.332730146505211
12.931928311612769	1.7011411360561877	378.15285691082414	71.41235250099933	300.222119720519	376.78495535268786	2.334345508385667
12.934163997439981	1.704724304357398	378.46237121299544	71.69130700295635	300.6769085825989	377.0906546557818	2.335956941155024
12.93662635806673	1.7082944527245743	378.77161257043485	71.97026150491338	301.11645762639995	377.39612411390164	2.3375656976314865
12.93853900764507	1.7118516261108654	379.0808539278742	72.2492160068704	301.567871760813	377.701188421521	2.339174454107949
12.940733233399344	1.7153958726323248	379.3897785524864	72.52817050882744	302.00113070475584	378.006183975153	2.3407800625060515
12.9415109436566	1.7189272491349923	379.6983693237395	72.80712501078446	302.47071973483736	378.3114015962414	2.342382352661003
12.945700644434547	1.7224458021055318	380.0069600949926	73.08607951274149	302.8369300692247	378.61529054485857	2.343984642815954
12.94726032442286	1.7259515772243406	380.31532089038956	73.36503401469851	303.27215525656834	378.9197321503047	2.3455846144681414
12.948019347252098	1.7294446328370583	380.62328384199634	73.64398851665555	303.71672961017015	379.2243409332212	2.347180575256133
12.951325652079108	1.7329250154054743	380.93124679360307	73.92294301861257	304.09349519955964	379.52778148331294	2.348776536044125
12.954646596399781	1.7363927698990143	381.23906846057133	74.20189752056959	304.4601616451923	379.8311755093048	2.3503710510625013
12.954484413991208	1.7398479516125844	381.5464260788612	74.48085202252663	304.91266689036064	380.13532076875737	2.3519608174579067
12.957221839790607	1.7432906112346116	381.85378369715113	74.75980652448366	305.282484456293	380.43834462703137	2.353550583853312
12.959901109725157	1.7467207913510918	382.1610898370217	75.0387610264407	305.65027755494935	380.74123391577155	2.3551398151386724
12.960005638921	1.7501385469626152	382.4678643522406	75.31771552839771	306.0744398238019	381.0446798456656	2.356723520269662
12.963550467950055	1.753543927228691	382.7746388674595	75.59667003035476	306.40884451526955	381.34700810151037	2.3583072254006523
12.96564299360584	1.7569369777210309	383.08141338267836	75.87562453231178	306.7753016935596	381.64940475167225	2.3598909305316425
12.973431785251814	1.7603177486111958	383.3876654342235	76.1545790342688	306.9976862282778	381.9505319068442	2.3614691141901565
12.969732100529678	1.7636862934185265	383.6938788424368	76.43353353622582	307.49033869092125	382.25396195930915	2.363046889460292
12.975475701658889	1.767042648958926	384.00009225065014	76.71248803818287	307.752375337737	382.55494983974313	2.3646246647304277
12.974052153762361	1.770386884645541	384.3058946331427	76.99144254013989	308.17648293895877	382.85750425784977	2.3661980197019026
12.97471081727905	1.7737190309646056	384.61156871613633	77.27039704209692	308.5472021917665	383.15951416238477	2.367769994900592
12.97820815202336	1.7770391447782752	384.91724279912995	77.54935154405395	308.84690649416797	383.4604185924078	2.369341970099282
12.979357979683328	1.7803472640247167	385.22261586866756	77.82830604601098	309.19868083734343	383.76183960877677	2.370910647719832
12.981700213276387	1.783643449727369	385.5277722120456	78.10726054796801	309.51352616234607	384.0629831753006	2.3724769511227777
12.983464647841231	1.7869277440245646	385.8329285554236	78.38621504992503	309.8391296443107	384.3637379078007	2.374043254525724
12.985479165415438	1.7902001933402063	386.13789174072457	78.66516955188207	310.15640270856284	384.66440432558744	2.3756074000047733
12.987611298267666	1.7934608488080799	386.44255175038404	78.94412405383909	310.46212540865673	384.96504160205274	2.377168158465419
12.989489598639755	1.7967097584251708	386.7472117600435	79.22307855579612	310.77283217147436	385.26535417198994	2.3787289169260655
12.99091368362672	1.799946965574645	387.0517835929533	79.50203305775315	311.0873212756937	385.5656232646412	2.3802886695457235
12.99143590925393	1.8031725200754247	387.3559685100974	79.7809875597102	311.41435181135296	385.8660928643228	2.381844008578612
12.994636653101596	1.8063864710579347	387.66015342724154	80.05994206166721	311.6857691481703	386.1657013512735	2.3833993476115007
12.996816680339215	1.8095888610381279	387.9643383443856	80.33889656362425	311.971026793095	386.4652845015838	2.384954686644389
12.998811198138407	1.812779740193682	388.2680824861562	80.61785106558126	312.25607915151375	386.7649013940977	2.3865048847712704
13.004684097216396	1.8159591544771918	388.5718134009919	80.89680556753831	312.4626366255804	387.0635051592866	2.388054928628126
13.000384360818513	1.8191271508526463	388.8755443158276	81.17576006949533	312.8654090246614	387.364094637659	2.3896049724849804
13.004320853145687	1.822283772427109	389.17895254269575	81.45471457145234	313.10144589766804	387.6627679650895	2.3911511623345425
13.005989196717433	1.8254290718742534	389.4822504069472	81.73366907340937	313.381334476266	387.9619553532731	2.3926960340738157
13.007905069570251	1.8285630916793019	389.7855482711986	82.0126235753664	313.6500518864273	388.2606544932775	2.3942409058130893
13.009456674306135	1.8316858748722453	390.0886364624739	82.29157807732344	313.921628522443	388.55940898256296	2.3957832088440094
13.011417174821917	1.834797472212	390.39152210082955	82.57053257928045	314.18506865220326	388.85805685653077	2.39732303039455
13.013103281679529	1.8378979281908578	390.6944077391853	82.84948708123748	314.4493698364643	389.1564764174853	2.3988628519450903
13.014778775800204	1.8409872850642592	390.9971909930647	83.12844158319453	314.7081825073048	389.45475105858435	2.400401384443022
13.015549471586857	1.8440655921684697	391.2996851136655	83.40739608515156	314.98345864570524	389.7532322542613	2.4019362766624575
13.018457545671371	1.8471328938355749	391.60217923426626	83.68635058710858	315.2177082335232	390.05103906536937	2.403471168881893
13.01995997440536	1.8501892325523996	391.9046718901631	83.96530508906562	315.4697098792702	390.3489246023191	2.405006042109238
13.021855036944459	1.8532346548234049	392.2067950942259	84.24425959102264	315.7142835347825	390.6467078345332	2.4065361248376096
13.023415683465728	1.8562692062717796	392.5089182982888	84.52321409297967	315.9645588851643	390.9445283433124	2.4080662075659816
13.025062953711505	1.8592929306904278	392.81104150235166	84.80216859493669	316.2072128378801	391.2419689966598	2.4095962902943526
13.026615457094271	1.8623058704637805	393.112906748991	85.08112309689372	316.4484988899929	391.539423848129	2.4111229200153246
13.028634558641278	1.865308072876134	393.4146795396559	85.36007759885075	316.6812108129931	391.83675480497766	2.412648312124446
13.03016175117492	1.868299580628857	393.71645233032075	85.63903210080777	316.9214826379415	392.1339192644788	2.414173704233568
13.031993288958365	1.8712804360003652	394.018073879922	85.9179866027648	317.14898358880686	392.4309163017468	2.415697000660566
13.03356188965652	1.87425068512777	394.31951667039823	86.19694110472183	317.38066492470386	392.72796473691403	2.4172178200995442
13.035197555063647	1.8772103708805399	394.6209594608744	86.47589560667886	317.6108621530636	393.024841249408	2.4187386395385224
13.036774824037861	1.8801595348473965	394.92234942029	86.75485010863589	317.8388857829447	393.32153037013666	2.420258698830815
13.037720955427847	1.8830982212731602	395.2234825413734	87.03380461059292	318.0725532198483	393.618366089236	2.4217750626681136
13.038880298335878	1.8860264748672768	395.5246156624568	87.31275911254995	318.30236287788483	393.91510363699433	2.423291426505413
13.041806585577401	1.888944335409637	395.8257487835402	87.59171361450699	318.50203454149147	394.21111008587366	2.4248077903427117
13.044068284111498	1.8918518460889246	396.1266291758067	87.870668116464	318.7092803314074	394.507271392251	2.426320364851043
13.044786090238063	1.8947490523061232	396.42747288282914	88.14962261842105	318.9381303819531	394.803807532541	2.4278323893134415
13.046490110012503	1.8976359937688223	396.72831658985166	88.42857712037807	319.15047279500624	395.09985527507615	2.4293444137758393
13.048173882258178	1.9005127116925298	397.02900780136304	88.70753162233508	319.36282044210117	395.39582954067185	2.430854045713837
13.049732351572468	1.9033792499716917	397.32958228063177	88.98648612429211	319.5735510215509	395.6918211730924	2.4323618462225873
13.051404779510833	1.9062356506834972	397.63015675990044	89.26544062624914	319.7789333973877	395.98766832742535	2.433869646731338
13.052457536199558	1.9090819530184444	397.93066888091795	89.54439512820618	319.99400352843725	396.2834916450185	2.435376418559206
13.054170951548254	1.9119182003669555	398.2309942556948	89.8233496301632	320.1981043008082	396.57914071984374	2.436880109763683
13.055898962385946	1.9147444343005018	398.5313196304716	90.10230413212022	320.3993778248188	396.87476273009287	2.4383838009681593
13.056190962188097	1.9175606930532363	398.8316450052485	90.38125863407727	320.61923739356035	397.1704900402369	2.439887492172636
13.05808644755157	1.9203670209141643	399.13175847824346	90.6602131360343	320.81350007942916	397.4658028285368	2.4413874869215832
13.06029614150327	1.9231634565507203	399.4318548143106	90.93916763799132	321.0024395527288	397.76102649106616	2.4428871827306593
13.061869032665566	1.9259500425485014	399.73195115037777	91.21812213994835	321.2006771729396	398.0562363032311	2.444386878539735
13.065082921896176	1.9287268144124423	400.0319239171234	91.49707664190538	321.36796788114015	398.3509395796133	2.4458842793121334
13.064533238786032	1.9314938186497554	400.3318112279758	91.77603114386241	321.5933043955016	398.6465922004905	2.447380092923522
13.066870566519658	1.934251091150254	400.63169853882823	92.05498564581943	321.77353153464963	398.9414429149385	2.448875906534911
13.067356617685595	1.9369986740066238	400.93153886715925	92.33394014777646	321.9823030521308	399.23659643362265	2.450370783353547
13.068801918546704	1.9397366058169845	401.23123711886143	92.61289464973349	322.172229435866	399.5314937854404	2.451862827281306
13.072704388334644	1.9424649254519217	401.5309353705636	92.89184915169052	322.3226483072945	399.82574497151137	2.4533548712090645
13.071852374606575	1.9451836724836513	401.8306336222658	93.17080365364754	322.54532869440874	400.12103792089397	2.4548469151368235
13.073183853540646	1.9478928868628678	402.1301800914863	93.44975815560458	322.7344050446021	400.415734866787	2.4563356765331243
13.073954254593698	1.9505926077223372	402.42970920722604	93.7287126575616	322.9311460998472	400.710570814271	2.4578240626335015
13.07611356149659	1.953282873327641	402.7292383229658	94.00766715951863	323.10227950138716	401.00494070734715	2.4593124487338787
13.077283933865317	1.9559637214848642	403.02868713313404	94.28662166147566	323.28794903581377	401.29946916934307	2.4607989265629424
13.076721747764365	1.9586351917167828	403.3280669975034	94.56557616343271	323.4994740973808	401.5944387363583	2.46228376605873
13.079808864494753	1.9612973232844872	403.6274468618728	94.84453066538973	323.65570614386274	401.88843770830425	2.463768605554518
13.085725797136615	1.9639501514665616	403.9268046389196	95.12348516734676	323.7686584934747	402.18151444393163	2.4652528585658873
13.082896813653225	1.9665937162618825	404.2260551019496	95.40243966930377	324.00762338681454	402.4769053203255	2.466734262069429
13.084293555116748	1.9692280555247788	404.52530556497976	95.68139417126082	324.18390822851717	402.77116654212585	2.468215665572971
13.085155647248307	1.9718532063679095	404.8245560280098	95.96034867321784	324.36786633227587	403.0654626118603	2.4696970690765125
13.08903777352459	1.974469205375512	405.12371931732315	96.23930317517487	324.5065600988839	403.3588939935968	2.4711758267359314
13.089549244002432	1.9770760909697545	405.4228601982962	96.51825767713188	324.6936503355283	403.6532105130722	2.472653904270911
13.08967603006739	1.9796739011587832	405.7220010792693	96.79721217908893	324.88312079402584	403.94760745608517	2.4741319818058907
13.090653214882094	1.9822626705992503	406.0211049004989	97.07616668104595	325.05994410202476	404.2416655885351	2.475608731762538
13.092002877351996	1.9848424371495592	406.3201559915605	97.35512118300298	325.2310514878214	404.53561856364496	2.477083592784669
13.0939355342013	1.9874132373784468	406.6192070826221	97.63407568496	325.3933056407902	404.829399818278	2.4785584538067997
13.09439742565759	1.9899751079436034	406.9182565919994	97.91303018691704	325.57511162426573	405.1234859383836	2.4800332446328954
13.0958735309885	1.9925280840871078	407.2172376612575	98.19198468887407	325.7396731449047	405.41726931940707	2.4815049980479875
13.096916526419479	1.9950722037716215	407.5162187305156	98.47093919083109	325.9102312945909	405.7111607015528	2.4829767514630796
13.10184806801867	1.997607501101974	407.81519979977367	98.74989369278813	326.0240978114056	406.00393730713466	2.4844485048781717
13.102028265713265	2.0001340125594247	408.11414943375024	99.02884819474517	326.2065850252542	406.29796453622185	2.485918382934333
13.100863958771015	2.002651773655344	408.41308022909783	99.30780269670218	326.4074948292908	406.59235196568113	2.4873871371198266
13.101660651907187	2.00516082001839	408.71201102444553	99.58675719865921	326.5768523117941	406.8861916177017	2.4888558913053203
13.102172475481417	2.007661186449926	409.01093506870046	99.86571170061625	326.7500638020616	407.1800377052328	2.4903240063996166
13.103196192984042	2.0101528945794502	409.3098353208991	100.14466620257328	326.9157147350961	407.473728380049	2.4917898692223845
13.104816652163583	2.0126360210071557	409.6087355730977	100.4236207045303	327.07253383138396	407.76724876754287	2.4932557320451525
13.106935092137228	2.0151105586213016	409.9076358252963	100.70257520648732	327.2218876048393	408.06059248237557	2.4947215948679204
13.107362697074892	2.017576556326554	410.2065273070314	100.98152970844436	327.3919483563506	408.35437357137124	2.4961852024519895
13.108419213793598	2.020034047489255	410.50541673248955	101.26048421040139	327.55270923666444	408.6479707805295	2.4976482812845653
13.110416479710008	2.02248306803576	410.80430615794756	101.5394387123584	327.699849462436	408.94130168444536	2.4991113601171406
13.11015800773054	2.0249236503228087	411.1031990691854	101.81839321431544	327.8788406572135	409.2352270413024	2.5005733878594705
13.112741370535716	2.027355829350884	411.4020973728202	102.09734771627247	328.017077392522	409.5283285341759	2.502033789596613
13.11252653605582	2.029779638464079	411.700995676455	102.3763022182295	328.1931437268872	409.8222362246138	2.503494191333755
13.115059608242316	2.0321951119803185	411.99989398008984	102.65525672018653	328.328790594797	410.11533640861467	2.504954593070897
13.114746641820414	2.034602282996348	412.29881996964184	102.93421122214357	328.5042287323702	410.40924028428884	2.506412504072785
13.117066306012577	2.0370011846976386	412.59774684762994	103.21316572410059	328.64231905636325	410.7023674026919	2.507870335147426
13.118522461319406	2.039391849789606	412.896673725618	103.49212022605762	328.79231905361314	410.9957549685709	2.509328166222067
13.119606582229366	2.041774312617272	413.19562662563135	103.77107472801464	328.9473349958125	411.2892401199265	2.510784668453663
13.120435793015417	2.044148604888731	413.49460176805655	104.05002922997168	329.10318049087783	411.58278830844296	2.5122400348522915
13.121705464255676	2.04651475936834	413.79357691048176	104.3289837319287	329.2522477169764	411.8762050686641	2.5136954012509194
13.12134120533416	2.0488728092897963	414.0925590922409	104.60793823388573	329.4239687776779	412.1701003560984	2.515150523258071
13.12398933872549	2.051222786500013	414.3916021856499	104.88689273584275	329.5532255593926	412.4631193159323	2.5166035305355985
13.123682666409836	2.053564723059512	414.6906452790589	105.16584723779978	329.72374573820133	412.7570000071208	2.5180565378131257
13.126126038379304	2.055898651217662	414.989688372468	105.4448017397568	329.8550417432286	413.0500694481791	2.519509545090653
13.126948745734369	2.0582246033271603	415.2887895211164	105.72375624171383	330.00648777281214	413.3436422699734	2.520961059204955
13.127747797732582	2.060542611620185	415.58792025098893	106.00271074367086	330.1580443130246	413.6372201751491	2.5224118124991093
13.129084142280387	2.06285270540584	415.88705098086143	106.2816652456279	330.3018893296217	413.9306334310616	2.5238625657932645
13.130211268102213	2.065154919112024	416.18620488933254	106.56061974758492	330.4484094219182	414.22413133135876	2.5253128549142905
13.130807392899053	2.0674492806271045	416.48544294247296	106.83957424954195	330.60213043172985	414.5178126340364	2.5267614589595726
13.132016213819984	2.069735823398068	416.78468099561337	107.11852875149897	330.7464646857377	414.8113015340356	2.528210063004855
13.133014454994914	2.0720145785073907	417.0839190487538	107.39748325345602	330.8916394455474	415.10484763433743	2.5296586670501373
13.134268271234818	2.0742855770501256	417.38325418751094	107.67643775541303	331.03304521425736	415.398392032033	2.5311057080298234
13.135313260710102	2.076548849642561	417.68261925436803	107.95539225737006	331.1771102223527	415.69198864065976	2.5325522671710576
13.135974133626306	2.0788044235862064	417.98198432122507	108.2343467593271	331.32629241943977	415.9856947936629	2.5339988263122915
13.137037343620216	2.081052334539416	418.2813945590854	108.51330126128413	331.4696558646622	416.2793242719816	2.5354447878529776
13.138129150417498	2.083292609243712	418.580906336005	108.79225576324114	331.6119736714936	416.57299032045637	2.5368894060584903
13.142699547342861	2.0855252784203926	418.8804181129246	109.07121026519818	331.70427495723175	416.86558389324375	2.5383340242640036
13.140193815174122	2.0877503728887525	419.17992988984406	109.3501647671552	331.8939016199324	417.16033021220375	2.539778642469517
13.140748524246385	2.089967922084322	419.4795825817184	109.62911926911224	332.041138402418	417.45425025958417	2.541221704876532
13.141994191672287	2.092177956032016	419.7792607731341	109.90807377106927	332.17859194087066	417.7479611963803	2.5426644857509837
13.141880873270244	2.0943805025925473	420.0789389645499	110.1870282730263	332.33469709860015	418.0420805383674	2.544107266625435
13.143893445201149	2.096575592476276	420.3786881160648	110.46598277498333	332.4610312421446	418.33560215236076	2.5455493863980894
13.144658539814094	2.0987632567822905	420.67855243663104	110.74493727694036	332.60236329447315	418.6295766854578	2.546990433194976
13.145775749238721	2.1009435209890044	420.9784167571973	111.02389177889738	332.7386329837331	418.92342984973834	2.548431479991863
13.146708089256629	2.1031164162461375	421.2782810777635	111.30284628085441	332.8772266580359	419.2173377406806	2.5498725267887496
13.14738403474754	2.105281971813523	421.57833304465805	111.58180078281144	333.0191493955505	419.51147219057435	2.551312086713262
13.178617082199121	2.1861993254611587	433.6449766462189	122.73998086109259	338.2484892700967	431.3217569124153	2.6086251326611776
13.200484750449135	2.257057687574411	445.9122567682276	133.89816093937375	343.0053135369253	443.2948958011504	2.6657326902687974
13.213986817333739	2.31923116082422	458.4868989532436	145.0563410176549	347.41607937331787	455.5288373790408	2.7231523883253743
13.222360904243939	2.3738526514917284	471.4824106370871	156.21452109593602	351.5179161401774	468.1262173681107	2.78140503336858
13.224037397464617	2.421666150370045	489.23944880014903	167.37270117421716	355.3725849110312	482.22604655935834	2.859482752289732
13.2068751101182	2.439028237236377	673.2295341006828	178.53088125249832	357.20402679882324	665.2855882532148	3.6599956411730505
13.175502927096861	2.4479916996302156	689.9668042181045	189.68906133077948	358.68231215698	682.0485431345842	3.73158095933337
13.136811867194261	2.4546748748731546	706.7040743355262	200.84724140906062	360.1563186357459	698.2614965670176	3.8022642070302473
13.096497653287965	2.4598831713680656	723.4413444529479	212.00542148734172	361.58283945058224	714.4639316927215	3.872083654754012
13.051680293500416	2.464019923445863	740.1786145703696	223.16360156562288	363.03624442336024	730.6606268066259	3.941075230802784
13.005272114350664	2.467324713935417	756.9158846877915	234.32178164390402	364.48130129140077	746.8486506466676	4.009272104757617
12.961118501670567	2.469954456512879	773.6531548052131	245.47996172218518	365.8579892616273	763.0225580614931	4.076705186136856
12.914576492906386	2.4720192104788365	790.3904249226348	256.63814180046626	367.2551533689487	779.190054538556	4.143404101457551
12.871353067271594	2.473600339643618	807.1276950400568	267.79632187874745	368.57089698582087	795.3417819588698	4.20939608557617
12.827204171838765	2.4747605891479227	823.8649651574787	278.9545019570286	369.8870000485237	811.485550943604	4.274706374361929
12.782717096218985	2.475550026354089	840.6022352749003	290.1126820353098	371.19531933675086	827.6203080715286	4.339358902498549
12.74039755456784	2.476009736193777	857.339505392322	301.2708621135909	372.4475611531855	843.7414298642321	4.403376389801938
12.697624131355374	2.476174199836171	874.0767755097438	312.429042191872	373.6970823264437	859.854381491195	4.466780420597092
12.65907671294067	2.476072890683258	890.8140456271657	323.58722227015323	374.84657220362544	875.948780718578	4.529591216561229
12.617302327726808	2.475731375692573	907.5513157445876	334.74540234843437	376.0545192414484	892.0416665437564	4.591826907652472
12.57760716008316	2.475172076948234	924.2885858620091	345.9035824267155	377.20873893478347	908.1209406336636	4.6535063767224845
12.538675490150592	2.4744148780034148	941.0258559794304	357.06176250499664	378.33751071331716	924.1897004695842	4.714646548658294
12.500788401627462	2.4734775135070666	957.763126096852	368.21994258327777	379.4346044013916	940.2472042472625	4.775263145165256
12.463638719679361	2.4723759139032904	974.500396214274	379.37812266155896	380.50732457049753	956.2941606438916	4.8353716866923016
12.427541768817722	2.471124452938242	991.2376663316957	390.5363027398401	381.5483556415937	972.3298931045404	4.894986974722423
12.391969336750142	2.4697361573337346	1007.9749364491174	401.69448281812123	382.57028178352283	988.3557958083122	4.954122401905717
12.35724780406329	2.468222868793994	1024.7122065665392	412.85266289640236	383.5654382266223	1004.370881872531	5.0127916269708095
12.32332419022315	2.4665953837097794	1041.449476683961	424.01084297468344	384.5351019944393	1020.3752700894989	5.071007508793749
12.289665195479479	2.4648635681029147	1058.186746801383	435.16902305296463	385.4928397617606	1036.370772317208	5.1287816004925855
12.257071498208042	2.46303645005872	1074.9240169188047	446.32720313124577	386.41852268076644	1052.3546300608832	5.1861256437552
12.22531337729521	2.4611223145884336	1091.661287036227	457.48538320952696	387.3177857560342	1068.3275286883777	5.243050470018554
12.194029566624575	2.459128768650663	1108.3985571536489	468.64356328780804	388.2001067356119	1084.2907729514825	5.299567075798248
12.163170361557734	2.4570628066682927	1125.1358272710704	479.8017433660893	389.06707114944857	1100.244597721158	5.355684880284432
12.133429746852192	2.4549308628761968	1141.8730973884924	490.95992344437036	389.899872266139	1116.186162411848	5.411413791549726
12.10394047855165	2.4527388884378114	1158.610367505914	502.1181035226515	390.7219556045204	1132.118948480658	5.466763239900813
12.075288235840338	2.450492340424777	1175.347637623336	513.2762836009326	391.51737825776985	1148.0404574421973	5.521742070306917
12.047123822813514	2.4481962756717675	1192.0849077407577	524.4344636792138	392.29585025390946	1163.9521385176397	5.576358828129014
12.01920574730233	2.445855362041781	1208.8221778581792	535.5926437574949	393.0644550937119	1179.8551234709907	5.63062177224878
11.99219516722743	2.4434739099370937	1225.5594479756012	546.7508238357761	393.80407892565836	1195.7462730984766	5.684538617366224
11.965411344659286	2.441055912600677	1242.2967180930234	557.9090039140572	394.5344048368787	1211.6287991522922	5.738116804398245
11.939672716242242	2.4386050599455804	1259.0339882104452	569.0671839923383	395.23136839716096	1227.498545581871	5.7913641821001605
11.914459113031068	2.436124768529133	1275.7712583278665	580.2253640706195	395.910198882076	1243.3579952241523	5.844287584675782
11.888527538895937	2.433618205118087	1292.5085284452882	591.3835441489007	396.60881151938713	1259.2139142933404	5.896893485543029
11.865191646902387	2.431088302927307	1309.2457985627098	602.5417242271818	397.2256504414238	1275.048089192198	5.949189011312653
11.836454170827174	2.4285377792287672	1325.983068680131	613.699904305463	398.0098902459114	1290.9059412792064	6.001179988403338
11.815529446201678	2.4259691554504212	1342.7203387975533	624.858084383744	398.547451085568	1306.7113109001075	6.052872703118767
11.792268954950758	2.4233847685933707	1359.457608914975	636.0162644620251	399.1568651250956	1322.5228457420142	6.104273337696086
11.769193987587187	2.4207867880609695	1376.1948790323968	647.1744445403064	399.7590926222981	1338.325963203101	6.155387250942768
11.746475187615767	2.4181772266761827	1392.9321491498176	658.3326246185874	400.3486145964614	1354.1196271105614	6.206219830726744
11.726761759075707	2.415557950865276	1409.66941926724	669.4908046968686	400.83798959894705	1369.8862142501239	6.256776731764524
11.702142441774283	2.4129306954615655	1426.4066893846614	680.6489847751498	401.4888419529214	1385.6782553149096	6.307063069308608
11.684443163099683	2.410297069021713	1443.1439595020836	691.8071648534309	401.90743588837825	1401.41578378153	6.357083820421352
11.659748003752695	2.4076585647008675	1459.881229619505	702.965344931712	402.56128669240064	1417.1950404438453	6.40684382881378
11.638910537948023	2.405016571135524	1476.6184997369262	714.1235250099932	403.08440247559184	1432.9401721826446	6.456347809477568
11.618117276773006	2.4023723721017727	1493.355769854348	725.2817050882744	403.6056590018946	1448.6779568785657	6.5056003531205775
11.597759146926993	2.3997271665459285	1510.0930399717702	736.4398851665554	404.11166525143625	1464.4055011055361	6.554605730177155
11.577472421360595	2.397082062417092	1526.8303100891924	747.5980652448367	404.61512292841235	1480.125576149165	6.603368073529099
11.558969556504172	2.39443808786808	1543.5675802066144	758.7562453231178	405.0552947089341	1495.8244542674324	6.651891937931882
11.538939240527366	2.3917962002889057	1560.304850324036	769.914425401399	405.5496864647826	1511.528625372541	6.700181462228221
11.521328226569993	2.3891572855053567	1577.0421204414572	781.07260547968	405.95713067799824	1527.2057310827302	6.7482398121904135
11.502050817575734	2.3865221651358146	1593.7793905588785	792.2307855579612	406.4247118983636	1542.8898296174611	6.796071601428336
11.484543482290421	2.3838916007649567	1610.5166606763003	803.3889656362423	406.82786764005124	1558.5516418067073	6.84368011649162
11.465727366965007	2.3812662991948823	1627.253930793722	814.5471457145234	407.2792891876727	1574.2180683071458	6.891069128402871
11.447826842835394	2.3786469162010513	1643.9912009111442	825.7053257928047	407.6973285819934	1589.8695280528289	6.9382419738585694
11.430621306938676	2.376034051337995	1660.7284710285655	836.8635058710857	408.08970050823206	1605.5075309299998	6.985202463427361
11.41481995335941	2.373428271061282	1677.4657411459877	848.0216859493669	408.4291659956017	1621.1257721271372	7.031953154477348
11.395988355677321	2.37083009262439	1694.2030112634093	859.1798660276481	408.88395012716626	1636.7656167768762	7.078498010044283
11.379240382629556	2.3682399922417314	1710.9402813808313	870.3380461059293	409.260222712519	1652.3784611712483	7.124840081966374
11.362596363775051	2.3656584136080414	1727.6775514982535	881.4962261842104	409.63307835304363	1667.9834202598524	7.170981900009806
11.345631383502273	2.3630857629265707	1744.4148216156746	892.6544062624915	410.0191543972537	1683.584983334616	7.216926864955574
11.329997987978183	2.360522416061277	1761.1520917330965	903.8125863407726	410.35407300742844	1699.1658421169243	7.262677908010389
11.3143096759537	2.357968718196964	1777.8893618505188	914.9707664190539	410.69167929261516	1714.7403409733931	7.308237825205175
11.297995632944817	2.3554249865413968	1794.62663196794	926.128946497335	411.0548312431949	1730.3149511887002	7.353609353783577
11.283409786158998	2.3528915121111442	1811.3639020853623	937.2871265756161	411.35010857615646	1745.8635653256358	7.398795173806652
11.267961276809569	2.3503685622150234	1828.1011722027843	948.4453066538972	411.68050282467965	1761.415019203804	7.443797909704008
11.25317541413522	2.3478563765575764	1844.8384423202062	959.6034867321786	411.98510662477145	1776.9520695700287	7.488620131773467
11.238214674631807	2.345355181267664	1861.5757124376275	970.7616668104596	412.29766218079897	1792.4844016379989	7.533264357631307
11.22367319039558	2.342865176545359	1878.3129825550498	981.9198468887407	412.5940900786685	1808.0049883749575	7.577733053614974
11.209018497833846	2.3403865460145052	1895.0502526724713	993.0780269670219	412.896118967776	1823.5202565468903	7.622028636140095
11.194684042048173	2.3379194549906503	1911.7875227898937	1004.236207045303	413.18603660246976	1839.0248995208042	7.666153473013583
11.181227494521158	2.3354640518827683	1928.5247929073157	1015.3943871235842	413.44053387612996	1854.5116150306364	7.7101098847044565
11.166162242526372	2.333020471426765	1945.262063024737	1026.552567201865	413.7630980073619	1870.012473153098	7.753899673127964
11.15324741605717	2.330588832606069	1961.9993331421595	1037.7107472801463	413.9968618076729	1885.4785535850215	7.79752542868645
11.139685542118887	2.3281692404234318	1978.736603259581	1048.8689273584273	414.25877591194205	1900.9464047944184	7.840989386566904
11.126237836584211	2.3257617899607794	1995.4738733770025	1060.0271074367085	414.51699615475604	1916.4060611912644	7.884293393371243
11.11215423448286	2.3233665610885543	2012.2111434944238	1071.1852875149898	414.8035493508798	1931.8680652393223	7.9274393724515395
11.099699219825997	2.3209836249833473	2028.9484136118454	1082.3434675932708	415.0217727169997	1947.3006131290924	7.970429808839718
11.088807603436663	2.3186130399852094	2045.6856837292678	1093.501647671552	415.17359998390634	1962.7035578596833	8.013266007167916
11.073488776342497	2.3162548581353994	2062.422953846689	1104.659827749833	415.5175918184415	1978.1643374599655	8.055950442000851
11.062529795004338	2.313909120482451	2079.160223964111	1115.8180078281143	415.67413811527734	1993.5543205684178	8.098484620427103
11.049022223528665	2.3115758598537437	2095.897494081532	1126.9761879063956	415.9426885186708	2008.9758285886717	8.140870636775528
11.038246946391665	2.3092551000032864	2112.634764198954	1138.1343679846766	416.09296213039653	2024.3489079905905	8.183109994507436
11.024766055470593	2.306946859082262	2129.3720343163754	1149.2925480629576	416.36331343734383	2039.7573227564749	8.225204904480911
11.012963484435062	2.304651149549068	2146.109304433797	1160.450728141239	416.5611254340486	2055.132969694864	8.267156389528411
11.001022163335046	2.3023679718609964	2162.8465745512185	1171.6089082195201	416.76633630183534	2070.504222948639	8.30896683274193
10.98946937188575	2.3000973281528925	2179.5838446686403	1182.7670882978011	416.9555326704644	2085.8625498552788	8.350637567303663
10.976961642236727	2.2978392047824485	2196.321114786063	1193.9252683760824	417.18884040335286	2101.2302805104064	8.392170056158088
10.966114228043663	2.2955935965219294	2213.0583849034842	1205.0834484543634	417.34908979531065	2116.5636498440185	8.433566247837526
10.956840824954112	2.2933604798575913	2229.7956550209055	1216.2416285326447	417.43929586672056	2131.8629230081538	8.47482765194257
10.943694184649218	2.291139835838073	2246.5329251383278	1227.399808610926	417.7059610869161	2147.22266363116	8.515955379900761
10.931826457137415	2.2889316338655856	2263.2701952557504	1238.557988689207	417.9163977008101	2162.554098029059	8.556951254541044
10.921718178323113	2.2867358477056263	2280.0074653731713	1249.716168767488	418.0479797380812	2177.8475856338055	8.597816780196158
10.910996558396999	2.2845524394969705	2296.7447354905926	1260.8743488457694	418.20882909216505	2193.145382367659	8.638553370615977
10.90023679449346	2.2823813744788026	2313.4820056080143	1272.0325289240504	418.3728556523293	2208.4373269608163	8.679162417160748
10.890484895909422	2.2802226082140833	2330.219275725436	1283.1907090023315	418.49166744420427	2223.7037281826483	8.719645289262095
10.879987110677131	2.2780760993716616	2346.9565458428583	1294.3488890806127	418.64622915290624	2238.9774879997735	8.760003333604631
10.868529975468253	2.2759417996498916	2363.6938159602805	1305.5070691588937	418.84688742812637	2254.263443802089	8.800237790881768
10.858466731162277	2.2738196609105605	2380.4310860777014	1316.665249237175	418.98415199300734	2269.5159879982916	8.840350101711339
10.848205206596548	2.271709630269318	2397.168356195123	1327.8234293154562	419.1320684547645	2284.765911433161	8.880341551078557
10.838180126953471	2.2696116544829392	2413.9056263125444	1338.9816093937372	419.270338351727	2300.0046163390525	8.920213404204791
10.828205576818014	2.2675256768978893	2430.642896429966	1350.1397894720183	419.40769196839784	2315.2357952169205	8.959966894638496
10.818346083756051	2.2654516410179006	2447.380166547388	1361.2979695502997	419.54103307150876	2330.4581210216493	8.9996031393142
10.80869380725088	2.2633894858519383	2464.1174366648092	1372.4561496285808	419.6659647269389	2345.6696070769	9.03912342720844
10.799087653768744	2.261339150811303	2480.8547067822315	1383.6143297068618	419.79010772744783	2360.873592231497	9.078528949331465
10.789286799669503	2.2593005730785367	2497.591976899653	1394.772509785143	419.92498627677156	2376.075333844834	9.117820878789008
10.780119179027146	2.257273689400273	2514.3292470170754	1405.930689863424	420.03101640222116	2391.2568179424643	9.15700037113265
10.770977766816682	2.255258433878363	2531.0665171344976	1417.0888699417053	420.1371512319705	2406.431102704905	9.196068564701779
10.761441407241769	2.2532547410741586	2547.803787251919	1428.2470500199865	420.2637155038765	2421.6077524036327	9.235026580957358
10.752231924948477	2.2512625431684574	2564.5410573693416	1439.4052300982676	420.3760636414124	2436.7706294137174	9.27387512090149
10.743120583366167	2.2492817722066154	2581.2783274867625	1450.5634101765488	420.48510862404265	2451.924811408461	9.312615632453937
10.734098362262603	2.2473123586298858	2598.015597604184	1461.72159025483	420.5912742645406	2467.0704810904917	9.35124919878571
10.725359930678716	2.245354233817748	2614.7528677216064	1472.879770333111	420.68505364629254	2482.202978176873	9.389776798675198
10.71649703926332	2.2434073264456607	2631.490137839028	1484.0379504113923	420.78632640167285	2497.331953843797	9.428199076179542
10.707596780677768	2.241471567076753	2648.227407956449	1495.1961304896734	420.8908921071813	2512.4554508844403	9.466517504727344
10.698901330486295	2.2395468831629786	2664.964678073871	1506.3543105679544	420.9868801367153	2527.567568328779	9.504733004298252
10.691218097130612	2.237633202792961	2681.701948191292	1517.5124906462356	421.0344480472501	2542.6479428952844	9.542846103032062
10.682307052194522	2.235730454531533	2698.4392183087134	1528.6706707245164	421.1438985578401	2557.7525092169703	9.58085832057386
10.676015957749748	2.2338385655026807	2715.1764884261347	1539.828850802798	421.12519659412095	2572.7836544254474	9.618770202674991
10.665442241773817	2.231957463044325	2731.9137585435574	1550.9870308810791	421.3199597230552	2587.918408107965	9.656582806238978
10.657316606943503	2.2300870752239432	2748.6510286609778	1562.14521095936	421.3949683625139	2602.9837711554396	9.694297133273587
10.648973657795699	2.2282273263720596	2765.388298778399	1573.3033910376412	421.48223539373834	2618.048455052935	9.731913784012713
10.640860824830677	2.2263781458444005	2782.1255688958204	1584.4615711159224	421.5594735122983	2633.100663064598	9.769434031046535
10.632336811070495	2.224539459840106	2798.862839013242	1595.6197511942034	421.658766876699	2648.1577147125704	9.806858293128156
10.624287671074631	2.2227111945345706	2815.6001091306644	1606.7779312724847	421.7357505366864	2663.195612216001	9.844187845429019
10.617146515517511	2.220893277419771	2832.337379248085	1617.936111350766	421.76847450165474	2678.201855924431	9.88142318935349
10.609804797047534	2.219085635359906	2849.074649365508	1629.094291429047	421.8125955524287	2693.206917014575	9.918565345411746
10.600928894629751	2.2172881942415352	2865.811919482929	1640.2524715073282	421.9356093369308	2708.24914560499	9.955615151192626
10.593884894423333	2.2155008816769493	2882.549189600351	1651.4106515856095	421.96748008176314	2723.232820226398	9.992573125617252
10.586401814684091	2.2137236246527916	2899.2864597177722	1662.5688316638903	422.0229374392057	2738.222562823831	10.029440500042115
10.579011059525124	2.2119563520613874	2916.0237298351944	1673.7270117421715	422.075096749277	2753.203146681186	10.066217612126323
10.274313956403331	2.134818909048005	3752.887235706285	2231.6360156562287	423.00151529553915	3491.8474048433764	11.804644800751014
10.159626652123551	2.1030929517172625	4171.318988641828	2510.5905176132574	422.5785772844654	3853.58970386669	12.612211174006655
10.071961232833061	2.0749251055491724	4589.750741577375	2789.545019570286	421.30639247176254	4209.715823318509	13.386686880194206
9.980338322848493	2.04974891757834	5008.182494512914	3068.4995215273148	420.83195250644826	4562.225725307348	14.132381476489982
9.913003034564067	2.027110882191609	5426.614247448452	3347.454023484343	419.501608482307	4908.87221707439	14.852723562086029
9.853035216271678	2.0066451498658058	5845.046000383983	3626.4085254413717	418.2055301323052	5250.827654482356	15.550495971380867
9.797115639197472	1.9880538886336951	6263.477753319527	3905.3630273984004	417.079594105873	5588.44159862747	16.22799532829888
9.74982150857681	1.9710923476292488	6681.909506255076	4184.317529355429	415.8216777417656	5921.104903437918	16.887144966507822
9.704836163807476	1.95405327777809	7100.341259190619	4463.272031312457	414.7482185188702	6249.618054284435	17.52957493862293
9.670260876654222	1.9412796647059138	7518.773012126161	4742.226533269486	413.37437964622274	6572.610966594016	18.156681533546994
9.637908912455877	1.928115499967449	7937.204765061701	5021.181035226515	412.12966595624874	6891.306312428393	18.76967277734732
9.610576931606301	1.915943349931407	8355.63651799724	5300.1355371835425	410.8349428366566	7205.110469769684	19.36960164074211
9.582631019578276	1.9046590734827835	8774.068270932794	5579.090039140572	409.7772506938765	7515.208832445262	19.957393388119915
9.559746629503634	1.8941729752474497	9192.500023868328	5858.044541097601	408.6275489577475	7820.315546939941	20.53386647114251
9.521916913081743	1.8752944578654813	10029.363529739381	6415.953545011657	406.3862422258907	8416.934558897838	21.655691612782146
9.504780460491602	1.866775029586123	10447.795282674935	6694.908046968686	405.3843480746308	8709.026941074819	22.202280363636746
9.488424227095669	1.858796877309802	10866.22703561048	6973.862548925715	404.4662677420287	8997.143582268784	22.74004396702465
9.476938581669048	1.851313879957011	11284.658788546029	7252.817050882743	403.40811686206695	9279.814106458996	23.26946163986319
9.462881932992044	1.8442851040538897	11703.09054148157	7531.771552839771	402.58917913160417	9559.714871720174	23.790969992777722
9.454730812173748	1.8376740760990022	12121.52229441711	7810.726054796801	401.56230824686594	9833.572300013475	24.304967836424503
9.450844865402763	1.8314481823130317	12539.954047352645	8089.6805567538295	400.4093651975802	10101.7461676263	24.811820448769137
9.44495303272805	1.8255781577310837	12958.385800288188	8368.635058710857	399.4438052264828	10366.924836714503	25.311864044561872
9.425045190315736	1.820037658327974	13376.817553223738	8647.589560667886	399.25851126942376	10635.294557723962	25.80540839820436
9.418842916703792	1.8147561175447804	13795.249306159285	8926.544062624915	398.452059793634	10893.549490198611	26.292739743803
9.417048644547004	1.8098523479452997	14213.681059094833	9205.498564581943	397.4926644126005	11145.773671166295	26.77412369253993
9.407554652154694	1.805166450831418	14632.112812030375	9484.453066538972	396.97546604978737	11398.668048871587	27.249806708815434
9.401071089104569	1.8007274153336927	15050.544564965918	9763.407568496	396.3645184086432	11646.452007171998	27.720018301933454
9.397862071836485	1.7965190094365142	15468.976317901466	10042.36207045303	395.64560420018233	11888.771810738064	28.184972615888437
9.392815841130252	1.7925263842248904	15887.408070837027	10321.316572410058	395.06490577290776	12128.800942890162	28.644869810619262
9.38981351652593	1.7887359421186304	16305.839823772558	10600.271074367085	394.4306364615961	12364.084077788462	29.099897334511237