28.382674912641598	0.08186168569606778	35.01889990375193	0.11158180078281144	0.21926186974739212	29.42314902622758	0.2294761402266479
27.641770240697547	0.08321373215704085	56.00181385488425	0.22316360156562287	0.16964892259207845	45.838738242152175	0.36638318336958964
26.83433892584748	0.08412053650494968	72.04827648580353	0.33474540234843436	0.14312977282693629	59.51381247828058	0.4708744562489539
26.655930269292238	0.08653140692622104	81.10687321179608	0.44632720313124574	0.11056400213515243	70.98732377518685	0.5297225169962301
25.816045958412317	0.08964351049144294	90.14122176324858	0.5579090039140573	0.09426161745451377	78.92916323992486	0.5884123560085507
25.44753859623974	0.09349989264914342	97.00365480445849	0.6694908046968687	0.07783900166271336	86.16767224689896	0.6325701430208436
24.820024346113247	0.09808333455282911	101.25525164665568	0.7810726054796802	0.064955349453826	94.34970441399045	0.6592591071306432
24.316918209957862	0.10346787658669207	105.50684848885288	0.8926544062624915	0.052175438260019594	98.68899486185808	0.6859480712404427
23.669797777508126	0.10924365400724668	109.7584453310501	1.004236207045303	0.04586173608660141	102.74403015271258	0.7126370353502423
12.791415570838973	0.5526441358767155	245.11747013464068	11.158180078281145	108.22325484906969	242.56414293676787	1.563978184548348
12.738870415056287	0.5871567486822571	253.65098753252195	12.273998086109259	117.60741467772071	251.06807758727456	1.6161221000396138
12.70301757295352	0.6199328192627017	261.72040621798027	13.389816093937375	125.8526694296207	259.10233338916	1.6652242046008747
12.671786929447935	0.651151459276581	269.3791714605587	14.505634101765487	131.7370694770009	266.73104067589145	1.711638934188912
12.651016779019143	0.6809683300116434	276.6528317856452	15.621452109593601	137.1606081269454	273.98420899715734	1.7555476392194556
12.630065047311358	0.7095288705062517	283.52503164072255	16.73727011742172	142.40560658744747	280.8670501298643	1.7968750752608336
12.611077507326208	0.7369818885591228	289.9329617639718	17.853088125249833	147.42410355655227	287.3382894545064	1.835268736207
12.597550865450815	0.7634911864317545	295.76641968216546	18.968906133077947	152.11392939202617	293.3083986333741	1.8700948037152665
12.58896404913029	0.7892375522930289	300.91764816630064	20.084724140906058	156.5313647301194	298.6670067314242	1.9007401330910996
12.581104195554506	0.8144016422427524	305.36474819091586	21.200542148734172	160.82228058532877	303.3557496489047	1.9271058955554587
12.576177569637006	0.839137632504562	309.1819376503568	22.316360156562286	164.9672961979654	307.3930759698595	1.949661535613884
12.56748149261192	0.8635593057462279	312.4769090074706	23.4321781643904	169.164498227329	310.87957781161435	1.9690665439775583
12.56350393159152	0.8877409471439973	315.3707803106596	24.547996172218518	173.2114781601444	313.91847479943505	1.9860538740301679
12.561819482818175	0.9117260781487015	317.95834522404976	25.663814180046632	177.18117850182006	316.61926178722445	2.001194148612347
12.561367514249616	0.9355366672779171	320.31477102993836	26.779632187874743	181.10708264206633	319.0581171269623	2.0149384845366325
12.561931031418816	0.9591807177200902	322.48610914455975	27.89545019570286	184.99788360405682	321.2982367191814	2.0275619742236977
12.565049411773918	0.9826576974797586	324.5214902578404	29.011268203530975	188.8114685143527	323.37837789789535	2.039359058920072
12.568367522536015	1.0059619145576733	326.44416553150785	30.12708621135909	192.6115211059931	325.3378879545891	2.0504678404145253
12.572604988989786	1.0290850365823025	328.2763274826211	31.242904219187203	196.36708017615277	327.198542344592	2.0610205540769537
12.578237271668716	1.0520173934230421	330.03609967277407	32.35872222701532	200.05427008533871	328.97792977102864	2.071125434524027
12.585504786016383	1.074749005010818	331.7358638397814	33.47454023484344	203.66363123424975	330.6908812963422	2.080856155224919
12.592925993310832	1.0972701696012515	333.3854950959972	34.590358242671556	207.23977441013787	332.3485287100364	2.0902715253528075
12.60106906279866	1.1195718051006351	334.9915641918929	35.70617625049967	210.76334524634962	333.959995454848	2.099410127057741
12.610091391815885	1.141645625167088	336.56092816786446	36.82199425832778	214.23075286004524	335.532422415858	2.108312910139383
12.617052940577805	1.1634842918800012	338.0994392959519	37.937812266155895	217.7284074717525	337.07199129458274	2.1170151863355775
12.62845183498863	1.185081435931409	339.61124727717015	39.053630273984005	221.06112305810737	338.58174345525464	2.1255419056938627
12.638911068648746	1.206431611987466	341.0980394017772	40.169448281812116	224.38893993677632	340.06458157393195	2.1339020396042447
12.649504170408553	1.2275302427271984	342.56359690543286	41.28526628964023	227.6794306483836	341.52574092632005	2.142118789125464
12.659346147084877	1.248373679840742	344.0110874276525	42.401084297468344	230.9594523180878	342.9669602970089	2.150212005549439
12.676406134594616	1.268959034824118	345.4401747498432	43.51690230529646	233.98130439187668	344.3881566538554	2.1581776166317503
12.681545214191857	1.2892841351509277	346.8546335228125	44.63272031312458	237.33971102354403	345.79616516334545	2.1660403298386317
12.692868724029703	1.3093475380122963	348.2547527598368	45.7485383209527	240.4709620827545	347.1870223012167	2.1738008737582994
12.701765689579208	1.3291483321020634	349.64198152113755	46.86435632878081	243.64433228607106	348.56580593140967	2.1814682487192827
12.715274722883644	1.3486862316807222	351.0175374762801	47.980174336608926	246.62898055961136	349.9305820912066	2.1890501640212987
12.726064556485616	1.367961371413981	352.38186329484074	49.095992344437036	249.65911198108228	351.28507364424235	2.1965487092444613
12.735837864844193	1.3869743879534402	353.73625277403244	50.211810352265154	252.68119265198047	352.6283953052757	2.203972546539144
12.748023864939961	1.405726248323845	355.08097662246956	51.327628360093264	255.58252954870153	353.96218611895955	2.2113227369249397
12.759963647668348	1.4242183222202067	356.4168686923875	52.44344636792138	258.4511571381931	355.2858631577418	2.218604794064622
12.771738559677967	1.4424522274960225	357.7445677560235	53.559264375749486	261.28285326860004	356.60168227915364	2.225822835332806
12.782368346985498	1.4604298995180005	359.06410624141154	54.6750823835776	264.1118049919382	357.9088842676188	2.232976333526836
12.793442762090033	1.4781534635118208	360.3768419004174	55.79090039140572	266.8832793306278	359.20867015232403	2.240075373220758
12.793442762090033	1.4781534635118208	360.3768419004174	55.79090039140572	266.8832793306278	359.20867015232403	2.240075373220758
12.796014274840466	1.4825449204535495	360.7034389562519	56.06985489336274	267.5763978383134	359.5326538320363	2.2418372974599645
12.798757101842215	1.4869206842537375	361.03003601208644	56.348809395319776	268.26113829664735	359.8557063274579	2.2435992216991707
12.80150063222575	1.4912807867197073	361.3563877977574	56.6277638972768	268.94260383782466	360.17874795454503	2.2453591410868428
12.80442069594015	1.4956252719476244	361.6817882529928	56.90671839923384	269.61555435685653	360.5012269666859	2.247111284248266
12.807017667458776	1.4999541819074262	362.0071887082282	57.185672901190856	270.2967606976297	360.82305989480403	2.2488634274096895
12.809460649752957	1.5042675478107859	362.3321822637989	57.464627403147894	270.98052701552604	361.14491210425564	2.2506122158833555
12.813983812388798	1.50856542403966	362.6564245310079	57.74358190510491	271.59186050903907	361.46572271169333	2.252354810353712
12.814732590755591	1.5128478477405536	362.9806667982169	58.02253640706195	272.3266919013942	361.7866931252584	2.254097404824069
12.817454304983233	1.5171148518555937	363.30436845686296	58.301490909018966	272.992220697757	362.1072880513858	2.255835503589595
12.819769553764264	1.5213664962896316	363.62748922135347	58.580445410976004	273.6687479354198	362.4272047018655	2.2575687716350012
12.822724491841361	1.525602814607481	363.950609985844	58.859399912933036	274.32098677401507	362.74659724972224	2.259302039680407
12.82557271422616	1.5298238445356713	364.27308183814716	59.13835441489007	274.974091445139	363.0660001761285	2.261029864180471
12.83170338994212	1.5340296479172866	364.5951162215256	59.41730891684709	275.5127359582704	363.3839568105142	2.262754018874398
12.831058245979134	1.538220256743242	364.91715060490395	59.69626341880411	276.2772882451177	363.70289476408215	2.264478173568325
12.833497809390883	1.5423957138524726	365.23845091176514	59.975217920761146	276.934620704119	364.02124098177165	2.2661961158833717
12.836240437373469	1.5465560766301416	365.5594326196699	60.25417242271817	277.5788358017566	364.3386550367307	2.26791136194349
12.83888252003865	1.5507013819880193	365.8804143275746	60.53312692467521	278.2235379788653	364.65587655595147	2.2696266080036085
12.841391757904544	1.5548316745030277	366.20059788188786	60.812081426632226	278.8684695195225	364.9731144418609	2.271335038957025
12.84966585819389	1.5589470113886108	366.5205593374118	61.091035928589264	279.3158421540825	365.2883384712416	2.2730415734998215
12.846409933171513	1.5630474297169046	366.84052079293576	61.36999043054628	280.14911243490195	365.605625621715	2.274748108042618
12.848825478747889	1.5671329772994498	367.15963923656216	61.64894493250332	280.78791786939775	365.92181529492194	2.2764473790481587
12.85002206678326	1.5712037098067821	367.4786117007438	61.927899434460336	281.46374000476646	366.23732232598996	2.278145392269392
12.85332986281275	1.5752596660268467	367.79758416492547	62.206853936417374	282.064408580313	366.55232001975133	2.2798434054906247
12.856164607477456	1.5793008948398306	368.11568626668446	62.4858084383744	282.67779202571455	366.8673996750922	2.281533850175287
12.859018245512198	1.5833274528535128	368.43369994731853	62.76476294033144	283.2872881977241	367.1815553027093	2.283223525963567
12.861310046394449	1.5873393775095221	368.7517136279526	63.043717442288454	283.91104692415655	367.4957483490669	2.284913201751847
12.864239446161589	1.591336722730763	369.06884552762847	63.32267194424548	284.50924042864705	367.809806957269	2.2865951373831757
12.876537070195683	1.5953195413425234	369.3859296775291	63.60162644620251	284.79133783904837	368.12112863536964	2.288276653873274
12.86890463956494	1.5992878732164952	369.70301382742963	63.88058094815954	285.7349356092909	368.43629603250656	2.289958170363373
12.875672512781097	1.6032417726765096	370.01921925015915	64.15953545011656	286.1926385986361	368.7486251763514	2.291631899106462
12.874195433110579	1.6071812936875995	370.335402255902	64.4384899520736	286.92087328367654	369.061713102745	2.293305429178306
12.876629020746345	1.6111064758363427	370.6515852616449	64.71744445403063	287.5151510319182	369.3739650185498	2.294978959250151
12.87880952763375	1.6150173739279672	370.9669057064986	64.99639895598766	288.11279332882236	369.686257846082	2.2966447692763814
12.881267045918447	1.618914042388933	371.2822151685716	65.27535345794469	288.69576217291717	369.9976709863065	2.2983104810051254
12.884306887086595	1.622796521486614	371.59752463064467	65.5543079599017	289.25579020137616	370.30888732054126	2.2999761927338684
12.886860575803727	1.6266648666519576	371.91199953673106	65.83326246185874	289.82720044285213	370.6201912420967	2.3016343592005932
12.888755185387602	1.6305191311604574	372.22646234193286	66.11221696381577	290.4134306303775	370.9308576140136	2.303292416262621
12.890740875502479	1.6343593580689948	372.5409251471347	66.3911714657728	290.9923271454821	371.241398480464	2.3049504733246486
12.893223367283397	1.6381856000902355	372.85459204013085	66.67012596772985	291.55099602384126	371.5518298480644	2.3066012592425524
12.89541751986095	1.6419979129824218	373.1682344269779	66.94908046968686	292.1109895012346	371.86161376916846	2.308251821281816
12.897836743673121	1.6457963398587956	373.48187681382495	67.2280349716439	292.6595316158987	372.17120734186557	2.3099023833210803
12.902583069384892	1.653351747127928	374.1076190532963	67.78594397555796	293.7422874373571	372.7897605544002	2.313189263282435
12.905054509998672	1.657108826896753	374.4204666711247	68.06489847751497	294.27229290959906	373.09850893103703	2.3148324862410736
12.907413411415497	1.6608522234007717	374.73262309387417	68.34385297947202	294.7999649773314	373.40726899256725	2.3164692552697517
12.909617360574762	1.66458199558486	375.0447010562564	68.62280748142904	295.3247191680041	373.71550909147686	2.318105291686565
12.912098119562627	1.6682981844942542	375.3567790186386	68.90176198338607	295.83704141664913	374.02344797240187	2.319741328103379
12.914447996351049	1.6720008423713977	375.6682297474364	69.1807164853431	296.34499972081176	374.3314012886036	2.3213714400172476
12.91654522102761	1.6756900246568356	375.97956268047386	69.45967098730013	296.85500702772435	374.6389416518562	2.3230004392972474
12.918939437636704	1.6793657778732813	376.29089561351134	69.73862548925715	297.3509753455363	374.9461122688665	2.324629438577248
12.920947198086372	1.6830281535691263	376.6016716763175	70.01757999121418	297.84928587851897	375.25335341245807	2.3262531146997882
12.921851676893478	1.6866772010876858	376.91228376231385	70.29653449317121	298.3760613593503	375.56045024259396	2.3278752233577213
12.92513192879814	1.6903129737489757	377.22289584831026	70.57548899512823	298.82431541735355	375.86667628483974	2.329497332015654
12.92780392606251	1.6939355166744599	377.5330268768794	70.85444349708526	299.28564537319124	376.1730184020227	2.331114784624754
12.928191115326737	1.6975448898635712	377.8429418938518	71.13339799904229	299.8054683429107	376.4795631707235	2.332730146505211
12.931928311612769	1.7011411360561877	378.15285691082414	71.41235250099933	300.222119720519	376.78495535268786	2.334345508385667
12.934163997439981	1.704724304357398	378.46237121299544	71.69130700295635	300.6769085825989	377.0906546557818	2.335956941155024
12.93662635806673	1.7082944527245743	378.77161257043485	71.97026150491338	301.11645762639995	377.39612411390164	2.3375656976314865
12.93853900764507	1.7118516261108654	379.0808539278742	72.2492160068704	301.567871760813	377.701188421521	2.339174454107949
12.940733233399344	1.7153958726323248	379.3897785524864	72.52817050882744	302.00113070475584	378.006183975153	2.3407800625060515
12.9415109436566	1.7189272491349923	379.6983693237395	72.80712501078446	302.47071973483736	378.3114015962414	2.342382352661003
12.945700644434547	1.7224458021055318	380.0069600949926	73.08607951274149	302.8369300692247	378.61529054485857	2.343984642815954
12.94726032442286	1.7259515772243406	380.31532089038956	73.36503401469851	303.27215525656834	378.9197321503047	2.3455846144681414
12.948019347252098	1.7294446328370583	380.62328384199634	73.64398851665555	303.71672961017015	379.2243409332212	2.347180575256133
12.951325652079108	1.7329250154054743	380.93124679360307	73.92294301861257	304.09349519955964	379.52778148331294	2.348776536044125
12.954646596399781	1.7363927698990143	381.23906846057133	74.20189752056959	304.4601616451923	379.8311755093048	2.3503710510625013
12.954484413991208	1.7398479516125844	381.5464260788612	74.48085202252663	304.91266689036064	380.13532076875737	2.3519608174579067
12.957221839790607	1.7432906112346116	381.85378369715113	74.75980652448366	305.282484456293	380.43834462703137	2.353550583853312
12.959901109725157	1.7467207913510918	382.1610898370217	75.0387610264407	305.65027755494935	380.74123391577155	2.3551398151386724
12.960005638921	1.7501385469626152	382.4678643522406	75.31771552839771	306.0744398238019	381.0446798456656	2.356723520269662
12.963550467950055	1.753543927228691	382.7746388674595	75.59667003035476	306.40884451526955	381.34700810151037	2.3583072254006523
12.96564299360584	1.7569369777210309	383.08141338267836	75.87562453231178	306.7753016935596	381.64940475167225	2.3598909305316425
12.973431785251814	1.7603177486111958	383.3876654342235	76.1545790342688	306.9976862282778	381.9505319068442	2.3614691141901565
12.969732100529678	1.7636862934185265	383.6938788424368	76.43353353622582	307.49033869092125	382.25396195930915	2.363046889460292
12.975475701658889	1.767042648958926	384.00009225065014	76.71248803818287	307.752375337737	382.55494983974313	2.3646246647304277
12.974052153762361	1.770386884645541	384.3058946331427	76.99144254013989	308.17648293895877	382.85750425784977	2.3661980197019026
12.97471081727905	1.7737190309646056	384.61156871613633	77.27039704209692	308.5472021917665	383.15951416238477	2.367769994900592
12.97820815202336	1.7770391447782752	384.91724279912995	77.54935154405395	308.84690649416797	383.4604185924078	2.369341970099282
12.979357979683328	1.7803472640247167	385.22261586866756	77.82830604601098	309.19868083734343	383.76183960877677	2.370910647719832
12.981700213276387	1.783643449727369	385.5277722120456	78.10726054796801	309.51352616234607	384.0629831753006	2.3724769511227777
12.983464647841231	1.7869277440245646	385.8329285554236	78.38621504992503	309.8391296443107	384.3637379078007	2.374043254525724
12.985479165415438	1.7902001933402063	386.13789174072457	78.66516955188207	310.15640270856284	384.66440432558744	2.3756074000047733
12.987611298267666	1.7934608488080799	386.44255175038404	78.94412405383909	310.46212540865673	384.96504160205274	2.377168158465419
12.989489598639755	1.7967097584251708	386.7472117600435	79.22307855579612	310.77283217147436	385.26535417198994	2.3787289169260655
12.99091368362672	1.799946965574645	387.0517835929533	79.50203305775315	311.0873212756937	385.5656232646412	2.3802886695457235
12.99143590925393	1.8031725200754247	387.3559685100974	79.7809875597102	311.41435181135296	385.8660928643228	2.381844008578612
12.994636653101596	1.8063864710579347	387.66015342724154	80.05994206166721	311.6857691481703	386.1657013512735	2.3833993476115007
12.996816680339215	1.8095888610381279	387.9643383443856	80.33889656362425	311.971026793095	386.4652845015838	2.384954686644389
12.998811198138407	1.812779740193682	388.2680824861562	80.61785106558126	312.25607915151375	386.7649013940977	2.3865048847712704
13.004684097216396	1.8159591544771918	388.5718134009919	80.89680556753831	312.4626366255804	387.0635051592866	2.388054928628126
13.000384360818513	1.8191271508526463	388.8755443158276	81.17576006949533	312.8654090246614	387.364094637659	2.3896049724849804
13.004320853145687	1.822283772427109	389.17895254269575	81.45471457145234	313.10144589766804	387.6627679650895	2.3911511623345425
13.005989196717433	1.8254290718742534	389.4822504069472	81.73366907340937	313.381334476266	387.9619553532731	2.3926960340738157
13.007905069570251	1.8285630916793019	389.7855482711986	82.0126235753664	313.6500518864273	388.2606544932775	2.3942409058130893
13.009456674306135	1.8316858748722453	390.0886364624739	82.29157807732344	313.921628522443	388.55940898256296	2.3957832088440094
13.011417174821917	1.834797472212	390.39152210082955	82.57053257928045	314.18506865220326	388.85805685653077	2.39732303039455
13.013103281679529	1.8378979281908578	390.6944077391853	82.84948708123748	314.4493698364643	389.1564764174853	2.3988628519450903
13.014778775800204	1.8409872850642592	390.9971909930647	83.12844158319453	314.7081825073048	389.45475105858435	2.400401384443022
13.015549471586857	1.8440655921684697	391.2996851136655	83.40739608515156	314.98345864570524	389.7532322542613	2.4019362766624575
13.018457545671371	1.8471328938355749	391.60217923426626	83.68635058710858	315.2177082335232	390.05103906536937	2.403471168881893
13.01995997440536	1.8501892325523996	391.9046718901631	83.96530508906562	315.4697098792702	390.3489246023191	2.405006042109238
13.021855036944459	1.8532346548234049	392.2067950942259	84.24425959102264	315.7142835347825	390.6467078345332	2.4065361248376096
13.023415683465728	1.8562692062717796	392.5089182982888	84.52321409297967	315.9645588851643	390.9445283433124	2.4080662075659816
13.025062953711505	1.8592929306904278	392.81104150235166	84.80216859493669	316.2072128378801	391.2419689966598	2.4095962902943526
13.026615457094271	1.8623058704637805	393.112906748991	85.08112309689372	316.4484988899929	391.539423848129	2.4111229200153246
13.028634558641278	1.865308072876134	393.4146795396559	85.36007759885075	316.6812108129931	391.83675480497766	2.412648312124446
13.03016175117492	1.868299580628857	393.71645233032075	85.63903210080777	316.9214826379415	392.1339192644788	2.414173704233568
13.031993288958365	1.8712804360003652	394.018073879922	85.9179866027648	317.14898358880686	392.4309163017468	2.415697000660566
13.03356188965652	1.87425068512777	394.31951667039823	86.19694110472183	317.38066492470386	392.72796473691403	2.4172178200995442
13.035197555063647	1.8772103708805399	394.6209594608744	86.47589560667886	317.6108621530636	393.024841249408	2.4187386395385224
13.036774824037861	1.8801595348473965	394.92234942029	86.75485010863589	317.8388857829447	393.32153037013666	2.420258698830815
13.037720955427847	1.8830982212731602	395.2234825413734	87.03380461059292	318.0725532198483	393.618366089236	2.4217750626681136
13.038880298335878	1.8860264748672768	395.5246156624568	87.31275911254995	318.30236287788483	393.91510363699433	2.423291426505413
13.041806585577401	1.888944335409637	395.8257487835402	87.59171361450699	318.50203454149147	394.21111008587366	2.4248077903427117
13.044068284111498	1.8918518460889246	396.1266291758067	87.870668116464	318.7092803314074	394.507271392251	2.426320364851043
13.044786090238063	1.8947490523061232	396.42747288282914	88.14962261842105	318.9381303819531	394.803807532541	2.4278323893134415
13.046490110012503	1.8976359937688223	396.72831658985166	88.42857712037807	319.15047279500624	395.09985527507615	2.4293444137758393
13.048173882258178	1.9005127116925298	397.02900780136304	88.70753162233508	319.36282044210117	395.39582954067185	2.430854045713837
13.049732351572468	1.9033792499716917	397.32958228063177	88.98648612429211	319.5735510215509	395.6918211730924	2.4323618462225873
13.051404779510833	1.9062356506834972	397.63015675990044	89.26544062624914	319.7789333973877	395.98766832742535	2.433869646731338
13.052457536199558	1.9090819530184444	397.93066888091795	89.54439512820618	319.99400352843725	396.2834916450185	2.435376418559206
13.054170951548254	1.9119182003669555	398.2309942556948	89.8233496301632	320.1981043008082	396.57914071984374	2.436880109763683
13.055898962385946	1.9147444343005018	398.5313196304716	90.10230413212022	320.3993778248188	396.87476273009287	2.4383838009681593
13.056190962188097	1.9175606930532363	398.8316450052485	90.38125863407727	320.61923739356035	397.1704900402369	2.439887492172636
13.05808644755157	1.9203670209141643	399.13175847824346	90.6602131360343	320.81350007942916	397.4658028285368	2.4413874869215832
13.06029614150327	1.9231634565507203	399.4318548143106	90.93916763799132	321.0024395527288	397.76102649106616	2.4428871827306593
13.061869032665566	1.9259500425485014	399.73195115037777	91.21812213994835	321.2006771729396	398.0562363032311	2.444386878539735
13.065082921896176	1.9287268144124423	400.0319239171234	91.49707664190538	321.36796788114015	398.3509395796133	2.4458842793121334
13.064533238786032	1.9314938186497554	400.3318112279758	91.77603114386241	321.5933043955016	398.6465922004905	2.447380092923522
13.066870566519658	1.934251091150254	400.63169853882823	92.05498564581943	321.77353153464963	398.9414429149385	2.448875906534911
13.067356617685595	1.9369986740066238	400.93153886715925	92.33394014777646	321.9823030521308	399.23659643362265	2.450370783353547
13.068801918546704	1.9397366058169845	401.23123711886143	92.61289464973349	322.172229435866	399.5314937854404	2.451862827281306
13.072704388334644	1.9424649254519217	401.5309353705636	92.89184915169052	322.3226483072945	399.82574497151137	2.4533548712090645
13.071852374606575	1.9451836724836513	401.8306336222658	93.17080365364754	322.54532869440874	400.12103792089397	2.4548469151368235
13.073183853540646	1.9478928868628678	402.1301800914863	93.44975815560458	322.7344050446021	400.415734866787	2.4563356765331243
13.073954254593698	1.9505926077223372	402.42970920722604	93.7287126575616	322.9311460998472	400.710570814271	2.4578240626335015
13.07611356149659	1.953282873327641	402.7292383229658	94.00766715951863	323.10227950138716	401.00494070734715	2.4593124487338787
13.077283933865317	1.9559637214848642	403.02868713313404	94.28662166147566	323.28794903581377	401.29946916934307	2.4607989265629424
13.076721747764365	1.9586351917167828	403.3280669975034	94.56557616343271	323.4994740973808	401.5944387363583	2.46228376605873
13.079808864494753	1.9612973232844872	403.6274468618728	94.84453066538973	323.65570614386274	401.88843770830425	2.463768605554518
13.085725797136615	1.9639501514665616	403.9268046389196	95.12348516734676	323.7686584934747	402.18151444393163	2.4652528585658873
13.082896813653225	1.9665937162618825	404.2260551019496	95.40243966930377	324.00762338681454	402.4769053203255	2.466734262069429
13.084293555116748	1.9692280555247788	404.52530556497976	95.68139417126082	324.18390822851717	402.77116654212585	2.468215665572971
13.085155647248307	1.9718532063679095	404.8245560280098	95.96034867321784	324.36786633227587	403.0654626118603	2.4696970690765125
13.08903777352459	1.974469205375512	405.12371931732315	96.23930317517487	324.5065600988839	403.3588939935968	2.4711758267359314
13.089549244002432	1.9770760909697545	405.4228601982962	96.51825767713188	324.6936503355283	403.6532105130722	2.472653904270911
13.08967603006739	1.9796739011587832	405.7220010792693	96.79721217908893	324.88312079402584	403.94760745608517	2.4741319818058907
13.090653214882094	1.9822626705992503	406.0211049004989	97.07616668104595	325.05994410202476	404.2416655885351	2.475608731762538
13.092002877351996	1.9848424371495592	406.3201559915605	97.35512118300298	325.2310514878214	404.53561856364496	2.477083592784669
13.0939355342013	1.9874132373784468	406.6192070826221	97.63407568496	325.3933056407902	404.829399818278	2.4785584538067997
13.09439742565759	1.9899751079436034	406.9182565919994	97.91303018691704	325.57511162426573	405.1234859383836	2.4800332446328954
13.0958735309885	1.9925280840871078	407.2172376612575	98.19198468887407	325.7396731449047	405.41726931940707	2.4815049980479875
13.096916526419479	1.9950722037716215	407.5162187305156	98.47093919083109	325.9102312945909	405.7111607015528	2.4829767514630796
13.10184806801867	1.997607501101974	407.81519979977367	98.74989369278813	326.0240978114056	406.00393730713466	2.4844485048781717
13.102028265713265	2.0001340125594247	408.11414943375024	99.02884819474517	326.2065850252542	406.29796453622185	2.485918382934333
13.100863958771015	2.002651773655344	408.41308022909783	99.30780269670218	326.4074948292908	406.59235196568113	2.4873871371198266
13.101660651907187	2.00516082001839	408.71201102444553	99.58675719865921	326.5768523117941	406.8861916177017	2.4888558913053203
13.102172475481417	2.007661186449926	409.01093506870046	99.86571170061625	326.7500638020616	407.1800377052328	2.4903240063996166
13.103196192984042	2.0101528945794502	409.3098353208991	100.14466620257328	326.9157147350961	407.473728380049	2.4917898692223845
13.104816652163583	2.0126360210071557	409.6087355730977	100.4236207045303	327.07253383138396	407.76724876754287	2.4932557320451525
13.106935092137228	2.0151105586213016	409.9076358252963	100.70257520648732	327.2218876048393	408.06059248237557	2.4947215948679204
13.107362697074892	2.017576556326554	410.2065273070314	100.98152970844436	327.3919483563506	408.35437357137124	2.4961852024519895
13.108419213793598	2.020034047489255	410.50541673248955	101.26048421040139	327.55270923666444	408.6479707805295	2.4976482812845653
13.110416479710008	2.02248306803576	410.80430615794756	101.5394387123584	327.699849462436	408.94130168444536	2.4991113601171406
13.11015800773054	2.0249236503228087	411.1031990691854	101.81839321431544	327.8788406572135	409.2352270413024	2.5005733878594705
13.112741370535716	2.027355829350884	411.4020973728202	102.09734771627247	328.017077392522	409.5283285341759	2.502033789596613
13.11252653605582	2.029779638464079	411.700995676455	102.3763022182295	328.1931437268872	409.8222362246138	2.503494191333755
13.115059608242316	2.0321951119803185	411.99989398008984	102.65525672018653	328.328790594797	410.11533640861467	2.504954593070897
13.114746641820414	2.034602282996348	412.29881996964184	102.93421122214357	328.5042287323702	410.40924028428884	2.506412504072785
13.117066306012577	2.0370011846976386	412.59774684762994	103.21316572410059	328.64231905636325	410.7023674026919	2.507870335147426
13.118522461319406	2.039391849789606	412.896673725618	103.49212022605762	328.79231905361314	410.9957549685709	2.509328166222067
13.119606582229366	2.041774312617272	413.19562662563135	103.77107472801464	328.9473349958125	411.2892401199265	2.510784668453663
13.120435793015417	2.044148604888731	413.49460176805655	104.05002922997168	329.10318049087783	411.58278830844296	2.5122400348522915
13.121705464255676	2.04651475936834	413.79357691048176	104.3289837319287	329.2522477169764	411.8762050686641	2.5136954012509194
13.12134120533416	2.0488728092897963	414.0925590922409	104.60793823388573	329.4239687776779	412.1701003560984	2.515150523258071
13.12398933872549	2.051222786500013	414.3916021856499	104.88689273584275	329.5532255593926	412.4631193159323	2.5166035305355985
13.123682666409836	2.053564723059512	414.6906452790589	105.16584723779978	329.72374573820133	412.7570000071208	2.5180565378131257
13.126126038379304	2.055898651217662	414.989688372468	105.4448017397568	329.8550417432286	413.0500694481791	2.519509545090653
13.126948745734369	2.0582246033271603	415.2887895211164	105.72375624171383	330.00648777281214	413.3436422699734	2.520961059204955
13.127747797732582	2.060542611620185	415.58792025098893	106.00271074367086	330.1580443130246	413.6372201751491	2.5224118124991093
13.129084142280387	2.06285270540584	415.88705098086143	106.2816652456279	330.3018893296217	413.9306334310616	2.5238625657932645
13.130211268102213	2.065154919112024	416.18620488933254	106.56061974758492	330.4484094219182	414.22413133135876	2.5253128549142905
13.130807392899053	2.0674492806271045	416.48544294247296	106.83957424954195	330.60213043172985	414.5178126340364	2.5267614589595726
13.132016213819984	2.069735823398068	416.78468099561337	107.11852875149897	330.7464646857377	414.8113015340356	2.528210063004855
13.133014454994914	2.0720145785073907	417.0839190487538	107.39748325345602	330.8916394455474	415.10484763433743	2.5296586670501373
13.134268271234818	2.0742855770501256	417.38325418751094	107.67643775541303	331.03304521425736	415.398392032033	2.5311057080298234
13.135313260710102	2.076548849642561	417.68261925436803	107.95539225737006	331.1771102223527	415.69198864065976	2.5325522671710576
13.135974133626306	2.0788044235862064	417.98198432122507	108.2343467593271	331.32629241943977	415.9856947936629	2.5339988263122915
13.137037343620216	2.081052334539416	418.2813945590854	108.51330126128413	331.4696558646622	416.2793242719816	2.5354447878529776
13.138129150417498	2.083292609243712	418.580906336005	108.79225576324114	331.6119736714936	416.57299032045637	2.5368894060584903
13.142699547342861	2.0855252784203926	418.8804181129246	109.07121026519818	331.70427495723175	416.86558389324375	2.5383340242640036
13.140193815174122	2.0877503728887525	419.17992988984406	109.3501647671552	331.8939016199324	417.16033021220375	2.539778642469517
13.140748524246385	2.089967922084322	419.4795825817184	109.62911926911224	332.041138402418	417.45425025958417	2.541221704876532
13.141994191672287	2.092177956032016	419.7792607731341	109.90807377106927	332.17859194087066	417.7479611963803	2.5426644857509837
13.141880873270244	2.0943805025925473	420.0789389645499	110.1870282730263	332.33469709860015	418.0420805383674	2.544107266625435
13.143893445201149	2.096575592476276	420.3786881160648	110.46598277498333	332.4610312421446	418.33560215236076	2.5455493863980894
13.144658539814094	2.0987632567822905	420.67855243663104	110.74493727694036	332.60236329447315	418.6295766854578	2.546990433194976
13.145775749238721	2.1009435209890044	420.9784167571973	111.02389177889738	332.7386329837331	418.92342984973834	2.548431479991863
13.146708089256629	2.1031164162461375	421.2782810777635	111.30284628085441	332.8772266580359	419.2173377406806	2.5498725267887496
13.14738403474754	2.105281971813523	421.57833304465805	111.58180078281144	333.0191493955505	419.51147219057435	2.551312086713262
13.178617082199121	2.1861993254611587	433.6449766462189	122.73998086109259	338.2484892700967	431.3217569124153	2.6086251326611776
13.200484750449135	2.257057687574411	445.9122567682276	133.89816093937375	343.0053135369253	443.2948958011504	2.6657326902687974
13.213986817333739	2.31923116082422	458.4868989532436	145.0563410176549	347.41607937331787	455.5288373790408	2.7231523883253743
13.222360904243939	2.3738526514917284	471.4824106370871	156.21452109593602	351.5179161401774	468.1262173681107	2.78140503336858
13.224037397464617	2.421666150370045	489.23944880014903	167.37270117421716	355.3725849110312	482.22604655935834	2.859482752289732
13.215784081296434	2.455163816648415	547.0666742327967	178.53088125249832	358.3902058533647	541.2526466529819	3.1107595119615974
13.19771927379633	2.4821919561776142	563.8039443502184	189.68906133077948	361.16778246876777	557.6761074450693	3.1821252763212433
13.177525014397386	2.5054318094181802	580.5412144676402	200.84724140906062	363.76904568640145	573.9276491358328	3.2524420045465066
13.152761847014313	2.5255756486898804	597.278484585062	212.00542148734172	366.2745740730253	590.1675353971478	3.321761565407428
13.126357363882684	2.5431035509319773	614.0157547024838	223.16360156562288	368.6599364968738	606.3936723398193	3.3901321440856966
13.09840855585793	2.5583852290939273	630.7530248199056	234.32178164390402	370.94196251143813	622.6065654638908	3.4575962667325824
13.069278351454354	2.571718747479873	647.4902949373272	245.47996172218518	373.12986227319686	638.8063600753984	3.5241964246713833
13.039094727358359	2.583350580379066	664.2275650547491	256.63814180046626	375.23417597651456	654.9934279607756	3.5899694185454334
13.008528274788173	2.593487842454982	680.9648351721708	267.79632187874745	377.25233129746283	671.1671287885308	3.6549497931111876
12.977906769750614	2.602306557472532	697.7021052895925	278.9545019570286	379.1863984664325	687.3276772988153	3.7191700146023714
12.94614401421986	2.6099576045744404	714.4393754070144	290.1126820353098	381.0672311533787	703.4769898523896	3.782660631239518
12.915987078122358	2.6165711961137705	731.176645524436	301.2708621135909	382.8428463930587	719.6107925857665	3.845450418750857
12.885092821029211	2.6222603437122105	747.9139156418572	312.429042191872	384.5695332385136	735.7332551360263	3.907564440601028
12.858361519400697	2.6271236088481427	764.6511857592789	323.58722227015323	386.1411579540882	751.8352084579926	3.9690287178832913
12.823600843158166	2.6312473219487007	781.3884558767007	334.74540234843437	387.84276264811706	767.9407994571552	4.029865985992953
12.793278577608866	2.6347073854376113	798.1257259941223	345.9035824267155	389.39151244835875	784.0260626281005	4.090097751928379
12.763026855177403	2.6375707639750336	814.8629961115439	357.06176250499664	390.8922334090216	800.0991941672669	4.1497447668343606
12.733382266422788	2.6398967279002195	831.6002662289658	368.21994258327777	392.3346368839288	816.1594116442088	4.20882629910583
12.703840089538625	2.641737886358802	848.3375363463877	379.37812266155896	393.7346551146329	832.2080203590333	4.267360993549362
12.67562151479966	2.643141065233209	865.0748064638094	390.5363027398401	395.0632946506721	848.2420272871263	4.325366532132565
12.646046325051147	2.6441480466938883	881.8120765812313	401.69448281812123	396.39265237842744	864.2685375664297	4.382858142648173
12.617563232680629	2.6447961987906816	898.549346698653	412.85266289640236	397.6615155216481	880.2812759467247	4.439852811364112
12.589680855052503	2.6451190201884347	915.2866168160748	424.01084297468344	398.88428232091616	896.281542840467	4.496363828398484
12.563652133508336	2.6451466011068088	932.0238869334966	435.16902305296463	400.0274105606875	912.2653151393853	4.552406168462588
12.534601617774658	2.6449060223557055	948.7611570509181	446.32720313124577	401.2290027568304	928.2481799813652	4.6079930603657155
12.507759555321046	2.644421702295978	965.49842716834	457.48538320952696	402.34450436794606	944.2137803849768	4.663137090408233
12.481491235566558	2.643715702712551	982.2356972857614	468.64356328780804	403.4206787689179	960.1671671211758	4.7178503405440235
12.455279904869942	2.642807976744767	998.9729674031831	479.8017433660893	404.4739356274666	976.1101862526353	4.772144414473825
12.429712009797713	2.641716613200323	1015.7102375206049	490.95992344437036	405.48819641444004	992.0408221519573	4.826030462096721
12.404625282272615	2.6404580275952907	1032.4475076380263	502.1181035226515	406.469179959949	1007.9596424154167	4.879518874363418
12.378836534385355	2.639047138720635	1049.1847777554478	513.2762836009326	407.45453194543995	1023.8713963862502	4.932619339884402
12.355071616183615	2.637497525290972	1065.9220478728698	524.4344636792138	408.36069754297614	1039.765236639133	4.985342504836276
12.330562746325567	2.6358215606706694	1082.6593179902911	535.5926437574949	409.27479384389954	1055.6523949320353	5.037696412204671
12.307006708057528	2.6340305348268056	1099.396588107713	546.7508238357761	410.14412817748007	1071.5258315349242	5.089691166629902
12.283653270888793	2.6321347606616157	1116.1338582251349	557.9090039140572	410.99327377161245	1087.3887556467696	5.14133411819019
12.260111428895804	2.6301436686642954	1132.8711283425566	569.0671839923383	411.83609321483124	1103.2431072029142	5.192634111618452
12.237910931430369	2.6280658924021565	1149.6083984599784	580.2253640706195	412.6224868601643	1119.0816614612074	5.243599018056466
12.215606827309488	2.6259093408199483	1166.3456685774001	591.3835441489007	413.40094737556217	1134.911267086105	5.294236257532484
12.194746448329836	2.6236812714214692	1183.0829386948215	602.5417242271818	414.1193170709751	1150.724088101674	5.344553011352944
12.171820595532928	2.6213883438357146	1199.8202088122434	613.699904305463	414.8989272267961	1166.538414937617	5.394556232039862
12.150322334690708	2.6190366781527827	1216.5574789296647	624.858084383744	415.62015699727505	1182.3361169063708	5.444252652764052
12.129164639776782	2.616631901731117	1233.2947490470863	636.0162644620251	416.32077203936467	1198.1228473362698	5.493648796304223
12.10831916147684	2.614179192236832	1250.0320191645078	647.1744445403064	417.0022100343898	1213.8987655450533	5.542750983559909
12.088055240688263	2.6116833188359667	1266.7692892819293	658.3326246185874	417.65509894551013	1229.662255371358	5.59156534164438
12.067995144839353	2.6091486755705167	1283.5065593993513	669.4908046968686	418.29324043742525	1245.415512836572	5.640097811581845
12.04805756286078	2.60657931293286	1300.2438295167728	680.6489847751498	418.9202235497744	1261.159101126736	5.688353192304589
12.028335955522843	2.603978969255242	1316.9810996341948	691.8071648534309	419.53295498098754	1276.892496492667	5.736337840654597
12.008177468557866	2.601351095297002	1333.7183697516166	702.965344931712	420.1564528203194	1292.6201039387358	5.784056703679923
11.989939571974414	2.598698877167722	1350.4556398690386	714.1235250099932	420.7019803883205	1308.326102642114	5.831514694324429
11.971106027971874	2.596025259023037	1367.1929099864608	725.2817050882744	421.2646789559078	1324.0273494742278	5.878716989096652
11.952014354541554	2.5933329629799453	1383.9301801038823	736.4398851665554	421.83286239489127	1339.7218614689548	5.925668313699214
11.934430878167726	2.590624504912391	1400.6674502213039	747.5980652448367	422.3377907078564	1355.3968269378843	5.972372911588532
11.916475470736788	2.5879022134712932	1417.4047203387254	758.7562453231178	422.85303411850134	1371.0658314163697	6.0188358290864254
11.898819583607587	2.585168242694607	1434.1419904561476	769.914425401399	423.3523026798803	1386.723986609959	6.0650612422451715
11.880528598517895	2.582424586228036	1450.8792605735696	781.07260547968	423.87363012570336	1402.3787030181422	6.111052781076915
11.865484910015526	2.5796730895272404	1467.6165306909909	792.2307855579612	424.26058995695735	1417.9987881594122	6.156815083953715
11.847048907874262	2.5769154611553424	1484.3538008084129	803.3889656362423	424.7815111026052	1433.6379622743736	6.202352045911619
11.830275739898363	2.5741532838502255	1501.0910709258346	814.5471457145234	425.23207925104293	1449.2551042827756	6.247667465593262
11.814465190879709	2.571388024067263	1517.8283410432566	825.7053257928047	425.6401373914159	1464.8554886354393	6.292765048341449
11.797272713186015	2.568621039731564	1534.5656111606781	836.8635058710857	426.10303777327726	1480.4596286627973	6.337648409171469
11.782142810412479	2.5658535818538586	1551.3028812781001	848.0216859493669	426.47740712388975	1496.0369785183354	6.382321075627749
11.764664001921552	2.5630868234454884	1568.0401513955214	859.1798660276481	426.9487233407171	1511.6276331602414	6.426786490530109
11.750405655675964	2.560321837498853	1584.7774215129432	870.3380461059293	427.2817655430965	1527.1799591379124	6.471048014614684
11.734058012698092	2.5575596221670507	1601.514691630365	881.4962261842104	427.7018408666368	1542.743884576836	6.515108929074234
11.718806768833675	2.554801103005453	1618.2519617477867	892.6544062624915	428.07366903492607	1558.2889906416433	6.558971916264874
11.70354432884671	2.5520471336905386	1634.9892318652082	903.8125863407726	428.44442132658816	1573.8260942311736	6.6026404814725295
11.68860484716875	2.5492985063304165	1651.7265019826305	914.9707664190539	428.79993717521984	1589.3523731404111	6.6461177406107685
11.676497720304472	2.5465559504915363	1668.463772100052	926.128946497335	429.0298212509767	1604.8399033124767	6.689406388074162
11.65899834827641	2.5438201441850303	1685.201042217474	937.2871265756161	429.49589734253124	1620.3765710036766	6.732509000208277
11.64525456945256	2.541091709727439	1701.938312334896	948.4453066538972	429.79545772079786	1635.865033932808	6.77542899546849
11.630539026734784	2.5383712248580106	1718.675582452318	959.6034867321786	430.13764727589574	1651.3561454952305	6.818168273412432
11.616423085123584	2.5356592211827738	1735.4128525697397	970.7616668104596	430.45234779061144	1666.8326155634797	6.860730177038099
11.603394454626839	2.5329561888507954	1752.1501226871615	981.9198468887407	430.7172335506032	1682.2884379970817	6.90311668232122
11.589498349122627	2.530262579776819	1768.8873928045832	993.0780269670219	431.0210529613714	1697.7462911452299	6.945330890790633
11.57609686841086	2.5275788069564746	1785.6246629220047	1004.236207045303	431.30195411434994	1713.190302309457	6.987374465592342
11.563821020285674	2.5249052538956813	1802.3619330394267	1015.3943871235842	431.5306793458239	1728.6124117699121	7.0292505859847365
11.549356361738244	2.5222422696144156	1819.0992031568478	1026.552567201865	431.8600144747795	1744.0537544346064	7.070961026129548
11.5366022229932	2.519590175267424	1835.8364732742698	1037.7107472801463	432.1105565372193	1759.4658433826753	7.112508153118801
11.523629152283034	2.516949262632474	1852.5737433916916	1048.8689273584273	432.3711701630295	1774.8728185963234	7.153894461196574
11.498351659449542	2.51170203190749	1886.0482836265348	1071.1852875149898	432.8612178944464	1805.654436340842	7.236192425291238
11.483796757387159	2.5090961812285206	1902.7855537439568	1082.3434675932708	433.1977807977266	1821.0599980439692	7.277108292013858
11.473796515490095	2.5065024444885133	1919.5228238613788	1093.501647671552	433.31834499812953	1836.394842695812	7.317871571887478
11.46141455822187	2.503921004663632	1936.2600939788003	1104.659827749833	433.5523309063456	1851.75484230142	7.358484207371721
11.449642611852163	2.501352024212359	1952.9973640962216	1115.8180078281143	433.7574767018304	1867.0983420074822	7.398948104844469
11.43783130008513	2.4987956498458814	1969.7346342136436	1126.9761879063956	433.9649179443421	1882.4345740569572	7.439265135472575
11.426096214324568	2.4962520109890733	1986.471904331065	1138.1343679846766	434.1694066590399	1897.761911545259	7.479437136056894
11.414557185397138	2.493721222440454	2003.2091744484865	1149.2925480629576	434.36490537971247	1913.0785461135442	7.519465909852467
11.403089089882892	2.491203385977818	2019.9464445659087	1160.450728141239	434.55752476654425	1928.386353890308	7.5593532273647766
11.390882095402679	2.4886985902092578	2036.6837146833307	1171.6089082195201	434.78708017877165	1943.6981548948534	7.599100827122841
11.380546668929703	2.486206909106309	2053.420984800752	1182.7670882978011	434.9254421352936	1958.9726814017215	7.638710416429999
11.36937995313942	2.4837284101800985	2070.158254918174	1193.9252683760824	435.1055086124602	1974.252661180307	7.6781836720931045
11.358299533640094	2.4812631463886623	2086.8955250355953	1205.0834484543634	435.2822293768471	1989.5236056857746	7.717522241130864
11.347643083472622	2.4788111617934794	2103.632795153018	1216.2416285326447	435.4386835261099	2004.7798350989774	7.756727741462052
11.336882135644379	2.476372492401438	2120.370065270439	1227.399808610926	435.60118032115383	2020.030128824075	7.795801762574235
11.326362669815932	2.4739471629000276	2137.1073353878605	1238.557988689207	435.7524778779247	2035.2686313911747	7.834745758123603
11.315787886332267	2.4715351933335765	2153.844605505282	1249.716168767488	435.90748254113873	2050.500458259858	7.873560978351356
11.308332350130138	2.4691365934913243	2170.5818756227045	1260.8743488457694	435.9058832541936	2065.668839291774	7.912249275300574
11.295090823484173	2.4667513683442577	2187.3191457401267	1272.0325289240504	436.1978500579377	2080.9333011395943	7.950812132403676
11.284925959299615	2.4643795142791323	2204.056415857548	1283.1907090023315	436.33538084611615	2096.1349976094416	7.989250695422571
11.275170704615897	2.46202102243626	2220.7936859749707	1294.3488890806127	436.45305772000444	2111.321452836929	8.027566325195625
11.264953025219167	2.459675878423773	2237.530956092392	1305.5070691588937	436.59544752517917	2126.5089802093157	8.06576077219514
11.255099677464557	2.45734406213187	2254.2682262098137	1316.665249237175	436.7203206584701	2141.682077053789	8.10383494415422
11.245469495355898	2.4550255489701813	2271.005496327235	1327.8234293154562	436.8348454725232	2156.843267819028	8.141790327973611
11.236270721630792	2.452720308971997	2287.7427664446577	1338.9816093937372	436.9282115281173	2171.988290800253	8.179628428161802
11.226256113554005	2.4504283083306904	2304.4800365620786	1350.1397894720183	437.0649472008636	2187.1419784403784	8.217349944197881
11.21685412566079	2.4481495095016634	2321.2173066795017	1361.2979695502997	437.1712465535192	2202.2758961344343	8.254956889905719
11.207479668487123	2.4458838717089657	2337.954576796923	1372.4561496285808	437.27746042802204	2217.401708094551	8.292449570760125
11.198165992041003	2.4436313476844305	2354.691846914345	1383.6143297068618	437.3817618596003	2232.518754063036	8.329830129071217
11.188019104379475	2.4413918917800337	2371.429117031767	1394.772509785143	437.5311044082093	2247.64609953678	8.367098851129455
11.179079659609778	2.43916545168658	2388.1663871491887	1405.930689863424	437.61845753104456	2262.7404430701185	8.404257644883835
11.17067663356843	2.4369519734102116	2404.90365726661	1417.0888699417053	437.67878399085555	2277.8154759367767	8.441307134570753
11.16283811758808	2.4347514013921163	2421.6409273840322	1428.2470500199865	437.710437533884	2292.8701513897854	8.478248648038953
11.152357226919152	2.432563674986512	2438.3781975014535	1439.4052300982676	437.8832564388687	2307.976201913088	8.51508348776936
11.144454509176647	2.4303887360601633	2455.1154676188758	1450.5634101765488	437.92083482016335	2323.0169912154074	8.551812072053675
11.135761150679352	2.428226519848761	2471.852737736297	1461.72159025483	438.00169977891926	2338.0681076890355	8.588436099615091
11.12665867365149	2.4260769614412103	2488.5900078537197	1472.879770333111	438.10580685351704	2353.121397701973	8.62495656730456
11.118195105952505	2.4239399944686224	2505.327277971141	1484.0379504113923	438.1772469924068	2368.152430170397	8.661373929569875
11.110425809457077	2.421815552087805	2522.0645480885623	1495.1961304896734	438.21285874188317	2383.1593427408825	8.697689710846337
11.10195002959229	2.419703564061223	2538.8018182059845	1506.3543105679544	438.28783294062754	2398.1756545608655	8.733904883014883
11.093783700999653	2.4176039592968155	2555.5390883234068	1517.5124906462356	438.3475730455964	2413.1770271315477	8.770020380333122
11.085476167276191	2.415516666996016	2572.276358440828	1528.6706707245164	438.416366646319	2428.1744832697877	8.806036762880444
11.077483026570098	2.4134416133034504	2589.0136285582503	1539.828850802798	438.46960069579825	2443.156688887806	8.841955363806218
11.069461220886254	2.411378725238097	2605.7508986756716	1550.9870308810791	438.52582058898065	2458.1321877409446	8.877777086346908
11.0619698920353	2.4093279273312924	2622.4881687930924	1562.14521095936	438.55464177246256	2473.0865613674027	8.913502821550313
11.053842962422538	2.4072891448354765	2639.2254389105146	1573.3033910376412	438.6194743604754	2488.049969991278	8.949133448489516
11.045745099869407	2.4052623009184644	2655.962709027937	1584.4615711159224	438.6842449326117	2503.0054156834663	8.984669834472246
11.038289408288247	2.4032473201434756	2672.6999791453586	1595.6197511942034	438.7154150253874	2517.9364297281063	9.020112793586092
11.03055018029848	2.4012441246335072	2689.437249262781	1606.7779312724847	438.7635523921819	2532.867646359965	9.055463124805648
11.020847361385922	2.3992526365108406	2706.174519380202	1617.936111350766	438.9210585473825	2547.8456973769667	9.09072178301602
11.018032169169516	2.3972727778429923	2722.911789497625	1629.094291429047	438.7015143219375	2562.6257093258478	9.125889589771441
11.009066009949914	2.3953044713074405	2739.649059615047	1640.2524715073282	438.8214995896672	2577.5688936520914	9.160967355857146
11.000736744301253	2.3933476367467046	2756.3863297324688	1651.4106515856095	438.9081386624302	2592.4875765544434	9.1959558814731
10.992405856939893	2.3914021971405854	2773.1235998498896	1662.5688316638903	438.99655579828004	2607.399627414228	9.230855956413922
10.98599980755982	2.389468073090864	2789.860869967311	1673.7270117421715	438.98001728673023	2622.248792075022	9.265668360245021
10.690966991840554	2.3055059915233276	3626.7243758383947	2231.6360156562287	438.5491200161055	3354.3596984693495	10.90885029989261
10.580518148531338	2.271280266122388	4045.15612877394	2510.5905176132574	437.4754965082249	3712.064100009991	11.670889252536753
10.487557191575199	2.2410645139109393	4463.587881709482	2789.545019570286	436.1174713743646	4064.3111793630296	12.401112035010167
10.408611504338975	2.2142033832301307	4882.019634645026	3068.4995215273148	434.5906848520727	4411.162253924187	13.103733579308527
10.34064335891873	2.1901740192987225	5300.4513875805615	3347.454023484343	432.9958259128497	4752.708375936898	13.78209340391447
10.282070200774186	2.1685565227795958	5718.883140516101	3626.4085254413717	431.35880067566677	5088.963422362587	14.43889304286482
10.230436843146673	2.149010642957753	6137.314893451643	3905.3630273984004	429.76534325300753	5420.092900893379	15.076355798789361
10.185404640529848	2.1312580480374375	6555.746646387178	4184.317529355429	428.1849215068692	5746.060265030438	15.696338839837095
10.14604077373849	2.1150689297292944	6974.178399322721	4463.272031312457	426.6284084502434	6066.905417847625	16.30041302771242
10.11216324463313	2.1002518366128893	7392.610152258261	4742.226533269486	425.0700358563103	6382.559827719715	16.88992157939
10.080336184521048	2.086642867289755	7811.041905193809	5021.181035226515	423.67374597795583	6693.584595426944	17.466024275877977
10.052580999095227	2.074115088651267	8229.473658129358	5300.1355371835425	422.29704603207165	6999.576287869919	18.02973132578905
10.028124879750095	2.062543175340369	8647.905411064898	5579.090039140572	420.9581769662147	7300.636391373377	18.58192862641765
10.00592951586433	2.0518305404064803	9066.337164000448	5858.044541097601	419.6946010127149	7596.9740821410915	19.123399210229046
9.990150378022912	2.041891105105014	9484.768916935995	6136.9990430546295	418.2589796848698	7887.408570200202	19.654838788776736
9.984368845436807	2.0326500986810907	9903.200669871532	6415.953545011657	416.44761773613817	8170.550870793279	20.176868910959968
9.956067944560335	2.024042228391001	10321.63242280708	6694.908046968686	416.00855021212243	8456.450853556524	20.690048416620925
9.940738611044736	2.0160101972940536	10740.06417574263	6973.862548925715	414.99972198302885	8734.35557371044	21.194881000457396
9.928544908396391	2.008496988056745	11158.495928678176	7252.817050882743	413.946127047537	9007.148075576164	21.69182337426369
9.91632696539012	2.0014774059033895	11576.927681613719	7531.771552839771	413.00655233169806	9275.95434395293	22.181291165849967
9.906053821028946	1.9948921841866858	11995.35943454927	7810.726054796801	412.06738303786113	9540.032110916636	22.66366356902221
9.897079508677784	1.9887123757704306	12413.791187484796	8089.6805567538295	411.1550940720363	9799.611897860681	23.13928808875551
9.889299914181905	1.9829062331814322	12832.222940420343	8368.635058710857	410.26813220496695	10054.728394941698	23.608483910960008
9.882963834143968	1.9774452480894669	13250.654693355877	8647.589560667886	409.38754770814603	10305.246683131603	24.071545344843038
9.886514001266368	1.9723037348049952	13669.086446291421	8926.544062624915	408.0798597418834	10546.678140674858	24.5287442318719
9.870539594209294	1.967458486357257	14087.518199226983	9205.498564581943	407.83124422588475	10794.613453878894	24.98033243607948
9.865796942209501	1.9628884759465557	14505.949952162535	9484.453066538972	407.0765302154389	11032.823058556756	25.426543676311038
9.861562959313432	1.9585746078628228	14924.381705098072	9763.407568496	406.35533690086515	11266.998461515468	25.867595701556752
9.85782825739412	1.954499490532124	15342.81345803362	10042.36207045303	405.664094143783	11497.185407210423	26.303691444446564
9.856237578502418	1.9506472549228708	15761.245210969153	10321.316572410058	404.91824154458453	11722.319209834419	26.735020545591947
9.851878646734548	1.9470033860811082	16179.676963904692	10600.271074367085	404.3559253906599	11945.683523915486	27.161760357330582