28.382674912641598	0.08186168569606778	35.01889990375193	0.11158180078281144	0.21926186974739212	29.42314902622758	0.2294761402266479
27.641770240697547	0.08321373215704085	56.00181385488425	0.22316360156562287	0.16964892259207845	45.838738242152175	0.36638318336958964
26.83433892584748	0.08412053650494968	72.04827648580353	0.33474540234843436	0.14312977282693629	59.51381247828058	0.4708744562489539
26.655930269292238	0.08653140692622104	81.10687321179608	0.44632720313124574	0.11056400213515243	70.98732377518685	0.5297225169962301
25.816045958412317	0.08964351049144294	90.14122176324858	0.5579090039140573	0.09426161745451377	78.92916323992486	0.5884123560085507
25.510632233044056	0.09351022418067965	97.0036548044586	0.6694908046968687	0.07703501150416726	86.10946335922631	0.6325701430208444
24.865723215220463	0.09808744128249584	101.25525164665608	0.7810726054796802	0.06441478610460978	94.30146334271618	0.6592591071306456
24.363387806718706	0.10347096747597125	105.50684848885356	0.8926544062624915	0.05173119779557157	98.66426263710478	0.6859480712404469
23.71699265879324	0.10924524599950719	109.75844533105104	1.004236207045303	0.045385242815485956	102.71746229944176	0.7126370353502481
12.792134408148895	0.5526437527238907	245.11840180934104	11.158180078281145	108.20242257996381	242.56449039513973	1.563983909281709
12.742262311043623	0.5871555101549841	253.6540410384029	12.273998086109259	117.4949594955068	251.06878325606058	1.6161407807104244
12.70314227468177	0.6199291101522424	261.7296771082521	13.389816093937375	125.8490451845769	259.108636761203	1.6652806910331768
12.668838322403348	0.6511410853015032	269.40553577977784	14.505634101765487	131.80510260383375	266.75024764979014	1.7117989672106333
12.649619523398043	0.6809410772448864	276.72257684770744	15.621452109593601	137.18930556072803	274.03280903034465	1.7559693827879308
12.625578827812985	0.7094615764908471	283.6973660638568	16.73727011742172	142.5035281082216	280.9880748295598	1.7979135809894156
12.613189611900346	0.7368265153738458	290.32130709036545	17.853088125249833	147.34273066968737	287.6118773951306	1.8376007940358814
12.596907351534428	0.7631594304985789	296.55435630294664	18.968906133077947	152.06915889997555	293.8856849106818	1.8748119035482038
12.620750455376296	0.7885909600607529	302.3243170849087	20.084724140906058	155.60811381678423	299.7342832644513	1.9091371977593692
12.574737798635814	0.8132575073414523	307.5813468777778	21.200542148734172	160.77644574372917	305.14255832581466	1.940304129351474
12.570050673447428	0.8372900713482198	312.31411688530454	22.316360156562286	164.7888305121408	310.0346292167403	1.9682683620732653
12.572596414528297	0.8608016530233912	316.56985371361674	23.4321781643904	168.52817998552567	314.439834839075	1.993331289848967
12.557562722007322	0.8838795106473366	320.4223873227176	24.547996172218518	172.6623191713441	318.4270375879916	2.0159461404573342
12.551297816081576	0.9065853011384098	323.94764799962604	25.663814180046632	176.5191763192221	322.0598675231534	2.036573402932906
12.550434096938057	0.9289600529774927	327.2136614429314	26.779632187874743	180.19222320073794	325.40829499338275	2.0556236958128506
12.548212341326675	0.9510302835877549	330.2674004873572	27.89545019570286	183.86640969021562	328.52691647938224	2.0733797724211636
12.545477955811906	0.9728129404526734	333.1494221903847	29.011268203530975	187.5259026534346	331.4618368637	2.0900863608286406
12.544939817780127	0.994319103199606	335.8817331353983	30.12708621135909	191.09824326355985	334.23747250677036	2.105875997026233
12.547268193441264	1.0155562368342816	338.4870848098266	31.242904219187203	194.56147305154803	336.8789710005235	2.1208867501992463
12.548650303950664	1.0365297012010544	340.9800469832447	32.35872222701532	198.01038163739506	339.403401936408	2.135207279995852
12.55121386223028	1.0572436382625265	343.3698962596384	33.47454023484344	201.3865643663826	341.82332338468467	2.148894192484402
12.553161528253897	1.0777014818515747	345.6679022360754	34.590358242671556	204.7434495872226	344.14598036203205	2.162016623290788
12.557192916564125	1.0979063565180185	347.88298438089134	35.70617625049967	208.00418513320156	346.3831769201356	2.1746294085671227
12.563917998727156	1.1178611077889093	350.01820033495136	36.82199425832778	211.15072398657438	348.5394734813115	2.1867514147302507
12.564355924534459	1.137568548228972	352.0826798349083	37.937812266155895	214.4504967960248	350.6252190061271	2.198438812977867
12.568220236519732	1.1570313545036697	354.08156037183886	39.053630273984005	217.6172117759677	352.6397767980309	2.2097232076980533
12.573372170757828	1.1762522085783003	356.01733729820046	40.169448281812116	220.71435332890417	354.5917987561233	2.220619925087584
12.578113131360464	1.1952337810667417	357.895708268973	41.28526628964023	223.79398646587626	356.4855530851119	2.231163910221167
12.583953117624045	1.2139786978552582	359.72109476354655	42.401084297468344	226.81084790780005	358.324447862834	2.2413822180334435
12.5881224343688	1.2324895735459365	361.49709706858107	43.51690230529646	229.85098722747767	360.1127312415512	2.2512968118086305
12.595071943768223	1.250769008516769	363.2271742836863	44.63272031312458	232.77563199778257	361.8529139852542	2.260928747755207
12.601536732796472	1.2688195886231872	364.91463246444573	45.7485383209527	235.68788837046012	363.5490805326967	2.270298111420608
12.607501315037853	1.2866438832222042	366.56128201136875	46.86435632878081	238.5884543220745	365.2044382739949	2.2794157325533293
12.60859684413723	1.3042444201458983	368.1703001054622	47.980174336608926	241.61885475950564	366.82296000870184	2.2883008346676252
12.62903822719519	1.3216237355069798	369.7452614150065	49.095992344437036	243.99625503564593	368.401392727546	2.2969751143008343
12.626422527240337	1.338784355022903	371.2888440288006	50.211810352265154	247.08936736333513	369.9501840358511	2.3054547518855095
12.632791721462866	1.355728783810368	372.8009246843826	51.327628360093264	249.8587597209818	371.4669986925338	2.3137384883466328
12.639810176475844	1.3724594613346441	374.285320536936	52.44344636792138	252.57624475053234	372.95515092678414	2.321849539223142
12.644815307320657	1.3889788917442216	375.74479663483083	53.559264375749486	255.32943773805943	374.41510910478416	2.329804685620662
12.652410706490052	1.4052894918092989	377.17796551082523	54.6750823835776	257.96667395417245	375.8510566408142	2.3375946092295723
12.659047337225527	1.4213936969601255	378.59046406157063	55.79090039140572	260.606354271575	377.26197076678045	2.3452541735517243
12.659047337225527	1.4213936969601255	378.59046406157063	55.79090039140572	260.606354271575	377.26197076678045	2.3452541735517243
12.66045507158231	1.42538778209665	378.93910912566065	56.06985489336274	261.2700592942839	377.61254314857644	2.347140708027838
12.662299701558146	1.4293691669543729	379.28775418975056	56.348809395319776	261.91737457067467	377.9595573857611	2.349027242503953
12.664275890578832	1.4333378543015247	379.6347764238208	56.6277638972768	262.5585964152867	378.30645254582083	2.3509034610196378
12.666034469961444	1.437293923160239	379.9800710809213	56.90671839923384	263.20487037660445	378.6523067931529	2.3527686977224143
12.667443276666495	1.4412373899214048	380.32536573802173	57.185672901190856	263.86111958593784	378.99589008673684	2.35463393442519
12.671207207278943	1.4451682853051036	380.6680673153953	57.464627403147894	264.43571556373456	379.3389714411189	2.3564826259912777
12.670692662541212	1.449086667040092	381.01013571807465	57.74358190510491	265.15408644827687	379.6808845355787	2.3583272775883053
12.672420520033707	1.452992549527676	381.35191491497426	58.02253640706195	265.7945880688342	380.02108704772485	2.3601700763762734
12.674302713650098	1.4568859842394786	381.69088038953697	58.301490909018966	266.4272798455834	380.3612534117512	2.361994848933073
12.675411356590585	1.460767014484917	382.0298458640998	58.580445410976004	267.0848165767445	380.69869806231577	2.3638196214898723
12.677702221968506	1.4646356491865258	382.36775883346877	58.859399912933036	267.7003158849784	381.035588957138	2.365637620997133
12.676972210985483	1.468491956611251	382.70374386058137	59.13835441489007	268.41756622364375	381.3726397548495	2.3674432138687864
12.68049691492063	1.4723359629081267	383.0397288876939	59.41730891684709	268.9870221521028	381.7062084974342	2.36924880674044
12.682073688325199	1.4761676834230724	383.3740444655939	59.69626341880411	269.6211577178155	382.0401810605406	2.3710436038168368
12.684286974734581	1.479987189712919	383.7071706661637	59.975217920761146	270.2318044882549	382.372917416934	2.3728307095696266
12.686152298518987	1.48379449921905	384.04029686673346	60.25417242271817	270.8528289107752	382.7038837429291	2.3746178153224164
12.689040471355899	1.4875896356721225	384.3712705486636	60.53312692467521	271.43627366350876	383.0346270911823	2.376390926632537
12.689177456658935	1.4913726718836215	384.70165867482353	60.812081426632226	272.1127726833284	383.36436561011243	2.3781602309945997
12.68989922633035	1.49514360992169	385.03204680098344	61.091035928589264	272.7674490723528	383.6927429683152	2.3799295353566627
12.69330857001796	1.4989024944267957	385.35992100473584	61.36999043054628	273.3276090793552	384.02054621128013	2.3816823991212974
12.692296362436915	1.5026493786513382	385.6876909357639	61.64894493250332	274.0388411376672	384.34733136491593	2.3834345809611923
12.695786693778762	1.5063842709078277	386.0151944815637	61.927899434460336	274.5915446410568	384.6724109386448	2.38518500936268
12.697593588166995	1.510107226084701	386.34046522454923	62.206853936417374	275.2011453032926	384.99784190097455	2.3869207406946797
12.698579518878521	1.513818282395904	386.6657359675348	62.4858084383744	275.83764584196564	385.32123803767536	2.3886564720266796
12.700370915464028	1.517517454992889	386.99046869235053	62.76476294033144	276.44392175152547	385.6440830058489	2.390388636531089
12.702520568204969	1.521204799645278	387.31335838740813	63.043717442288454	277.0354964214102	385.9668466502706	2.3921085825459376
12.702238702947714	1.5248803508661417	387.6362480824658	63.32267194424548	277.7102180867292	386.28776432134	2.3938285285607863
12.704880586972862	1.528544123028823	387.95841588412213	63.60162644620251	278.2813663044674	386.6079508547065	2.3955436507513683
12.706454412878209	1.5321961775066992	388.2790418139413	63.88058094815954	278.8871771588997	386.92828092645175	2.3972484698712027
12.708243599270544	1.5358365412527266	388.5996677437604	64.15953545011656	279.4834473472229	387.24629357065334	2.3989532889910374
12.710213694010747	1.5394652335378711	388.9194647452537	64.4384899520736	280.0717336969457	387.56425959773765	2.400652520290704
12.71182803912067	1.5430823133713851	389.23794334876663	64.71744445403063	280.6705410038278	387.88211642050163	2.402342864246804
12.714254658746231	1.5466878058307107	389.5564219522796	64.99639895598766	281.23804722072583	388.197745373009	2.4040332082029034
12.714817531649	1.5502817335291723	389.8740308802855	65.27535345794469	281.8692210620997	388.5137679938266	2.405717632213687
12.716116888750216	1.553864152600597	390.1904777702326	65.5543079599017	282.47282082015545	388.8294066466273	2.4073941461457022
12.717907850491013	1.557435088964755	390.5069246601797	65.83326246185874	283.0565432746742	389.1430403726455	2.409070660077718
12.720568630533098	1.5609945658642999	390.82251724038844	66.11221696381577	283.60739496984695	389.45648070612737	2.410741295001694
12.721367257062543	1.5645426354616752	391.13704722455475	66.3911714657728	284.22189594012616	389.77011425740534	2.4124046175770033
12.725901468934234	1.568079327257746	391.451577208721	66.67012596772985	284.70266820137766	390.08113863559305	2.414067940152312
12.729040301639412	1.571604662354959	391.76531457592966	66.94908046968686	285.22992803765453	390.39245379171524	2.4157257412816335
12.725884718999414	1.5751186946705573	392.078041681829	67.2280349716439	285.976477343882	390.7049888652991	2.417376504833472
12.726276957296115	1.578621449181682	392.39076878772835	67.50698947360091	286.5962965730926	391.0150006291162	2.41902726838531
12.727623444808613	1.5821129513577121	392.7028019087906	67.78594397555796	287.17936716973486	391.3248017180462	2.420673130650019
12.73057784354496	1.5855932513225972	393.01383941157275	68.06489847751497	287.7037039751461	391.63421048470775	2.422311961333056
12.731325393100732	1.5890623770859178	393.3248769143549	68.34385297947202	288.30366429731566	391.9423523327045	2.4239507920160923
12.733523309673751	1.5925203479812031	393.6353470222576	68.62280748142904	288.84947172954	392.25015950637936	2.4255855525794052
12.735207751257516	1.5959672230523994	393.9448074756161	68.90176198338607	289.410795649687	392.5581021397889	2.427213070541449
12.736587824175809	1.5994030228822826	394.2542679289746	69.1807164853431	289.9808316602721	392.8645174289381	2.428840588503493
12.73835662344976	1.602827770244901	394.5633069664817	69.45967098730013	290.5338667583143	393.17074918243003	2.4304650293952483
12.739722498833052	1.6062415175640352	394.8713022363442	69.73862548925715	291.09827047606836	393.4770638468878	2.4320818489637985
12.7377446231893	1.609644291881819	395.17929750620675	70.01757999121418	291.77716887319264	393.782790158701	2.4336986685323487
12.743412386068165	1.613036115705103	395.4870285776755	70.29653449317121	292.1858751842054	394.08659552133497	2.435313519312303
12.744132121036602	1.616417035011485	395.7936698784605	70.57548899512823	292.76433024557883	394.391480389789	2.4369202491946864
12.75070821380297	1.6197870800631813	396.10031117924547	70.85444349708526	293.1364062470282	394.69402065610694	2.4385269790770696
12.744740662326544	1.6231462770727125	396.4068490093824	71.13339799904229	293.94182022898235	394.9989250488038	2.4401329195206776
12.74872772768816	1.6264946634015713	396.71224694261207	71.41235250099933	294.3972395143673	395.30162678626203	2.4417301630165484
12.750025280406703	1.6298322771752347	397.01764487584165	71.69130700295635	294.94416169613476	395.60413572853037	2.4433274065124193
12.75150684249057	1.6331591401536258	397.32304280907124	71.97026150491338	295.47984107044624	395.90604489581426	2.4449246500082897
12.75329997304264	1.636475287660807	397.6273608693823	72.2492160068704	296.00216288745736	396.20787811934264	2.4465134245376485
12.754809178090955	1.639780761192663	397.9316254644442	72.52817050882744	296.5315715221948	396.5092478872662	2.448101779762664
12.758627642944505	1.643075581323263	398.23589005950606	72.80712501078446	296.97670999574416	396.80939091639743	2.44969013498768
12.75565231845213	1.646359781205002	398.53933055231204	73.08607951274149	297.6523104529874	397.11104613041215	2.4512718133616804
12.757877797364916	1.6496334032753035	398.8425713091692	73.36503401469851	298.14622459435293	397.4112574121027	2.4528518734811953
12.76081928650745	1.6528964690900259	399.14581206602634	73.64398851665555	298.6113061334424	397.71045940069433	2.45443193360071
12.760756937175229	1.6561490093726199	399.4484668987603	73.92294301861257	299.17623725042824	398.0103290074452	2.4560070577819397
12.763396184854958	1.6593910646992185	399.75079283241087	74.20189752056959	299.64424185195253	398.3095356224585	2.457579411253596
12.764202875320882	1.662622660452319	400.05311876606146	74.48085202252663	300.1713175135666	398.60818951578966	2.4591517647252528
12.766411292025479	1.6658438258659458	400.3550733975545	74.75980652448366	300.64758329397296	398.90651861565857	2.460720837993844
12.768040522017472	1.6690545982577478	400.6565930840499	75.0387610264407	301.13853831492514	399.20497174119214	2.4622860688179813
12.767521892114141	1.672255006370768	400.9581127705453	75.31771552839771	301.6985777830672	399.5031565204012	2.4638512996421196
12.770691255914745	1.675445077570991	401.259446692512	75.59667003035476	302.1300927650359	399.80034442209814	2.4654147893203513
12.772583328922115	1.6786248464422544	401.56026831634443	75.87562453231178	302.60175803041926	400.09781328002606	2.4669734772971763
12.77347862637392	1.681794347241925	401.86108994017684	76.1545790342688	303.101267757645	400.39502930674456	2.4685321652740013
12.774408869381835	1.6849536022322336	402.1618771610296	76.43353353622582	303.5954476721081	400.6919126082064	2.4700905054455355
12.798201045794213	1.6881026469248794	402.46210856370544	76.71248803818287	303.33935598384085	400.9835162974213	2.47164322643803
12.777457322568656	1.6912415123757942	402.76233996638126	76.99144254013989	304.53285026171125	401.28514004166846	2.473195947430524
12.783839958921547	1.6943702265790854	403.0625713690571	77.27039704209692	304.8394946497195	401.58005370103757	2.4747486684230178
12.785974610659693	1.6974888193631912	403.36239822667125	77.54935154405395	305.27862038865413	401.87593916302126	2.4762968678537978
12.781858257314065	1.7005973243583627	403.66214695628855	77.82830604601098	305.91477201234477	402.17321505293813	2.4778441940553795
12.783158042548102	1.7036957702781534	403.9618956859058	78.10726054796801	306.3708643039017	402.46870191395436	2.479391520256961
12.784776202031324	1.706784182687889	404.26141665928503	78.38621504992503	306.8144906710457	402.7641069248256	2.480935918265061
12.78582752992592	1.7098625967010046	404.5607900206071	78.66516955188207	307.2703955969002	403.0596371954427	2.4824784184693183
12.787084218345006	1.7129310384073542	404.8601633819291	78.94412405383909	307.7164358757829	403.3547191852759	2.4840209186735756
12.78883280032021	1.7159895390250255	405.1594387594246	79.22307855579612	308.14249875395893	403.64959581481287	2.4855618627365015
12.789020510211563	1.7190381278218663	405.4585438654955	79.50203305775315	308.6126887306356	403.9448323597245	2.487100102614356
12.79114900787551	1.7220768340100843	405.75764897156637	79.7809875597102	309.0190723133681	404.23940346831176	2.4886383424922105
12.792229550908635	1.725105685689302	406.0567355632082	80.05994206166721	309.4530845696699	404.53404326761637	2.49017615791501
12.793944422749533	1.7281247118685112	406.3556793868521	80.33889656362425	309.8639658804842	404.8285271690614	2.491710700290722
12.795144351659443	1.7311339433617714	406.65462321049597	80.61785106558126	310.2860570599597	405.12306017762654	2.493245242666434
12.796553174209533	1.7341334071162735	406.9535670341399	80.89680556753831	310.69787831916926	405.41733615745716	2.494779785042146
12.796626719476734	1.7371231316277442	407.2524642660257	81.17576006949533	311.1451519250054	405.71192395187325	2.4963116403812236
12.798875706867344	1.740103145704929	407.55135369148377	81.45471457145234	311.5238058669196	406.00598261717727	2.497843045508542
12.800478062507038	1.7430734786001547	407.8502431169418	81.73366907340937	311.91813900709957	406.30003779179344	2.4993744506358597
12.801900883885775	1.74603410301766	408.1584317678547	82.0126235753664	312.3127905249294	406.59411480501535	2.500951728792291
12.804765567875354	1.7489848129554388	408.47304210840764	82.29157807732344	312.66370596986224	406.88781067757765	2.5025606851091493
12.804466357439685	1.7519256085824217	408.78765244896056	82.57053257928045	313.09947240085927	407.1822152663942	2.5041696414260084
12.805731605933286	1.7548564780979528	409.1107208225074	82.84948708123748	313.4892930721846	407.476191945965	2.5058204041192718
12.806764950429445	1.75777719173055	409.4428095153133	83.12844158319453	313.87816403793556	407.77018092067607	2.507515752458217
12.808275821740802	1.760687731871845	409.77489820811917	83.40739608515156	314.25314669882374	408.06883455115894	2.509211100797162
12.813514102017026	1.763588074320129	410.1174314492014	83.68635058710858	314.51650607579546	408.3771178937145	2.5109581695494287
12.810847965840626	1.7664779654807763	410.46905477099585	83.96530508906562	315.0002862168939	408.6874001297954	2.5127502515199898
12.810814460568304	1.769357396032573	410.8206780927903	84.24425959102264	315.40474619359094	408.99956155641655	2.5145423334905517
12.813109531078968	1.7722262788619547	411.18866546784824	84.52321409297967	315.74125092072035	409.32562383393383	2.5164155881867702
12.815448034575446	1.7779316596143575	411.9387181760967	85.08112309689372	316.4654941317655	409.9810584644545	2.520231952989526
12.816367766796342	1.7807679225888071	412.3372246074637	85.36007759885075	316.83107304234045	410.32651022220637	2.522256793437973
12.81791955343818	1.783593004478517	412.7357310388307	85.63903210080777	317.17203943461664	410.67170413221487	2.5242816338864205
12.81918764654405	1.7864068331892426	413.15260358835184	85.9179866027648	317.51963917904055	411.02356218984437	2.526397860131617
12.820339030223998	1.7892090628708919	413.5795747648165	86.19694110472183	317.8663950520621	411.39028696096864	2.528564334941129
12.828711046830938	1.791999659392413	414.0176250773273	86.47589560667886	318.0164181346563	411.7546331550718	2.5307860130085844
12.822821917517238	1.7947782382419766	414.47744019044313	86.75485010863589	318.54565876501624	412.1387563298151	2.533116137068297
12.827804576168356	1.7975446913780426	414.9445938831728	87.03380461059292	318.77931965810933	412.5283086963179	2.5354828728961136
12.837546640641534	1.8002986118012625	415.4427269223815	87.31275911254995	318.886197715765	412.9188648011599	2.5380041629713426
12.825860695600436	1.8030397983020527	415.95029760931874	87.59171361450699	319.5536565194151	413.34206637057116	2.5405725915421637
12.826049735611466	1.8057677653745285	416.4937154702737	87.870668116464	319.90357926516475	413.7607328608773	2.543320067043219
12.827272377929821	1.80848223624499	417.05824804856394	88.14962261842105	320.2259008978172	414.2031703980625	2.5461731160152654
12.829239169526684	1.8111825559693338	417.6560076956143	88.42857712037807	320.52240683656083	414.6528985077945	2.5491923001490635
12.831538662958382	1.8138682925954768	418.3024168381654	88.70753162233508	320.80854359490104	415.1233146989469	2.552454962783593
12.831169648762309	1.8165386547726428	418.98657329433274	88.98648612429211	321.1610583251943	415.6109171893241	2.5559066261694516
12.833393982305783	1.8191926904262592	419.7337728531456	89.26544062624914	321.44087099106906	416.12059333454454	2.5596740724408673
12.833684912642234	1.821829291002217	420.57848072313	89.54439512820618	321.7681449694679	416.6512095468075	2.5639303039824055
12.833473239719298	1.8244467990506887	421.53936217562295	89.8233496301632	322.1039586604111	417.21689309469707	2.568769234518692
12.834811358068363	1.827042688316197	422.68599522176913	90.10230413212022	322.3953510162503	417.79815237642606	2.5745403175859627
12.834633618564597	1.8296123095982961	424.2863006674956	90.38125863407727	322.722178631668	418.4410050978999	2.58258946437798
12.837519516654284	1.8316376068667808	708.1619212860165	90.6602131360343	322.9028559411569	418.97872794527393	4.0092282371818815
12.837298971684724	1.8317828346598155	712.0488881981225	90.93916763799132	322.92613375127655	419.1306797922475	4.028758898509113
12.837024516103444	1.8318837536393764	714.3227357009112	91.21812213994835	322.9452348184938	419.3329502081008	4.040180450380089
12.836664267750159	1.8319575236849948	716.0924366303831	91.49707664190538	322.9630732986331	419.57174638638566	4.049066654964984
12.835248167388045	1.8320108252573388	717.6011969392148	91.77603114386241	323.0043891159315	419.8476889947905	4.056640101890434
12.835215166643138	1.8320475765874122	718.940178069715	92.05498564581943	323.00955789134514	420.18507558983345	4.063359131839691
12.834569715960956	1.832070419998319	720.1590570469368	92.33394014777646	323.0280919600307	420.550155531129	4.069473544186596
12.83388340638911	1.832081291108658	721.2805733453051	92.61289464973349	323.0461431153484	420.96509279413505	4.07509765302569
12.832632006403001	1.8320816895423373	722.3226426835123	92.89184915169052	323.07683680508825	421.4478043295763	4.080321538640966
12.830966096882271	1.8320728090104865	723.304355082622	93.17080365364754	323.1166182513661	421.99093893389926	4.085241264872488
12.831824490586254	1.8320556354243724	724.2342034224795	93.44975815560458	323.0930297392813	422.62668619333266	4.089899546647487
12.83012043228136	1.8320309944437971	725.1161677276924	93.7287126575616	323.1317962702195	423.42263329230843	4.094316361631189
12.829085943566833	1.8319995931880004	725.9598568495612	94.00766715951863	323.15318377941065	424.4606222836984	4.0985400949023365
12.827684278936273	1.8319620411980653	726.7967203554325	94.28662166147566	323.1828866002132	426.45188223565424	4.10272828783628
12.82647746900207	1.8319188379122393	727.6335838613037	94.56557616343271	323.207072339397	710.8239718229753	4.106915111669754
12.825643413630212	1.8318704150983278	728.4704473671748	94.84453066538973	323.2213847095102	713.3730310591932	4.111100568908351
12.824413718755682	1.8318171404929504	729.3073108730458	95.12348516734676	323.2448843932025	715.2550242747782	4.115284662049754
12.823258150671043	1.8317593502679308	730.1441743789169	95.40243966930377	323.2659876957567	716.809130779007	4.119467178389258
12.822174629423838	1.831697339048365	730.9810378847881	95.68139417126082	323.28477983068007	718.1860817328866	4.123648220700198
12.820861646536931	1.831631373478553	731.8179013906591	95.96034867321784	323.30876738480424	719.4177801464301	4.127827906611374
12.818941970059544	1.8315616949350726	732.6547648965302	96.23930317517487	323.3473468718077	720.5480661206616	4.13200623858927
12.815707128153154	1.8314885248140957	733.4916284024011	96.51825767713188	323.4181542421342	721.6026835266155	4.136183219092623
12.816391298184358	1.831412065792156	734.3284919082722	96.79721217908893	323.39127481769714	722.584004951736	4.140358850572476
12.813857659882359	1.8313325043125268	735.1653554141433	97.07616668104595	323.44391290717465	723.5182031084742	4.144532947976401
12.812373674268194	1.8312500124505995	736.0022189200146	97.35512118300298	323.4701246001542	724.4047179732509	4.148705557204742
12.812299160732557	1.8311647504897424	736.8390824258855	97.63407568496	323.46094057738804	725.2498699292153	4.152876824976207
12.816926213000462	1.8310768653797904	737.6759459317566	97.91303018691704	323.3344191587147	726.0444461735077	4.157046753711394
12.80909967597241	1.830986497510035	738.5128094376278	98.19198468887407	323.51746298109015	726.8611821533611	4.16121534582336
12.808054404709859	1.8308937748035334	739.3496729434988	98.47093919083109	323.53147482756725	727.6657194869248	4.165382603717657
12.806365499182217	1.8307988193285987	740.1865364493699	98.74989369278813	323.5612422996844	728.4713784035374	4.169548349564742
12.804680276583984	1.8307017444336464	741.023399955241	99.02884819474517	323.5906628729731	729.2770051991238	4.1737126133306575
12.801250566804411	1.8306026552097605	741.860263461112	99.30780269670218	323.6633701859762	730.0857690519063	4.17787555031778
12.801345077492664	1.830501654251628	742.6971269669832	99.58675719865921	323.64790954144587	730.8880941750261	4.1820371629019615
12.80013310292453	1.8303988345255013	743.5339904728543	99.86571170061625	323.6648173706944	731.6927595013559	4.186197453451706
12.798343725758286	1.8302942899575183	744.3708539787254	100.14466620257328	323.69559594583734	732.4984318477601	4.190356424328206
12.796673174315933	1.8301881008600767	745.2077174845965	100.4236207045303	323.72301021891593	733.3038840003728	4.194513885059134
12.79512124544048	1.830080346493166	746.0445809904676	100.70257520648732	323.7473289291867	734.1090721949033	4.1986698894847105
12.793264752987744	1.8299711112773605	746.8814444963386	100.98152970844436	323.7789484164947	734.9147844834561	4.202824581551134
12.791365129476887	1.8298604634280726	747.7183080022097	101.26048421040139	323.8114667794524	735.7205136563789	4.2069779635906075
12.788693378401257	1.829748461282902	748.5551715080807	101.5394387123584	323.86281526510254	736.527686771734	4.211130037928176
12.787927749007821	1.8296351832855975	749.3920350139517	101.81839321431544	323.86715366141925	737.3312860588277	4.215280806881759
12.785982467141979	1.8295206873189749	750.2288985198228	102.09734771627247	323.9003586331298	738.1370493451516	4.2194300480177045
12.78654778513355	1.8294050323101823	751.0657620256939	102.3763022182295	323.8716035501337	738.9380788460815	4.223577877762029
12.782809951499104	1.829288276371336	751.9026255315649	102.65525672018653	323.94869638034413	739.7471409565774	4.227724409314555
12.780826391432239	1.8291704695654298	752.739489037436	102.93421122214357	323.98247118954777	740.552887115405	4.231869644964906
12.77741933549206	1.829051667669601	753.5763525433072	103.21316572410059	324.051265233934	741.3612944573663	4.236013586995729
12.777404506339918	1.828931917760875	754.4132160491782	103.49212022605762	324.0362435059536	742.1632623736176	4.240156237682729
12.775660327677151	1.8288112672710695	755.2500795550493	103.77107472801464	324.06379195081206	742.9684669619302	4.2442973238434325
12.77347253541871	1.828689761584099	756.0869430609204	104.05002922997168	324.10220990625413	743.7744860964627	4.248437062136631
12.77182217979257	1.8285674430183867	756.9238065667914	104.3289837319287	324.1272542206953	744.5794530337714	4.252575516159082
12.77000529828399	1.8284443529100365	757.7606700726625	104.60793823388573	324.1563302109264	745.3847075765498	4.256712688158866
12.768216764638037	1.8283205307484682	758.5975335785336	104.88689273584275	324.1846233565847	746.1898781599708	4.260848580377264
12.766319584699566	1.8281960164980762	759.4343970844046	105.16584723779978	324.2155327885909	746.9952281274404	4.264983188489473
12.764335359621407	1.8280708430601613	760.2712605902756	105.4448017397568	324.2485319220814	747.8007174949696	4.269116189970157
12.762094378202788	1.8279450498001022	761.1081240961466	105.72375624171383	324.2878420725704	748.6066761069986	4.273247918646444
12.760307134918131	1.827818665769015	761.9449876020177	106.00271074367086	324.31583339285726	749.411729196584	4.2773783767325355
12.757510205960786	1.8276917260553371	762.781851107889	106.2816652456279	324.368858400169	750.2187171749874	4.2815075664359705
12.758058685577254	1.8275642599523785	763.6187146137602	106.56061974758492	324.3386610592556	751.0191593659808	4.285635489957661
12.75449714250438	1.8274362983881078	764.4555781196312	106.83957424954195	324.41061470072816	751.8275876321591	4.289762057194472
12.750750072915082	1.8273078692798257	765.2924416255022	107.11852875149897	324.48720155498	752.6363681326291	4.2938871160432175
12.75077258503184	1.8271790005008615	766.1293051313734	107.39748325345602	324.4698646327153	753.4377274449888	4.298010915572982
12.748886164494934	1.8270497170350197	766.9661686372444	107.67643775541303	324.50002870581017	754.2428019349359	4.302133457958232
12.745427011350467	1.8269200479180614	767.8030321431156	107.95539225737006	324.56873918245486	755.0509568285978	4.306254745366941
12.745021948806423	1.8267900110307795	768.6398956489867	108.2343467593271	324.56199510490546	755.8530469392978	4.310374779960618
12.742533252663087	1.8266596395969623	769.4767591548577	108.51330126128413	324.606254683013	756.659233706708	4.314493368510037
12.740691349958073	1.8265289494696006	770.3136226607289	108.79225576324114	324.6346384666995	757.4641098662502	4.318610564094913
12.742588551827646	1.8263979633544982	771.1504861666001	109.07121026519818	324.57120236694703	758.2614873671206	4.322726513615867
12.73541033388443	1.8262667015299103	771.9873496724712	109.3501647671552	324.73056949052705	759.0769748257317	4.326841219208586
12.73352225786463	1.8261351889606992	772.8242131783422	109.62911926911224	324.7600430696209	759.8818661440048	4.330954683002421
12.733262958165664	1.8260034400379104	773.6610766842133	109.90807377106927	324.74942433942925	760.6834505282989	4.335066907120421
12.730245978314176	1.8258714760511505	774.4979401900845	110.1870282730263	324.8066303711188	761.4905557680498	4.339177578333624
12.72802834183281	1.8257393160206004	775.3348036959555	110.46598277498333	324.8441679311278	762.2960272600506	4.343286988714945
12.726277432795554	1.8256069747668777	776.1716672018265	110.74493727694036	324.87019745788723	763.1005273964375	4.3473951660623875
12.724094180517715	1.8254744706100063	777.0085307076976	111.02389177889738	324.90688060684965	763.905877562251	4.351502112473778
12.721751001173951	1.8253418218315451	777.8453942135686	111.30284628085441	324.94751611813626	764.7115290697618	4.355607830040762
12.721026744303195	1.8252090409570112	778.6822577194398	111.58180078281144	324.9481570621661	765.5138476944402	4.359712211005711
12.631071475156048	1.8199183043804716	812.156797954283	122.73998086109259	326.47693597050574	797.7117576706777	4.522851762206625
12.540319490897621	1.8149170532723664	845.6313381891266	133.89816093937375	328.0499561333924	829.876131892745	4.684055222008307
12.449031624873921	1.8103192825749133	879.10587842397	145.0563410176549	329.6771384804746	862.0099189610577	4.8434319294748285
12.35707325025502	1.8061002766316885	912.5804186588134	156.21452109593602	331.36160703979004	894.116212116621	5.001081143353106
12.268771254583543	1.8021967578143225	946.0549588936569	167.37270117421716	332.9926370214314	926.1846605263535	5.157092435164881
12.182172419388273	1.798541035914347	979.5294991284999	178.53088125249832	334.61349911939453	958.2219365459475	5.311547690088577
12.10004520554074	1.7950726403694155	1013.0040393633436	189.68906133077948	336.15012118023844	990.2190419785112	5.464521541866539
12.02072790355784	1.7917414575282342	1046.478579598187	200.84724140906062	337.6397499816082	1022.1814733685452	5.616082193807945
11.942900982814443	1.7885076259680468	1079.9531198330299	212.00542148734172	339.11071457434645	1054.1148639403914	5.766292802614028
11.870579659535213	1.7853402841954922	1113.4276600678731	223.16360156562288	340.4572300360819	1086.0019694400353	5.915211517360162
11.802454699310623	1.7822160386104264	1146.9022003027164	234.32178164390402	341.7121739976504	1117.846451705939	6.062891692723646
11.731419835408373	1.7791175080530597	1180.3767405375597	245.47996172218518	343.05120669028037	1149.6830430338086	6.209383644957758
11.664744539877995	1.7760320582908682	1213.8512807724026	256.63814180046626	344.2907612046549	1181.476762285338	6.354733420340756
11.603556503089088	1.7729507489052032	1247.3258210072468	267.79632187874745	345.39752837206237	1213.218903814216	6.498984146330949
11.541642694490102	1.7698674869305437	1280.8003612420891	278.9545019570286	346.5298536273313	1244.9437677093642	6.6421762823337405
11.48491123848041	1.7667783537781132	1314.2749014769333	290.1126820353098	347.53541720152725	1276.6158024651952	6.784347683581621
11.428909357524521	1.7636810728416583	1347.7494417117757	301.2708621135909	348.52875112313126	1308.2615001447575	6.925533528911977
11.374463316734989	1.76057459745263	1381.2239819466188	312.429042191872	349.48770102852563	1339.8757546317186	7.065767096159265
11.322245315171735	1.7574587861247388	1414.6985221814623	323.58722227015323	350.39373739790307	1371.453887828031	7.205079775867455
11.270160364947287	1.7543341591645678	1448.1730624163067	334.74540234843437	351.30250022127785	1403.010188189057	7.343500774817485
11.222738973069587	1.751201699341656	1481.64760265115	345.9035824267155	352.0917730585222	1434.5092866683678	7.4810582221394
11.129815031760788	1.7449187136525417	1548.596683120837	368.21994258327777	353.63570366885386	1497.428317832018	7.753685748779116
11.085280027322836	1.7417713360772267	1582.0712233556812	379.37812266155896	354.36429023779186	1528.8401780142356	7.888804342942414
11.04116059975376	1.738622282163561	1615.5457635905245	390.5363027398401	355.0877608264735	1560.2283294782922	8.023156357536203
11.000703579175742	1.7354732630108134	1649.0203038253685	401.69448281812123	355.7146798377217	1591.5603324064643	8.156763117075975
10.96037472740103	1.7323259591161742	1682.4948440602127	412.85266289640236	356.3435602330016	1622.8705052356713	8.289644895671698
10.92089000979166	1.7291820172553487	1715.9693842950555	424.01084297468344	356.95571454850455	1654.1513662251232	8.421820706644452
10.882505057028036	1.7260430078014375	1749.4439245298986	435.16902305296463	357.54219346376806	1685.400147727773	8.553309157152356
10.84543555832806	1.722910432471832	1782.918464764742	446.32720313124577	358.09656906446446	1716.6138467361006	8.684127708539886
10.815511893696172	1.719785705165898	1816.3930049995863	457.48538320952696	358.4552750350044	1747.7198377434177	8.81429302489098
10.774593223016355	1.7166701542212164	1849.8675452344296	468.64356328780804	359.13015566685056	1778.9418479502558	8.943821085761652
10.740093257306517	1.7135650136812763	1883.3420854692733	479.8017433660893	359.6295972995531	1810.0640940166288	9.072727224618061
10.709331265679241	1.7104714315996206	1916.8166257041166	490.95992344437036	360.0260528852702	1841.1157282410127	9.201026164567217
10.67436494482442	1.7073904660796753	1950.2911659389595	502.1181035226515	360.55005762768343	1872.205258685241	9.328731825229175
10.643009472702472	1.7043230886498568	1983.7657061738023	513.2762836009326	360.9746371821597	1903.224615709232	9.4558577563404
10.61146449007991	1.7012701951432754	2017.2402464086465	524.4344636792138	361.4110763577838	1934.2260692604407	9.582416783419669
10.583781669947701	1.6982325935862754	2050.7147866434893	535.5926437574949	361.73885950299785	1965.1488307047507	9.708421452437978
10.552578127391001	1.6952110211883071	2084.1893268783324	546.7508238357761	362.17725160348954	1996.106793464644	9.833883640156966
10.524552351434554	1.6922061468619074	2117.6638671131755	557.9090039140572	362.5248732458516	2026.9940660920229	9.95881480229881
10.496067501245843	1.68921857045818	2151.13840734802	569.0671839923383	362.8932681349435	2057.8691773880396	10.08322599399013
10.467361384369008	1.6862488287288728	2184.6129475828616	580.2253640706195	363.27304293342604	2088.7299176591628	10.207127888958365
10.441697023774825	1.683297403400283	2218.0874878177056	591.3835441489007	363.5672101155513	2119.516525951015	10.330530797571722
10.415499922991465	1.6803647158937367	2251.562028052549	602.5417242271818	363.88380276737917	2150.2926489656684	10.453444435986354
10.388755783567321	1.6774511441560493	2285.036568287391	613.699904305463	364.2204114836631	2181.0600819665956	10.575878532369156
10.364822233931587	1.6745570170451207	2318.511108522234	624.858084383744	364.4778551542734	2211.753411305469	10.697842158407875
10.340184868213917	1.671682610207106	2351.9856487570783	636.0162644620251	364.7626977746446	2242.4406306302776	10.819344371240971
10.316078654087706	1.6688281752326883	2385.4601889919227	647.1744445403064	365.03524627967715	2273.0975050898255	10.940393646963589
10.294596599272191	1.6659939137347803	2418.9347292267653	658.3326246185874	365.2322385313703	2303.678395918157	11.060998289419757
10.26952215343774	1.6631799982285156	2452.4092694616097	669.4908046968686	365.54523880017985	2334.3175552408175	11.18116641980238
10.24704046847305	1.6603865660385437	2485.883809696453	680.6489847751498	365.7841365543906	2364.8806729971448	11.300905818323749
10.2246495735242	1.6576137279679988	2519.3583499312963	691.8071648534309	366.0231296753311	2395.4223214470003	11.42022403500694
10.205453899477044	1.654861566120306	2552.8328901661394	702.965344931712	366.1683934963168	2425.868289879676	11.539128273212112
10.182575176911467	1.6521301384974456	2586.3074304009824	714.1235250099932	366.43356136706973	2456.3827458801234	11.65762568845643
10.160983152205192	1.649419477379185	2619.781970635827	725.2817050882744	366.66426019808415	2486.847469087495	11.775723229762686
10.139490636977255	1.6467296011933725	2653.256510870669	736.4398851665554	366.8945501351737	2517.291315948074	11.893427397581313
10.12109236606793	1.6440605001246476	2686.731051105512	747.5980652448367	367.03283165714396	2547.635235814228	12.010744795258724
10.100704384636728	1.6414121523276517	2720.2055913403547	758.7562453231178	367.2387172591203	2578.0118270151047	12.127681560813162
10.083528285733658	1.6387845178211027	2753.680131575199	769.914425401399	367.34744962994046	2608.2808290608727	12.244243943869806
10.062148672453622	1.6361775445841027	2787.154671810041	781.07260547968	367.59491232859466	2638.647363776515	12.360437756295942
10.044013115489014	1.6335911631581819	2820.6292120448857	792.2307855579612	367.7419221190544	2668.9034219968335	12.476268723737299
10.02538822423927	1.6310252943371055	2854.103752279728	803.3889656362423	367.9091900368357	2699.1541555639506	12.5917425176231
10.006482525392375	1.6284798477440183	2887.5782925145713	814.5471457145234	368.09029835994227	2729.3946347264996	12.706864564504592
9.994542659043633	1.6259547224400823	2921.0528327494158	825.7053257928047	368.0509932539351	2759.4004048246597	12.821640153886035
9.973265938244358	1.623449808100115	2954.5273729842584	836.8635058710857	368.3178762619077	2789.6760200653443	12.93607444298471
9.953932928744662	1.6208676920044025	2988.001913219102	848.0216859493669	368.52646737425414	2819.8746015646734	13.050172461282342
9.93860472809038	1.6185001357818654	3021.476453453947	859.1798660276481	368.6082714592828	2849.924212541603	13.163938980623675
9.921833960404296	1.6160551185420386	3054.950993688791	870.3380461059293	368.74095359385126	2880.001423578166	13.277378861866282
9.908615084524303	1.6136297997517755	3088.425533923635	881.4962261842104	368.7617637529394	2909.9368736669926	13.390496800252247
9.893832524698725	1.6112240337325616	3121.9000741584773	892.6544062624915	368.83730209515414	2939.9039846483315	13.50329714748629
9.872864006366383	1.6088376761871952	3155.374614393321	903.8125863407726	369.12075710982504	2970.0730958559357	13.615784472054834
9.858192063136991	1.606470570161143	3188.8491546281643	914.9707664190539	369.2010996966719	2999.999106249515	13.7279629396346
9.84459405944326	1.6039039874853145	3222.3236948630074	926.128946497335	369.24952520450637	3029.8644705560505	13.839836900858197
9.826744555726528	1.601793495510298	3255.798235097851	937.2871265756161	369.44286585934134	3059.870836787866	13.951410235623468
9.813604593658464	1.5994832046483776	3289.2727753326944	948.4453066538972	369.4830915291403	3089.678655074158	14.06268708968754
9.812424691306276	1.59719152582213	3322.7473155675375	959.6034867321786	369.1264874461002	3118.9891367558357	14.173671353515497
9.787622398783194	1.5949182933875743	3356.22185580238	970.7616668104596	369.5639398577157	3149.217716090373	14.284366813889923
9.769173300699439	1.5926633399190426	3389.6963960372245	981.9198468887407	369.7923351985766	3179.180628924483	14.394777176054472
9.762759796521875	1.5903187415089073	3423.1709362720667	993.0780269670219	369.62089822290693	3208.6248859906104	14.504906066131024
9.741661384750982	1.5882075898080308	3456.6454765069116	1004.236207045303	369.94660108651817	3238.667509064412	14.614757033446432
9.738064121439027	1.585942920722841	3490.120016741754	1015.3943871235842	369.68549738440885	3267.938994775028	14.724333552772745
9.71993966336723	1.5838229117138931	3523.5945569765977	1026.552567201865	369.91866775404105	3297.821161408421	14.833639026484915
9.702529928225633	1.5816567922476434	3557.0690972114426	1037.7107472801463	370.1322601191384	3327.659491396867	14.94267678663961
9.689353717157363	1.5795079247290529	3590.5436374462856	1048.8689273584273	370.20558153675495	3357.290782000792	15.051450096978524
9.678419666591308	1.5773761368830088	3624.0181776811296	1060.0271074367085	370.2054918419371	3386.798399279053	15.159962150700357
9.664584914860942	1.5752612567889224	3657.4927179159727	1071.1852875149898	370.3080249478086	3416.4222112229922	15.268215898475859
9.65134518856679	1.573163112184071	3690.967258150814	1082.3434675932708	370.39277688948545	3446.000195974179	15.376214571835034
9.639395292472674	1.5709513739206282	3724.4417983856565	1093.501647671552	370.43685920128183	3475.496940736889	15.483961068977251
9.631557747371854	1.5690163437230582	3757.9163386205	1104.659827749833	370.34318563785837	3504.7679640790816	15.591458297497052
9.618432627096242	1.5669673801848312	3791.3908788553435	1115.8180078281143	370.43358856773233	3534.282454683903	15.698709145717945
9.604598097277602	1.5649846487307764	3824.865419090186	1126.9761879063956	370.55183741866955	3563.8167418492935	15.805716410663676
9.592851889450666	1.5629174498203415	3858.3399593250283	1138.1343679846766	370.60143444105694	3593.225535402378	15.912482768203837
9.581587203766423	1.5609161470486175	3891.8144995598723	1149.2925480629576	370.63745385081864	3622.590589529828	16.01901101364131
9.572636168706746	1.5589303963183663	3925.2890397947167	1160.450728141239	370.59614528380354	3651.811550906554	16.125303725077277
9.558121618569965	1.5567784392398885	3958.763580029558	1171.6089082195201	370.7511255661155	3681.31545068467	16.23136341857097
9.563922420801912	1.5550049015848926	3992.2381202644015	1182.7670882978011	370.2005820677895	3709.6647068875473	16.33719271168621
9.537593426764507	1.5530648306714905	4025.7126604992463	1193.9252683760824	370.77429922149776	3739.799311517866	16.44279407391089
9.527245520817864	1.5511396610850023	4059.1872007340903	1205.0834484543634	370.7930450091947	3769.0158778509694	16.548169930626262
9.516943994469033	1.5492292320538772	4092.661740968933	1216.2416285326447	370.8129738124282	3798.2100374580273	16.653322664193126
9.506568226982946	1.5473333898436632	4126.136281203776	1227.399808610926	370.83831210951485	3827.389109874612	16.758254615004063
9.49546479483698	1.5454519746380522	4159.61082143862	1238.557988689207	370.89212892905283	3856.593167363925	16.86296808250322
9.487045880019165	1.5435848325860246	4193.085361673465	1249.716168767488	370.85389407412316	3885.614351972496	16.967465326174697
9.474356119298708	1.5417318088552472	4226.55990190831	1260.8743488457694	370.96950598915606	3914.8801561562964	17.071748566500766
9.464720097518331	1.5398927523386094	4260.034442143155	1272.0325289240504	370.9797526038861	3943.9381355178634	17.175819985891
9.468725833510371	1.5380675118997946	4293.508982377997	1283.1907090023315	370.50799450693034	3972.098167931069	17.279681698894926
9.447237499876186	1.536255939630122	4326.983522612841	1294.3488890806127	370.9443503429129	4001.8787257403224	17.383335747031023
9.44612825673796	1.5344578877165562	4360.458062847683	1305.5070691588937	370.65820305353486	4030.3118292386343	17.486784283870787
9.430882730310277	1.5326732097714575	4393.932603082524	1316.665249237175	370.8786175828085	4059.6600983554526	17.590029348794936
9.416403844829945	1.5309017626145012	4427.407143317366	1327.8234293154562	371.0751916304708	4088.947915541575	17.69307276588623
9.411976529130703	1.5291434034357445	4460.881683552211	1338.9816093937372	370.9140474384754	4117.531744686222	17.795916669789598
9.40372454713915	1.5273979912257842	4494.356223787054	1350.1397894720183	370.8924021640236	4146.355271707863	17.898562870152173
9.39064337665017	1.5256653870718384	4527.830764021895	1361.2979695502997	371.04705175327877	4175.501279404229	18.001013308391077
9.384575469717205	1.5239454529686747	4561.30530425674	1372.4561496285808	370.95160676076375	4204.130829521843	18.10326978971129
9.392146094746572	1.5222380527262886	4594.779844491585	1383.6143297068618	370.36693735547357	4231.738537696423	18.205334213269584
9.3654763573447	1.5205430522747705	4628.254384726429	1394.772509785143	371.0190399927355	4261.831637228915	18.307208238104835
9.362045197350968	1.518775334633818	4661.728924961277	1405.930689863424	370.8347780640326	4290.196686471213	18.40889376411967
9.347751976898103	1.5171897208441483	4695.203465196119	1417.0888699417053	371.046445288841	4319.35840998683	18.51039247013886
9.341136438752912	1.5154898598938	4728.678005430964	1428.2470500199865	370.9819987206251	4347.921085109953	18.611705997585084
9.330576549929201	1.5138844155714488	4762.152545665808	1439.4052300982676	371.0633027208982	4376.768998302034	18.712836108881394
9.327297948961737	1.512249453620269	4795.62708590065	1450.5634101765488	370.8816332468878	4405.026516819644	18.813784441447652
9.315342612316144	1.510626119690113	4829.101626135494	1461.72159025483	371.01844690345536	4433.950095582922	18.91455260832659
9.306822586031672	1.5090142868922547	4862.576166370336	1472.879770333111	371.032315964646	4462.583681186203	19.01514218622524
9.299424850314413	1.5074138368839232	4896.0507066051805	1484.0379504113923	371.00733408570403	4491.106978462118	19.115554729944463
9.290950885529227	1.5058246474483135	4929.525246840019	1495.1961304896734	371.02394272464977	4519.699659389458	19.215791821373035
9.28394656971847	1.5042466012682651	4962.999787074862	1506.3543105679544	370.9888056957252	4548.150707769224	19.315854980551844
9.276532711846107	1.5026795804932351	4996.474327309706	1517.5124906462356	370.970788179575	4576.616034181211	19.41574570553199
9.275257289943857	1.501123469397293	5029.948867544547	1528.6706707245164	370.7291874128515	4604.531156691801	19.51546547281414
9.26269137867373	1.499578153238992	5063.423407779392	1539.828850802798	370.90466779279876	4633.401661345036	19.615015737776762
9.252028640482203	1.4980435193234862	5096.897948014233	1550.9870308810791	371.01267289810556	4662.0952297021995	19.714397884209053
9.25602734411571	1.4965194565116857	5130.372488249077	1562.14521095936	370.58204393785803	4689.462262869693	19.813613362547528
9.240152249695342	1.4950058557821004	5163.847028483922	1573.3033910376412	370.88625996483535	4718.58910946436	19.9126635689238
9.232355198950136	1.4935026072492286	5197.321568718766	1584.4615711159224	370.8947011631019	4746.973646852621	20.011549878610662
9.225816308536475	1.4920096039695978	5230.796108953611	1595.6197511942034	370.8585694723486	4775.223527394482	20.110273647736687
9.21743450835196	1.4905267406432008	5264.2706491884555	1606.7779312724847	370.8926965772372	4803.626289925037	20.208836117703953
9.210960320724247	1.4890539110093304	5297.7451894233	1617.936111350766	370.8580528055398	4831.831491270261	20.307238668776836
9.221338211713029	1.4875910150123122	5331.219729658145	1629.094291429047	370.19959238013746	4858.393766515805	20.405482624781655
9.213763026667296	1.486137948917238	5364.694269892986	1640.2524715073282	370.2090379239332	4886.647162051094	20.50356915287803
9.18901712422738	1.4845856836478437	5398.16881012783	1651.4106515856095	370.85925526288196	4916.5747700188695	20.601499584836247
9.18345293690232	1.4832609076011705	5431.64335036267	1662.5688316638903	370.7982488644544	4944.612361862914	20.699275150942658
9.177420131123625	1.4818367350141872	5465.117890597512	1673.7270117421715	370.7565043161977	4972.675519027357	20.796897010128433
8.918451002217903	1.4209456588789358	7138.844902339674	2231.6360156562287	369.0375982864612	6345.635694855049	25.50477356504931
8.824741009754579	1.3964840063411617	7975.7084082107685	2510.5905176132574	367.9750635101456	7008.635672582954	27.750753138322455
8.746510249457904	1.375101068916773	8812.571914081866	2789.545019570286	366.89703681853206	7656.55125403011	29.937649157688696
8.68302677623722	1.3561483130764638	9649.435419952964	3068.4995215273148	365.7229945664306	8288.929677343147	32.07250243600002
8.6295850258301	1.339256384986209	10486.298925824023	3347.454023484343	364.55559802387296	8906.423076730925	34.160973430927534
8.587297597466495	1.3241048293266116	11323.162431695104	3626.4085254413717	363.2846420287249	9508.124161551012	36.2077021327243
8.551771310410736	1.3104385366346547	12160.025937566192	3905.3630273984004	362.0363899245856	10095.05228546709	38.21655436908087
8.527453626609674	1.2980516079828874	12996.889443437267	4184.317529355429	360.57827388145864	10664.72470908633	40.1907955288401
8.495380192883903	1.2867758010681587	13833.752949308371	4463.272031312457	359.679490747726	11226.049717261036	42.13321666612138
8.463755023707975	1.2764721147187232	14670.616455179479	4742.226533269486	358.9678107928593	11776.045964135183	44.046228102529845
8.453706217737766	1.2670245600251453	15507.47996105059	5021.181035226515	357.5122587642612	12301.500692232248	45.93193010081967
8.432817990646207	1.2583354756262013	16344.34346692169	5300.1355371835425	356.6821511526825	12821.9906148925	47.79216745802331
8.414791890411758	1.2503219575617914	17181.206972792806	5579.090039140572	355.872629327711	13329.360338499417	49.628572065857306
8.4018708505542	1.2429131058808531	18018.070478663627	5858.044541097601	354.96940106528643	13821.628970988439	51.44956154200513
8.388534317366416	1.2360478782835294	18854.933984534357	6136.9990430546295	354.20041369400474	14303.188915789066	53.27010881245329
8.382533377585979	1.229673383041138	19691.797490405093	6415.953545011657	353.21448973144237	14767.084203092581	55.090656082901454
8.373905755738745	1.2237435407808452	20528.660996275827	6694.908046968686	352.4382792756829	15222.40146298044	56.91120335334961
8.36561380238166	1.2181281101835588	21365.52450214656	6973.862548925715	351.7336148768233	15666.712823692287	58.73175062379779
8.364775730030253	1.213061185151672	22202.388008017293	7252.817050882743	350.77796962628014	16091.906892611683	60.55229789424595
8.357431940307096	1.2082417295583228	23039.251513888026	7531.771552839771	350.1832187197504	16514.074205600533	62.37284516469411
8.356571723561768	1.2037317241607286	23876.11501975876	7810.726054796801	349.3660953510472	16917.820573756668	64.19339243514229
8.35414622185627	1.1995063072523762	24712.978525629493	8089.6805567538295	348.6803371727086	17313.2239304797	66.01393970559045
8.362858155938019	1.1955432378708404	25549.842031500226	8368.635058710857	347.5475410782355	17682.389592224616	67.8344869760386
8.352896763585091	1.191822549792203	26386.70553737096	8647.589560667886	347.30968189465744	18068.871052857186	69.65503424648678
8.35882272684209	1.1883262612381866	27223.569043241692	8926.544062624915	346.4020970306216	18421.451367534184	71.47558151693494
8.353696088730942	1.185037884374926	28060.432549112425	9205.498564581943	346.0396132402647	18782.113524233893	73.29612878738311
8.357173949638945	1.1819434510920752	28897.296054983162	9484.453066538972	345.32912199136933	19118.95795891209	75.11667605783128
8.360557089384276	1.1790288572156793	29734.159560853892	9763.407568496	344.6589741887096	19446.209401574157	76.93722332827943
8.368649123080829	1.176282184816925	30571.02306672463	10042.36207045303	343.80994091693333	19754.923999666902	78.7577705987276
8.361762193846262	1.1736923306968783	31407.88657259536	10321.316572410058	343.6800226021897	20083.3903414536	80.57831786917578
8.362903079909605	1.1712491392536968	32244.750078466088	10600.271074367085	343.2131257812569	20387.78460744473	82.39886513962394