28.382674912641598	0.08186168569606778	35.01889990375193	0.11158180078281144	0.21926186974739212	29.42314902622758	0.2294761402266479
27.641770240697547	0.08321373215704085	56.00181385488425	0.22316360156562287	0.16964892259207845	45.838738242152175	0.36638318336958964
26.83433892584748	0.08412053650494968	72.04827648580353	0.33474540234843436	0.14312977282693629	59.51381247828058	0.4708744562489539
26.655930269292238	0.08653140692622104	81.10687321179608	0.44632720313124574	0.11056400213515243	70.98732377518685	0.5297225169962301
25.816045958412317	0.08964351049144294	90.14122176324858	0.5579090039140573	0.09426161745451377	78.92916323992486	0.5884123560085507
25.510632233044056	0.09351022418067965	97.0036548044586	0.6694908046968687	0.07703501150416726	86.10946335922631	0.6325701430208444
24.865723215220463	0.09808744128249584	101.25525164665608	0.7810726054796802	0.06441478610460978	94.30146334271618	0.6592591071306456
24.363387806718706	0.10347096747597125	105.50684848885356	0.8926544062624915	0.05173119779557157	98.66426263710478	0.6859480712404469
23.71699265879324	0.10924524599950719	109.75844533105104	1.004236207045303	0.045385242815485956	102.71746229944176	0.7126370353502481
12.792134408148895	0.5526437527238907	245.11840180934104	11.158180078281145	108.20242257996381	242.56449039513973	1.563983909281709
12.742262311043623	0.5871555101549841	253.6540410384029	12.273998086109259	117.4949594955068	251.06878325606058	1.6161407807104244
12.70314227468177	0.6199291101522424	261.7296771082521	13.389816093937375	125.8490451845769	259.108636761203	1.6652806910331768
12.668838322403348	0.6511410853015032	269.40553577977784	14.505634101765487	131.80510260383375	266.75024764979014	1.7117989672106333
12.649619523398043	0.6809410772448864	276.72257684770744	15.621452109593601	137.18930556072803	274.03280903034465	1.7559693827879308
12.625578827812985	0.7094615764908471	283.6973660638568	16.73727011742172	142.5035281082216	280.9880748295598	1.7979135809894156
12.613189611900346	0.7368265153738458	290.32130709036545	17.853088125249833	147.34273066968737	287.6118773951306	1.8376007940358814
12.596907351534428	0.7631594304985789	296.55435630294664	18.968906133077947	152.06915889997555	293.8856849106818	1.8748119035482038
12.620750455376296	0.7885909600607529	302.3243170849087	20.084724140906058	155.60811381678423	299.7342832644513	1.9091371977593692
12.574737798635814	0.8132575073414523	307.5813468777778	21.200542148734172	160.77644574372917	305.14255832581466	1.940304129351474
12.570050673447428	0.8372900713482198	312.31411688530454	22.316360156562286	164.7888305121408	310.0346292167403	1.9682683620732653
12.572596414528297	0.8608016530233912	316.56985371361674	23.4321781643904	168.52817998552567	314.439834839075	1.993331289848967
12.557562722007322	0.8838795106473366	320.4223873227176	24.547996172218518	172.6623191713441	318.4270375879916	2.0159461404573342
12.551297816081576	0.9065853011384098	323.94764799962604	25.663814180046632	176.5191763192221	322.0598675231534	2.036573402932906
12.550434096938057	0.9289600529774927	327.2136614429314	26.779632187874743	180.19222320073794	325.40829499338275	2.0556236958128506
12.548212341326675	0.9510302835877549	330.2674004873572	27.89545019570286	183.86640969021562	328.52691647938224	2.0733797724211636
12.545477955811906	0.9728129404526734	333.1494221903847	29.011268203530975	187.5259026534346	331.4618368637	2.0900863608286406
12.544939817780127	0.994319103199606	335.8817331353983	30.12708621135909	191.09824326355985	334.23747250677036	2.105875997026233
12.547268193441264	1.0155562368342816	338.4870848098266	31.242904219187203	194.56147305154803	336.8789710005235	2.1208867501992463
12.548650303950664	1.0365297012010544	340.9800469832447	32.35872222701532	198.01038163739506	339.403401936408	2.135207279995852
12.55121386223028	1.0572436382625265	343.3698962596384	33.47454023484344	201.3865643663826	341.82332338468467	2.148894192484402
12.553161528253897	1.0777014818515747	345.6679022360754	34.590358242671556	204.7434495872226	344.14598036203205	2.162016623290788
12.557192916564125	1.0979063565180185	347.88298438089134	35.70617625049967	208.00418513320156	346.3831769201356	2.1746294085671227
12.563917998727156	1.1178611077889093	350.01820033495136	36.82199425832778	211.15072398657438	348.5394734813115	2.1867514147302507
12.564355924534459	1.137568548228972	352.0826798349083	37.937812266155895	214.4504967960248	350.6252190061271	2.198438812977867
12.568220236519732	1.1570313545036697	354.08156037183886	39.053630273984005	217.6172117759677	352.6397767980309	2.2097232076980533
12.573372170757828	1.1762522085783003	356.01733729820046	40.169448281812116	220.71435332890417	354.5917987561233	2.220619925087584
12.578113131360464	1.1952337810667417	357.895708268973	41.28526628964023	223.79398646587626	356.4855530851119	2.231163910221167
12.583953117624045	1.2139786978552582	359.72109476354655	42.401084297468344	226.81084790780005	358.324447862834	2.2413822180334435
12.5881224343688	1.2324895735459365	361.49709706858107	43.51690230529646	229.85098722747767	360.1127312415512	2.2512968118086305
12.595071943768223	1.250769008516769	363.2271742836863	44.63272031312458	232.77563199778257	361.8529139852542	2.260928747755207
12.601536732796472	1.2688195886231872	364.91463246444573	45.7485383209527	235.68788837046012	363.5490805326967	2.270298111420608
12.607501315037853	1.2866438832222042	366.56128201136875	46.86435632878081	238.5884543220745	365.2044382739949	2.2794157325533293
12.60859684413723	1.3042444201458983	368.1703001054622	47.980174336608926	241.61885475950564	366.82296000870184	2.2883008346676252
12.62903822719519	1.3216237355069798	369.7452614150065	49.095992344437036	243.99625503564593	368.401392727546	2.2969751143008343
12.626422527240337	1.338784355022903	371.2888440288006	50.211810352265154	247.08936736333513	369.9501840358511	2.3054547518855095
12.632791721462866	1.355728783810368	372.8009246843826	51.327628360093264	249.8587597209818	371.4669986925338	2.3137384883466328
12.639810176475844	1.3724594613346441	374.285320536936	52.44344636792138	252.57624475053234	372.95515092678414	2.321849539223142
12.644815307320657	1.3889788917442216	375.74479663483083	53.559264375749486	255.32943773805943	374.41510910478416	2.329804685620662
12.652410706490052	1.4052894918092989	377.17796551082523	54.6750823835776	257.96667395417245	375.8510566408142	2.3375946092295723
12.659047337225527	1.4213936969601255	378.59046406157063	55.79090039140572	260.606354271575	377.26197076678045	2.3452541735517243
12.659047337225527	1.4213936969601255	378.59046406157063	55.79090039140572	260.606354271575	377.26197076678045	2.3452541735517243
12.66045507158231	1.42538778209665	378.93910912566065	56.06985489336274	261.2700592942839	377.61254314857644	2.347140708027838
12.662299701558146	1.4293691669543729	379.28775418975056	56.348809395319776	261.91737457067467	377.9595573857611	2.349027242503953
12.664275890578832	1.4333378543015247	379.6347764238208	56.6277638972768	262.5585964152867	378.30645254582083	2.3509034610196378
12.666034469961444	1.437293923160239	379.9800710809213	56.90671839923384	263.20487037660445	378.6523067931529	2.3527686977224143
12.667443276666495	1.4412373899214048	380.32536573802173	57.185672901190856	263.86111958593784	378.99589008673684	2.35463393442519
12.671207207278943	1.4451682853051036	380.6680673153953	57.464627403147894	264.43571556373456	379.3389714411189	2.3564826259912777
12.670692662541212	1.449086667040092	381.01013571807465	57.74358190510491	265.15408644827687	379.6808845355787	2.3583272775883053
12.672420520033707	1.452992549527676	381.35191491497426	58.02253640706195	265.7945880688342	380.02108704772485	2.3601700763762734
12.674302713650098	1.4568859842394786	381.69088038953697	58.301490909018966	266.4272798455834	380.3612534117512	2.361994848933073
12.675411356590585	1.460767014484917	382.0298458640998	58.580445410976004	267.0848165767445	380.69869806231577	2.3638196214898723
12.677702221968506	1.4646356491865258	382.36775883346877	58.859399912933036	267.7003158849784	381.035588957138	2.365637620997133
12.676972210985483	1.468491956611251	382.70374386058137	59.13835441489007	268.41756622364375	381.3726397548495	2.3674432138687864
12.68049691492063	1.4723359629081267	383.0397288876939	59.41730891684709	268.9870221521028	381.7062084974342	2.36924880674044
12.682073688325199	1.4761676834230724	383.3740444655939	59.69626341880411	269.6211577178155	382.0401810605406	2.3710436038168368
12.684286974734581	1.479987189712919	383.7071706661637	59.975217920761146	270.2318044882549	382.372917416934	2.3728307095696266
12.686152298518987	1.48379449921905	384.04029686673346	60.25417242271817	270.8528289107752	382.7038837429291	2.3746178153224164
12.689040471355899	1.4875896356721225	384.3712705486636	60.53312692467521	271.43627366350876	383.0346270911823	2.376390926632537
12.689177456658935	1.4913726718836215	384.70165867482353	60.812081426632226	272.1127726833284	383.36436561011243	2.3781602309945997
12.68989922633035	1.49514360992169	385.03204680098344	61.091035928589264	272.7674490723528	383.6927429683152	2.3799295353566627
12.69330857001796	1.4989024944267957	385.35992100473584	61.36999043054628	273.3276090793552	384.02054621128013	2.3816823991212974
12.692296362436915	1.5026493786513382	385.6876909357639	61.64894493250332	274.0388411376672	384.34733136491593	2.3834345809611923
12.695786693778762	1.5063842709078277	386.0151944815637	61.927899434460336	274.5915446410568	384.6724109386448	2.38518500936268
12.697593588166995	1.510107226084701	386.34046522454923	62.206853936417374	275.2011453032926	384.99784190097455	2.3869207406946797
12.698579518878521	1.513818282395904	386.6657359675348	62.4858084383744	275.83764584196564	385.32123803767536	2.3886564720266796
12.700370915464028	1.517517454992889	386.99046869235053	62.76476294033144	276.44392175152547	385.6440830058489	2.390388636531089
12.702520568204969	1.521204799645278	387.31335838740813	63.043717442288454	277.0354964214102	385.9668466502706	2.3921085825459376
12.702238702947714	1.5248803508661417	387.6362480824658	63.32267194424548	277.7102180867292	386.28776432134	2.3938285285607863
12.704880586972862	1.528544123028823	387.95841588412213	63.60162644620251	278.2813663044674	386.6079508547065	2.3955436507513683
12.706454412878209	1.5321961775066992	388.2790418139413	63.88058094815954	278.8871771588997	386.92828092645175	2.3972484698712027
12.708243599270544	1.5358365412527266	388.5996677437604	64.15953545011656	279.4834473472229	387.24629357065334	2.3989532889910374
12.710213694010747	1.5394652335378711	388.9194647452537	64.4384899520736	280.0717336969457	387.56425959773765	2.400652520290704
12.71182803912067	1.5430823133713851	389.23794334876663	64.71744445403063	280.6705410038278	387.88211642050163	2.402342864246804
12.714254658746231	1.5466878058307107	389.5564219522796	64.99639895598766	281.23804722072583	388.197745373009	2.4040332082029034
12.714817531649	1.5502817335291723	389.8740308802855	65.27535345794469	281.8692210620997	388.5137679938266	2.405717632213687
12.716116888750216	1.553864152600597	390.1904777702326	65.5543079599017	282.47282082015545	388.8294066466273	2.4073941461457022
12.717907850491013	1.557435088964755	390.5069246601797	65.83326246185874	283.0565432746742	389.1430403726455	2.409070660077718
12.720568630533098	1.5609945658642999	390.82251724038844	66.11221696381577	283.60739496984695	389.45648070612737	2.410741295001694
12.721367257062543	1.5645426354616752	391.13704722455475	66.3911714657728	284.22189594012616	389.77011425740534	2.4124046175770033
12.725901468934234	1.568079327257746	391.451577208721	66.67012596772985	284.70266820137766	390.08113863559305	2.414067940152312
12.729040301639412	1.571604662354959	391.76531457592966	66.94908046968686	285.22992803765453	390.39245379171524	2.4157257412816335
12.725884718999414	1.5751186946705573	392.078041681829	67.2280349716439	285.976477343882	390.7049888652991	2.417376504833472
12.726276957296115	1.578621449181682	392.39076878772835	67.50698947360091	286.5962965730926	391.0150006291162	2.41902726838531
12.727623444808613	1.5821129513577121	392.7028019087906	67.78594397555796	287.17936716973486	391.3248017180462	2.420673130650019
12.73057784354496	1.5855932513225972	393.01383941157275	68.06489847751497	287.7037039751461	391.63421048470775	2.422311961333056
12.731325393100732	1.5890623770859178	393.3248769143549	68.34385297947202	288.30366429731566	391.9423523327045	2.4239507920160923
12.733523309673751	1.5925203479812031	393.6353470222576	68.62280748142904	288.84947172954	392.25015950637936	2.4255855525794052
12.735207751257516	1.5959672230523994	393.9448074756161	68.90176198338607	289.410795649687	392.5581021397889	2.427213070541449
12.736587824175809	1.5994030228822826	394.2542679289746	69.1807164853431	289.9808316602721	392.8645174289381	2.428840588503493
12.73835662344976	1.602827770244901	394.5633069664817	69.45967098730013	290.5338667583143	393.17074918243003	2.4304650293952483
12.739722498833052	1.6062415175640352	394.8713022363442	69.73862548925715	291.09827047606836	393.4770638468878	2.4320818489637985
12.7377446231893	1.609644291881819	395.17929750620675	70.01757999121418	291.77716887319264	393.782790158701	2.4336986685323487
12.743412386068165	1.613036115705103	395.4870285776755	70.29653449317121	292.1858751842054	394.08659552133497	2.435313519312303
12.744132121036602	1.616417035011485	395.7936698784605	70.57548899512823	292.76433024557883	394.391480389789	2.4369202491946864
12.75070821380297	1.6197870800631813	396.10031117924547	70.85444349708526	293.1364062470282	394.69402065610694	2.4385269790770696
12.744740662326544	1.6231462770727125	396.4068490093824	71.13339799904229	293.94182022898235	394.9989250488038	2.4401329195206776
12.74872772768816	1.6264946634015713	396.71224694261207	71.41235250099933	294.3972395143673	395.30162678626203	2.4417301630165484
12.750025280406703	1.6298322771752347	397.01764487584165	71.69130700295635	294.94416169613476	395.60413572853037	2.4433274065124193
12.75150684249057	1.6331591401536258	397.32304280907124	71.97026150491338	295.47984107044624	395.90604489581426	2.4449246500082897
12.75329997304264	1.636475287660807	397.6273608693823	72.2492160068704	296.00216288745736	396.20787811934264	2.4465134245376485
12.754809178090955	1.639780761192663	397.9316254644442	72.52817050882744	296.5315715221948	396.5092478872662	2.448101779762664
12.758627642944505	1.643075581323263	398.23589005950606	72.80712501078446	296.97670999574416	396.80939091639743	2.44969013498768
12.75565231845213	1.646359781205002	398.53933055231204	73.08607951274149	297.6523104529874	397.11104613041215	2.4512718133616804
12.757877797364916	1.6496334032753035	398.8425713091692	73.36503401469851	298.14622459435293	397.4112574121027	2.4528518734811953
12.76081928650745	1.6528964690900259	399.14581206602634	73.64398851665555	298.6113061334424	397.71045940069433	2.45443193360071
12.760756937175229	1.6561490093726199	399.4484668987603	73.92294301861257	299.17623725042824	398.0103290074452	2.4560070577819397
12.763396184854958	1.6593910646992185	399.75079283241087	74.20189752056959	299.64424185195253	398.3095356224585	2.457579411253596
12.764202875320882	1.662622660452319	400.05311876606146	74.48085202252663	300.1713175135666	398.60818951578966	2.4591517647252528
12.766411292025479	1.6658438258659458	400.3550733975545	74.75980652448366	300.64758329397296	398.90651861565857	2.460720837993844
12.768040522017472	1.6690545982577478	400.6565930840499	75.0387610264407	301.13853831492514	399.20497174119214	2.4622860688179813
12.767521892114141	1.672255006370768	400.9581127705453	75.31771552839771	301.6985777830672	399.5031565204012	2.4638512996421196
12.770691255914745	1.675445077570991	401.259446692512	75.59667003035476	302.1300927650359	399.80034442209814	2.4654147893203513
12.772583328922115	1.6786248464422544	401.56026831634443	75.87562453231178	302.60175803041926	400.09781328002606	2.4669734772971763
12.77347862637392	1.681794347241925	401.86108994017684	76.1545790342688	303.101267757645	400.39502930674456	2.4685321652740013
12.774408869381835	1.6849536022322336	402.1618771610296	76.43353353622582	303.5954476721081	400.6919126082064	2.4700905054455355
12.798201045794213	1.6881026469248794	402.46210856370544	76.71248803818287	303.33935598384085	400.9835162974213	2.47164322643803
12.777457322568656	1.6912415123757942	402.76233996638126	76.99144254013989	304.53285026171125	401.28514004166846	2.473195947430524
12.783839958921547	1.6943702265790854	403.0625713690571	77.27039704209692	304.8394946497195	401.58005370103757	2.4747486684230178
12.785974610659693	1.6974888193631912	403.36239822667125	77.54935154405395	305.27862038865413	401.87593916302126	2.4762968678537978
12.781858257314065	1.7005973243583627	403.66214695628855	77.82830604601098	305.91477201234477	402.17321505293813	2.4778441940553795
12.783158042548102	1.7036957702781534	403.9618956859058	78.10726054796801	306.3708643039017	402.46870191395436	2.479391520256961
12.784776202031324	1.706784182687889	404.26141665928503	78.38621504992503	306.8144906710457	402.7641069248256	2.480935918265061
12.78582752992592	1.7098625967010046	404.5607900206071	78.66516955188207	307.2703955969002	403.0596371954427	2.4824784184693183
12.787084218345006	1.7129310384073542	404.8601633819291	78.94412405383909	307.7164358757829	403.3547191852759	2.4840209186735756
12.78883280032021	1.7159895390250255	405.1594387594246	79.22307855579612	308.14249875395893	403.64959581481287	2.4855618627365015
12.789020510211563	1.7190381278218663	405.4585438654955	79.50203305775315	308.6126887306356	403.9448323597245	2.487100102614356
12.79114900787551	1.7220768340100843	405.75764897156637	79.7809875597102	309.0190723133681	404.23940346831176	2.4886383424922105
12.792229550908635	1.725105685689302	406.0567355632082	80.05994206166721	309.4530845696699	404.53404326761637	2.49017615791501
12.793944422749533	1.7281247118685112	406.3556793868521	80.33889656362425	309.8639658804842	404.8285271690614	2.491710700290722
12.795144351659443	1.7311339433617714	406.65462321049597	80.61785106558126	310.2860570599597	405.12306017762654	2.493245242666434
12.796553174209533	1.7341334071162735	406.9535670341399	80.89680556753831	310.69787831916926	405.41733615745716	2.494779785042146
12.796626719476734	1.7371231316277442	407.2524642660257	81.17576006949533	311.1451519250054	405.71192395187325	2.4963116403812236
12.798875706867344	1.740103145704929	407.55135369148377	81.45471457145234	311.5238058669196	406.00598261717727	2.497843045508542
12.800478062507038	1.7430734786001547	407.8502431169418	81.73366907340937	311.91813900709957	406.30003779179344	2.4993744506358597
12.801900883885775	1.74603410301766	408.1584317678547	82.0126235753664	312.3127905249294	406.59411480501535	2.500951728792291
12.804765567875354	1.7489848129554388	408.47304210840764	82.29157807732344	312.66370596986224	406.88781067757765	2.5025606851091493
12.804466357439685	1.7519256085824217	408.78765244896056	82.57053257928045	313.09947240085927	407.1822152663942	2.5041696414260084
12.805731605933286	1.7548564780979528	409.1107208225074	82.84948708123748	313.4892930721846	407.476191945965	2.5058204041192718
12.806764950429445	1.75777719173055	409.4428095153133	83.12844158319453	313.87816403793556	407.77018092067607	2.507515752458217
12.808275821740802	1.760687731871845	409.77489820811917	83.40739608515156	314.25314669882374	408.06883455115894	2.509211100797162
12.813514102017026	1.763588074320129	410.1174314492014	83.68635058710858	314.51650607579546	408.3771178937145	2.5109581695494287
12.810847965840626	1.7664779654807763	410.46905477099585	83.96530508906562	315.0002862168939	408.6874001297954	2.5127502515199898
12.810814460568304	1.769357396032573	410.8206780927903	84.24425959102264	315.40474619359094	408.99956155641655	2.5145423334905517
12.813109531078968	1.7722262788619547	411.18866546784824	84.52321409297967	315.74125092072035	409.32562383393383	2.5164155881867702
12.815448034575446	1.7779316596143575	411.9387181760967	85.08112309689372	316.4654941317655	409.9810584644545	2.520231952989526
12.816367766796342	1.7807679225888071	412.3372246074637	85.36007759885075	316.83107304234045	410.32651022220637	2.522256793437973
12.81791955343818	1.783593004478517	412.7357310388307	85.63903210080777	317.17203943461664	410.67170413221487	2.5242816338864205
12.81918764654405	1.7864068331892426	413.15260358835184	85.9179866027648	317.51963917904055	411.02356218984437	2.526397860131617
12.820339030223998	1.7892090628708919	413.5795747648165	86.19694110472183	317.8663950520621	411.39028696096864	2.528564334941129
12.828711046830938	1.791999659392413	414.0176250773273	86.47589560667886	318.0164181346563	411.7546331550718	2.5307860130085844
12.822821917517238	1.7947782382419766	414.47744019044313	86.75485010863589	318.54565876501624	412.1387563298151	2.533116137068297
12.827804576168356	1.7975446913780426	414.9445938831728	87.03380461059292	318.77931965810933	412.5283086963179	2.5354828728961136
12.837546640641534	1.8002986118012625	415.4427269223815	87.31275911254995	318.886197715765	412.9188648011599	2.5380041629713426
12.825860695600436	1.8030397983020527	415.95029760931874	87.59171361450699	319.5536565194151	413.34206637057116	2.5405725915421637
12.826049735611466	1.8057677653745285	416.4937154702737	87.870668116464	319.90357926516475	413.7607328608773	2.543320067043219
12.827272377929821	1.80848223624499	417.05824804856394	88.14962261842105	320.2259008978172	414.2031703980625	2.5461731160152654
12.829239169526684	1.8111825559693338	417.6560076956143	88.42857712037807	320.52240683656083	414.6528985077945	2.5491923001490635
12.831538662958382	1.8138682925954768	418.3024168381654	88.70753162233508	320.80854359490104	415.1233146989469	2.552454962783593
12.831169648762309	1.8165386547726428	418.98657329433274	88.98648612429211	321.1610583251943	415.6109171893241	2.5559066261694516
12.833393982305783	1.8191926904262592	419.7337728531456	89.26544062624914	321.44087099106906	416.12059333454454	2.5596740724408673
12.833684912642234	1.821829291002217	420.57848072313	89.54439512820618	321.7681449694679	416.6512095468075	2.5639303039824055
12.833473239719298	1.8244467990506887	421.53936217562295	89.8233496301632	322.1039586604111	417.21689309469707	2.568769234518692
12.834811358068363	1.827042688316197	422.68599522176913	90.10230413212022	322.3953510162503	417.79815237642606	2.5745403175859627
12.834633618564597	1.8296123095982961	424.2863006674956	90.38125863407727	322.722178631668	418.4410050978999	2.58258946437798
12.830310865423673	1.8316379192240235	707.21817277604	90.6602131360343	323.08038502621395	418.98366500143476	4.004485550033652
12.836919828142458	1.8317896490825507	709.4359988776264	90.93916763799132	322.93631149824455	419.1330399774797	4.015629675953482
12.837124695387628	1.8319011420181763	710.7258089991149	91.21812213994835	322.9449132294364	419.33834634443474	4.022108627572154
12.83646239266062	1.8319882523936335	711.7516076969177	91.49707664190538	322.97184120532626	419.581701493243	4.02725983735909
12.83521305782462	1.8320571332942532	712.6265868374651	91.77603114386241	323.0109739027615	419.86485630486004	4.031652304003503
12.835424769903803	1.8321113850081734	713.4073500307729	92.05498564581943	323.0122712275631	420.20881068914207	4.035570643100336
12.8343180685966	1.832153437612477	714.1047362856666	92.33394014777646	323.0445564048889	420.5818594322336	4.0390692518956435
12.8341704451898	1.832185068214376	714.7452494342241	92.61289464973349	323.05188569581384	421.01120215406826	4.042281414819177
12.833754390124218	1.8322076597281038	715.3573754556721	92.89184915169052	323.0647047279645	421.50349200822205	4.045350582414467
12.83081128257186	1.8322223051242457	715.9152844595869	93.17080365364754	323.13893348171325	422.07300986522563	4.048146532953833
12.830624911570792	1.8322299081856455	716.4560966586915	93.44975815560458	323.1442205659473	422.72469390471696	4.050856275262398
12.83508602277651	1.8322312332294748	716.9632866622502	93.7287126575616	323.03385394812864	423.55317418348017	4.0533964823843665
12.82911826306351	1.8322269234935091	717.4548913371569	94.00766715951863	323.1805248618217	424.67382435784117	4.055858050855387
12.826985785221051	1.8322175450454397	717.9198155070859	94.28662166147566	323.23180723977407	671.3095144257268	4.058184997916432
12.826772002242611	1.832203586440992	718.3768714740237	94.56557616343271	323.23505851948124	709.0914770071302	4.060472216095626
12.824953522802899	1.8321854830924047	718.8060322462658	94.84453066538973	323.2775103670645	710.4611168477056	4.06261858319414
12.824506575508893	1.8321636269494903	719.2351930185077	95.12348516734676	323.2855365802266	711.5021756520631	4.064764950292652
12.82324371394277	1.832138360584385	719.637056421688	95.40243966930377	323.3133466649635	712.3901412323966	4.066773378631775
12.822208013156102	1.832110004189369	720.0355628530557	95.68139417126082	323.33514405948193	713.1647575501282	4.068764843558559
12.820682755258598	1.8320788419515306	720.4239797671879	95.96034867321784	323.3687370101194	713.8597946713169	4.070705282155834
12.824809368019949	1.8320451311228652	720.7959191031309	96.23930317517487	323.2617379148055	714.5042144928167	4.0725623876941945
12.818111321079654	1.8320091188539478	721.1678584390739	96.51825767713188	323.42313611149467	715.1150030063529	4.074419493232555
12.816753519926737	1.8319710173140125	721.5238180255716	96.79721217908893	323.45173019054175	715.6760154861774	4.07619571234741
12.815404602327074	1.831931036424201	721.8725111530183	97.07616668104595	323.479875336846	716.2199965241102	4.077935150041741
12.813943588410975	1.8318893629922186	722.2212042804648	97.35512118300298	323.51060392946204	716.7207375119629	4.079674587736072
12.810285944346925	1.8318461680950495	722.5532232922661	97.63407568496	323.5958304800745	717.2180449229542	4.081329545583285
12.81076896914969	1.8318016199926144	722.8814050592747	97.91303018691704	323.57783003475504	717.675472628435	4.0829650619284505
12.80923989990491	1.8317558707363661	723.2095868262833	98.19198468887407	323.60977572625904	718.1295266676532	4.084600578273617
12.808000955860093	1.8317090582157742	723.5239889247553	98.47093919083109	323.6343648721646	718.5602588416576	4.08616621086271
12.805317993371714	1.8316613201340703	723.8339383713744	98.74989369278813	323.6945491634339	718.9806362324667	4.087709261773939
12.804490548702972	1.831612781265681	724.1438878179936	99.02884819474517	323.70840218934876	719.3910511922697	4.089252312685168
12.803961392307942	1.8315635608898606	724.4454286834873	99.30780269670218	323.7148531241543	719.779743236056	4.09075267523883
12.80173557851933	1.8315137650113755	724.739065001337	99.58675719865921	323.7628052438657	720.1699519817852	4.092212908292497
12.809070384316838	1.8314635049299046	725.0327013191868	99.86571170061625	323.57423833410496	720.5341681675718	4.093673141346164
12.796522881121623	1.8314128777333465	725.324996633024	100.14466620257328	323.87732735686427	720.9066531081878	4.095126559056539
12.796453202632913	1.8313619741351757	725.6039511349813	100.4236207045303	323.8722914537069	721.2693238703243	4.096512175170562
12.795252346948528	1.8313108877678421	725.8829056369385	100.70257520648732	323.8949990330948	721.6111468929162	4.097897791284585
12.793539352987418	1.8312596986301592	726.1618601388957	100.98152970844436	323.9302884819001	721.9524710233997	4.099283407398607
12.790784941409546	1.8312084931921273	726.4408146408528	101.26048421040139	323.99122139987963	722.2941374973194	4.100668209615412
12.78972805292405	1.8311573341507745	726.7197691428097	101.5394387123584	324.0104050139322	722.6149958367891	4.102052140065061
12.786319084045996	1.8311062939670166	726.9987236447668	101.81839321431544	324.0875628747988	722.9375404826175	4.103436070514711
12.785581003441996	1.8310554333645939	727.2776781467237	102.09734771627247	324.0989476475466	723.2582238514165	4.104820000964359
12.786136039026035	1.8310048149587357	727.5566326486808	102.3763022182295	324.0784349744191	723.5619927123254	4.106202468556884
12.781407450948278	1.8309544931314259	727.8355871506377	102.65525672018653	324.18837693391765	723.867561853885	4.1075847174385505
12.779429859756297	1.8309045256862955	728.1145416525948	102.93421122214357	324.2304988817376	724.1713022707478	4.108966966320217
12.779351079869933	1.8308549598188724	728.3934961545518	103.21316572410059	324.22573570960833	724.464318106201	4.110348791397027
12.777778112449898	1.8308058446555668	728.6724506565088	103.49212022605762	324.25796631620375	724.751827196555	4.111729362792187
12.775235392501848	1.8307572256807798	728.9514051584657	103.77107472801464	324.3142869554422	725.0399596878191	4.113109934187347
12.773970155084992	1.8307091475568404	729.2303596604228	104.05002922997168	324.33905829687205	725.3258910218558	4.1144905055825065
12.771905277624654	1.830661650643836	729.5093141623798	104.3289837319287	324.3837353002674	725.5993302398088	4.115870021126785
12.768851917765275	1.8306147738577543	729.7882686643368	104.60793823388573	324.4530553700968	725.8733722998572	4.117248919102072
12.769334635570193	1.8305685563919278	730.0672231662938	104.88689273584275	324.43468378462416	726.1452526466147	4.118627817077359
12.768200574248228	1.830523031046112	730.3461776682509	105.16584723779978	324.4565254500478	726.418116278335	4.120006706923041
12.762366197872913	1.8304782345264543	730.6251321702078	105.4448017397568	324.59423186094483	726.693859672485	4.12138393553032
12.762477594079172	1.8304341966966837	730.9040866721649	105.72375624171383	324.5854933496488	726.9659581424717	4.122761164137597
12.761969847560419	1.8303909507769347	731.183041174122	106.00271074367086	324.59193621151985	727.2384312035784	4.124138392744876
12.758351705454968	1.8303485242315625	731.4619956760789	106.2816652456279	324.6745418693195	727.5128157634217	4.125514997868052
12.754471638393639	1.8303069459694286	731.740950178036	106.56061974758492	324.76375667644453	727.787360117458	4.126890561144488
12.754577184590177	1.8302662418690672	732.0199046799929	106.83957424954195	324.7555146923385	728.0594462059069	4.1282661244209224
12.752448962161912	1.8302264373344272	732.29885918195	107.11852875149897	324.802108850637	728.3328720019813	4.129641687697358
12.750745947660343	1.8301875575028228	732.577813683907	107.39748325345602	324.8384135514735	728.6060713601913	4.131016022409815
12.748247697486821	1.8301496249934444	732.856768185864	107.67643775541303	324.89438403169277	728.8797624448213	4.132389924377945
12.747803544032111	1.8301126621806285	733.1357226878212	107.95539225737006	324.90002661101425	729.1521757051355	4.133763826346074
12.74437087178001	1.8300766896059328	733.4146771897781	108.2343467593271	324.97928239460373	729.4264458589663	4.13513756217631
12.74216327227552	1.8300417276015069	733.6936316917352	108.51330126128413	325.02858428868905	729.6999531494704	4.136509806844117
12.740470809208185	1.830007794765923	733.9725861936921	108.79225576324114	325.06535509005903	729.9731376001926	4.137882051511924
12.744878268370892	1.8299749100411338	734.2515406956492	109.07121026519818	324.9518356481188	730.2425023510706	4.139254296179731
12.736462798971067	1.8299430914613926	734.5304951976061	109.3501647671552	325.1547168008938	730.51989092162	4.140625785979046
12.73714887248548	1.8299123539881743	734.8094496995632	109.62911926911224	325.1331816193277	730.7915769272998	4.141996377340025
12.732159604578012	1.8298827138466374	735.0884042015202	109.90807377106927	325.2520299370038	731.0668241772266	4.143366968701002
12.726065828776331	1.829854187053266	735.3673587034773	110.1870282730263	325.3983788819421	731.3427705344195	4.144737560061981
12.727318368119496	1.8298267876626755	735.6463132054342	110.46598277498333	325.3633661992857	731.6140922213835	4.146106817907407
12.728861205933446	1.829800527243934	735.9252677073913	110.74493727694036	325.32105865519475	731.8852223403192	4.147475759940635
12.723606392067504	1.8297754219428404	736.2042222093482	111.02389177889738	325.4463876662602	732.1606437650015	4.148844701973861
12.72169085223473	1.829751481898272	736.4831767113053	111.30284628085441	325.48934048413474	732.4339547556626	4.150213387223426
12.718787783614237	1.8297287197250318	736.7621312132623	111.58180078281144	325.5565538404739	732.7078906466339	4.151580683893632
12.633553195564106	1.829862137535195	747.9203112915432	122.73998086109259	327.61851732864045	743.6448868248914	4.205929729755599
12.537962022144429	1.8320833128329714	759.078491369824	133.89816093937375	330.1609636698767	754.5877433121534	4.259586629974724
12.44470165739435	1.8362037078850546	770.2366714481052	145.0563410176549	332.85144494856496	765.5284286365213	4.312576421936236
12.35540599937042	1.8419066417519512	781.3948515263863	156.21452109593602	335.61776092594255	776.4656509177809	4.364925242262445
12.268377523559785	1.8488627346762554	792.5530316046677	167.37270117421716	338.46546043225055	787.4006117302824	4.416653440589656
12.184853868236551	1.8567706524879173	803.7112116829493	178.53088125249832	341.33436624604997	798.3322021874196	4.467784277213759
12.111557393630378	1.8653700719188846	814.8693917612309	189.68906133077948	344.03882816096746	809.2540312845026	4.518337636785395
12.030192830280258	1.8744432123837753	826.0275718395119	200.84724140906062	346.9933461768251	820.1826542128354	4.568332452978416
11.958460792411122	1.8838116587201001	837.1857519177926	212.00542148734172	349.75500296748703	831.1015395894246	4.61778684071321
11.890927084070135	1.893331488597548	848.3439319960734	223.16360156562288	352.4392258797469	842.0152263601975	4.666718139940309
11.827137223240912	1.9028880858484079	859.5021120743544	234.32178164390402	355.04625145531253	852.9238860538009	4.715142956644081
11.766399074423516	1.9123912738080946	870.6602921526355	245.47996172218518	357.5825415170468	863.827977174038	4.763075185757993
11.708587835808165	1.9217709922369617	881.8184722309167	256.63814180046626	360.04510256230594	874.727388218559	4.810531494188374
11.653864078465256	1.930973592220493	892.9766523091978	267.79632187874745	362.42661964976446	885.6216571540331	4.857524145510854
11.601587728799357	1.9399587286524935	904.1348323874794	278.9545019570286	364.7387358857827	896.5113157906651	4.904067848031089
11.551961432044651	1.9486967792196612	915.2930124657611	290.1126820353098	366.9727895960262	907.3958694127051	4.950174657208668
11.50511582875007	1.9571667239403558	926.4511925440424	301.2708621135909	369.12592937169927	918.2748665952264	4.995856037098369
11.459078506697898	1.9653544099824365	937.609372622323	312.429042191872	371.2459323886762	929.1508915592402	5.041124283485083
11.414421055282356	1.9732511485231359	948.7675527006038	323.58722227015323	373.3163093024338	940.0230823657679	5.085990342987637
11.373847690283815	1.9808525647376143	959.9257327788848	334.74540234843437	375.2717162586373	950.8870829571275	5.130464778880225
11.33387030798556	1.9881576777830534	971.0839128571658	345.9035824267155	377.1988741361294	961.7480226674031	5.174557360881602
11.295596349805317	1.9951681522049998	982.2420929354471	357.06176250499664	379.0701724784225	972.604046518532	5.218277568476371
11.25795683669109	2.0018876908035925	993.4002730137281	368.21994258327777	380.9136365957802	983.4568438942719	5.261635381634037
11.22294914368455	2.008321556854288	1004.5584530920094	379.37812266155896	382.6777136358094	994.3027984676471	5.304639666126877
11.187704064343405	2.014476179390273	1015.7166331702908	390.5363027398401	384.4383552329153	1005.146912271316	5.3472978138293294
11.155121893747381	2.020358837909859	1026.8748132485723	401.69448281812123	386.11913615443177	1015.9837253344689	5.3896196402184255
11.123139313436933	2.0259774170923945	1038.032993326854	412.85266289640236	387.7750264131659	1026.8169609500744	5.43161142001852
11.092157068580839	2.031340208658197	1049.1911734051355	424.01084297468344	389.39542731158974	1037.6457761820805	5.473281804894723
11.062814966110595	2.0364557381461834	1060.3493534834174	435.16902305296463	390.96383395475004	1048.4687118435306	5.514638126221997
11.031980244829425	2.0413326568097525	1071.507533561699	446.32720313124577	392.56975175789466	1059.2924050982817	5.555686544953775
11.00442732764858	2.0459796315351113	1082.665713639981	457.48538320952696	394.0756154161791	1070.1064573580927	5.596434217411258
10.976549927786115	2.050405271849861	1093.8238937182632	468.64356328780804	395.58750962639954	1080.9186852735743	5.636887857309556
10.95009528885879	2.0546180686820823	1104.9820737965451	479.8017433660893	397.0533412229151	1091.7250528142117	5.677053671140684
10.923774021764926	2.058626345901032	1116.1402538748252	490.95992344437036	398.51263998138046	1102.5285251551782	5.716937691940109
10.897400930332442	2.0624382386084954	1127.2984339531054	502.1181035226515	399.9720915948814	1113.3296230630542	5.75654578530433
10.873589341835471	2.0660616453221925	1138.456614031386	513.2762836009326	401.3500513108597	1124.1216223858805	5.795883655159655
10.850031418003732	2.0695042335772054	1149.614794109666	524.4344636792138	402.7181243265345	1134.910229841114	5.834956812350023
10.82580455696351	2.0727734153924495	1160.7729741879464	535.5926437574949	404.1080204950163	1145.698001612308	5.873769719395657
10.801660075849242	2.0758763438562737	1171.9311542662272	546.7508238357761	405.49641312575886	1156.4830325672765	5.912328397967704
10.7811532870457	2.0788199092228683	1183.0893343445082	557.9090039140572	406.7626989994956	1167.2550558919513	5.950637966760261
10.757970616294562	2.0816107406725535	1194.2475144227894	569.0671839923383	408.1296353250895	1178.0321209022939	5.988702326574394
10.736904366942833	2.0842552069330793	1205.4056945010705	580.2253640706195	409.5141119956177	1188.8002617486927	6.026526696559377
10.715891752069638	2.08675941701275	1216.5638745793517	591.3835441489007	411.00887683188796	1199.5655171771887	6.064115614441217
10.6950866980199	2.0891292338510667	1227.722054657633	602.5417242271818	412.65736122771676	1210.3274427116266	6.101472986183392
10.674326371994644	2.0913702725846535	1238.880234735914	613.699904305463	414.518845593479	1221.0865871988262	6.13860343555783
10.654323662083074	2.093487911570164	1250.038414814195	624.858084383744	416.6512910909355	1231.8405966980179	6.175511120036411
10.635838748684465	2.0954872975690026	1261.196594892476	636.0162644620251	419.2123154502904	1242.586720917165	6.212199267419218
10.617200397698223	2.0973733595300517	1272.3547749707573	647.1744445403064	423.1803889822998	1253.3305550526281	6.248672679339708
10.59905665869973	2.099150808136929	1283.5129550490383	658.3326246185874	712.4290638951861	1264.06984593822	6.284934940412115
10.584508724970005	2.100824150779092	1294.6711351273195	669.4908046968686	716.0125207720877	1274.7930301304755	6.3209887742677
10.561714663318535	2.1023976968630955	1305.8293152056008	680.6489847751498	719.3817992933781	1285.5441374991894	6.356838508568244
10.544255099876633	2.1038755670448723	1316.9874952838827	691.8071648534309	721.6543134705038	1296.272687627032	6.392487542649877
10.530038167478438	2.1052616992017428	1328.1456753621649	702.965344931712	723.4128705026466	1306.985646252386	6.427939151341347
10.508749725008808	2.1065598604359788	1339.3038554404466	714.1235250099932	725.4552907665848	1317.723999070092	6.463196538609568
10.492495129126404	2.107773650422177	1350.462035518729	725.2817050882744	727.0376791095982	1328.4395519377183	6.498262839465988
10.476780926520513	2.1089065110249905	1361.6202155970107	736.4398851665554	728.5777913349453	1339.150018941783	6.53314112181171
10.460328238077105	2.109961731315716	1372.7783956752924	747.5980652448367	730.1582817119257	1349.8608257721341	6.567834388223716
10.444336587886108	2.110942459210499	1383.9365757535736	758.7562453231178	731.7022373216796	1360.5669295564442	6.602345577684307
10.428772713742106	2.1118517025178076	1395.0947558318542	769.914425401399	733.2113981669188	1371.2684004406751	6.636677567255922
10.429369125343648	2.112692339194608	1406.2529359101345	781.07260547968	733.6300543348452	1381.8927943108642	6.670833173703283
10.398009704146455	2.1134671210569445	1417.4111159884146	792.2307855579612	736.1860328544153	1392.6614581943982	6.704815017326419
10.382943950841739	2.1141786795315523	1428.5692960666952	803.3889656362423	737.6426683007187	1403.3524279897542	6.738625193800238
10.368187123957243	2.1148295334597518	1439.7274761449755	814.5471457145234	739.0722952199817	1414.0391894868153	6.772266976121672
10.35360580490202	2.11542209836883	1450.885656223256	825.7053257928047	740.483694009238	1424.7223612541595	6.805742958771427
10.33928430567517	2.115958675318834	1462.0438363015373	836.8635058710857	741.870933742414	1435.401507370687	6.839054993418498
10.32457720426216	2.1164414745365816	1473.2020163798181	848.0216859493669	743.280129424157	1446.079933096469	6.8722056098651105
10.311249881539739	2.1168726108561575	1484.3601964580996	859.1798660276481	744.5855882694914	1456.7484866355442	6.9051977963549245
10.297220424276691	2.1172541089170784	1495.5183765363804	870.3380461059293	745.935709846669	1467.4179825172332	6.938032530988718
10.283179175637754	2.1175879083260156	1506.6765566146616	881.4962261842104	747.281749277876	1478.0848935931897	6.970713337197562
10.27008665342584	2.1178758670122235	1517.834736692943	892.6544062624915	748.5534094767957	1488.743909101641	7.003241406499476
10.257690138617175	2.118119765755206	1528.992916771224	903.8125863407726	749.7679854569792	1499.3962125159337	7.035619648755665
10.243666732011363	2.118321310088589	1540.1510968495052	914.9707664190539	751.0984370157846	1510.0550564304262	7.067849270870107
10.23099701184505	2.1184821358568655	1551.3092769277864	926.128946497335	752.3540757630658	1520.7028515900288	7.099933393008915
10.221465324114678	2.1186038127174776	1562.4674570060672	937.2871265756161	753.3356097653591	1531.3297299085464	7.131872538270402
10.206389109135563	2.118687843868679	1573.6256370843485	948.4453066538972	754.7353252070446	1541.987055748074	7.163669886913948
10.195263369167808	2.118735671848199	1584.78381716263	959.6034867321786	755.826344770241	1552.617726842312	7.195327030547584
10.181380706926012	2.1187486808767217	1595.941997240911	970.7616668104596	757.0923674439158	1563.2635585415278	7.226845116934026
10.169195555396213	2.1187281987829607	1607.1001773191922	981.9198468887407	758.2565209041298	1573.89542498594	7.2582267841624235
10.157992227168293	2.118675501931705	1618.2583573974737	993.0780269670219	759.3390248538207	1584.51824260043	7.289473715265572
10.146209961892456	2.1185918130544117	1629.4165374757558	1004.236207045303	760.4626072587716	1595.1420970516044	7.320587164909235
10.134765227582147	2.118478307169296	1640.5747175540378	1015.3943871235842	761.5548737456718	1605.7609942927024	7.351568897378674
10.122589991925881	2.118336113340549	1651.7328976323188	1026.552567201865	762.7023946794767	1616.3821832093345	7.3824208728862475
10.11089576500407	2.1181663155050954	1662.8910777106003	1037.7107472801463	763.8074276231106	1626.9974936956392	7.413144665303463
10.100640605855478	2.117969956391881	1674.0492577888813	1048.8689273584273	764.7910957952785	1637.6000057713168	7.443741823150875
10.089735250615416	2.117748035764536	1685.2074378671623	1060.0271074367085	765.8236551140328	1648.204306075061	7.474213870106464
10.078552514158117	2.1175015159985153	1696.3656179454438	1071.1852875149898	766.8754678722045	1658.80792092918	7.504562305501819
10.067980727801391	2.11723132332054	1707.5237980237248	1082.3434675932708	767.872552197519	1669.4043739213441	7.5347886048065
10.056913435933811	2.1169383458981126	1718.6819781020058	1093.501647671552	768.907895639541	1680.0018372333323	7.5648942201008404
10.046494463428857	2.1166234402930426	1729.840158180287	1104.659827749833	769.8852783855739	1690.5917440867593	7.594880580537593
10.035489071430156	2.1162874285978095	1740.9983382585683	1115.8180078281143	770.9092248580491	1701.1835101522693	7.624749092792668
10.026053715560971	2.115931102681421	1752.1565183368493	1126.9761879063956	771.795657620585	1711.760323056092	7.654501141505275
10.014663475525069	2.115555225066231	1763.3146984151306	1138.1343679846766	772.8469215934266	1722.349942507377	7.684138089707769
10.005221606434565	2.1151605277474235	1774.4728784934118	1149.2925480629576	773.7268696551484	1732.921301536791	7.713661279245479
9.996867083056818	2.114747718501932	1785.6310585716928	1160.450728141239	774.5079394485081	1743.4808390368087	7.743072031186767
9.989247377828157	2.11431747536913	1796.7892386499743	1171.6089082195201	775.2196824586813	1754.0311379879206	7.772371646223622
9.977126231500609	2.1138224153478977	1807.9474187282553	1182.7670882978011	776.324645714212	1764.6165602239082	7.801561405063011
9.968177266847109	2.1134072830889696	1819.1055988065361	1193.9252683760824	777.1467398490702	1775.1724836887208	7.8306425688092425
9.956251471565828	2.11292857191286	1830.2637788848174	1205.0834484543634	778.2320033290355	1785.7516644537511	7.859616135459224
9.947375243905942	2.112434905101844	1841.4219589630986	1216.2416285326447	779.0422107398988	1796.3016590849572	7.888483099595837
9.937073208175574	2.111926845710726	1852.5801390413797	1227.399808610926	779.9783847910662	1806.8617073936707	7.917245077253184
9.929058085952397	2.1114049379537603	1863.738319119661	1238.557988689207	780.7044971040602	1817.3984202312765	7.9459032562104115
9.930702279699691	2.1108697054744012	1874.896499197942	1249.716168767488	780.5426739122197	1827.8425039805638	7.974458467302776
9.910719559691007	2.1103216528706668	1886.0546792762234	1260.8743488457694	782.3582109893736	1838.4846528220942	8.002911577403058
9.900037376821382	2.10976126814846	1897.2128593545044	1272.0325289240504	783.3216762396522	1849.0382406021795	8.03126429115931
9.903023326290546	2.10918902020058	1908.3710394327854	1283.1907090023315	783.0125164056083	1859.4574542744106	8.059517429242806
9.885501735228653	2.1086053622332535	1919.5292195110665	1294.3488890806127	784.6074483210767	1870.0719230695895	8.087671554387352
9.873847067062279	2.108010730905909	1930.6873995893477	1305.5070691588937	785.6574267636357	1880.627738676834	8.115728541376983
9.865924150053313	2.1074055494400654	1941.845579667629	1316.665249237175	786.3550896645474	1891.144135098838	8.1436886582344
9.856481191834776	2.106790222954829	1953.00375974591	1327.8234293154562	787.1987723508022	1901.673200176577	8.171553267791287
9.847458269877853	2.1061651453928216	1964.1619398241912	1338.9816093937372	787.9969485947021	1912.1955260890404	8.199323448684352
9.838960342788756	2.105530695797632	1975.3201199024722	1350.1397894720183	788.7431771309931	1922.7098700484753	8.226999643275953
9.830401976060575	2.1047979922663425	1986.4782999807535	1361.2979695502997	789.4886777569783	1933.2222501747801	8.254583562748165
9.824154130170054	2.10423512917439	1997.6364800590347	1372.4561496285808	790.0182469558691	1943.7072474449083	8.282075198338022
9.817043159681917	2.1035747082249197	2008.794660137316	1383.6143297068618	790.6231192415011	1954.198455389102	8.309476435375174
9.806272498749872	2.1029063047778136	2019.9528402155968	1394.772509785143	791.5826117867769	1964.7270724953728	8.336787264957094
9.803326235764919	2.1022302376279476	2031.111020293878	1405.930689863424	791.7741365983946	1975.1664914741218	8.364009306091914
9.789783008715265	2.101546812602217	2042.2692003721593	1417.0888699417053	793.0058905668635	1985.7216201717276	8.391142983084727
9.784179003049857	2.1008533437865924	2053.4273804504405	1428.2470500199865	793.4487213006595	1996.1848697293817	8.418189225380903
9.775471012349604	2.1001590745902563	2064.5855605287215	1439.4052300982676	794.2067547025663	2006.6808103231242	8.445149306890182
9.769932086696583	2.0994553238054197	2075.7437406070026	1450.5634101765488	794.637119296399	2017.1372299101815	8.472023060811189
9.758423294541014	2.0987453465007566	2086.901920685284	1461.72159025483	795.6691059172078	2027.6612682558055	8.498812312945475
9.753486973853702	2.098029400867755	2098.060100763565	1472.879770333111	796.039168753488	2038.1048411083711	8.525517502931887
9.743516212903685	2.0973077381449814	2109.218280841846	1484.0379504113923	796.9161474702223	2048.606246076336	8.552139024935286
9.73657479849049	2.0965806004660115	2120.376460920127	1495.1961304896734	797.4914832028278	2059.0684782155076	8.578678301615426
9.72962963743603	2.0958482218927217	2131.534640998408	1506.3543105679544	798.0528037624994	2069.5279972153417	8.605135970434223
9.720607621118424	2.095110828429381	2142.6928210766896	1517.5124906462356	798.8354977061199	2080.0109433304456	8.631512100834861
9.720868126280381	2.0943686393875485	2153.8510011549706	1528.6706707245164	798.654343905028	2090.373435201513	8.65780816123896
9.71279795062084	2.093621866248899	2165.009181233252	1539.828850802798	799.3313509309396	2100.8385460677214	8.68402484269942
9.700344298393894	2.0928707143034018	2176.167361311533	1550.9870308810791	800.4634548689683	2111.3585132161825	8.710162734974812
9.693507110909504	2.0921153815541103	2187.325541389814	1562.14521095936	801.1669413366541	2121.803335720026	8.7362220943285
9.688761846883787	2.0913560592320035	2198.4837214680947	1573.3033910376412	801.4920621172973	2132.2175552161043	8.762204148326695
9.679700242196951	2.090552881770233	2209.641901546376	1584.4615711159224	802.2693123401227	2142.6867702744453	8.788109556196419
9.671780104757504	2.0898261820373314	2220.8000816246577	1595.6197511942034	802.9260550076071	2153.1384397358997	8.813938969690463
9.664099936762662	2.0890559806190248	2231.9582617029387	1606.7779312724847	803.5571742267782	2163.584512487227	8.83969303319302
9.666799862161488	2.0882824962535977	2243.11644178122	1617.936111350766	803.0808530458779	2173.883263043356	8.86537217402982
9.649867302960029	2.0875058915333358	2254.274621859501	1629.094291429047	804.697089206666	2184.453752702907	8.890977102296295
9.646426914926543	2.0867263245400767	2265.4328019377817	1640.2524715073282	804.8707626653395	2194.832184426067	8.916508613597692
9.628131939411	2.084480295529037	2287.7491620943442	1662.5688316638903	806.443574388562	2215.744772582845	8.967353839354224
9.622995910774115	2.0843713446288543	2298.9073421726252	1673.7270117421715	806.795490447737	2226.139246537599	8.992668763791839
9.345925851931858	2.0439047835181094	2856.8163460866867	2231.6360156562287	825.8655642401593	2742.787566823546	10.17851273149201
9.23742771585744	2.024277292852748	3135.770848043716	2510.5905176132574	831.8746533542934	2998.1199483174823	10.722400402451617
9.145432171840937	2.0055150269942015	3414.725350000744	2789.545019570286	835.8747900923939	3251.431658387898	11.240018708121404
9.061903533819551	1.9877600752909965	3693.6798519577733	3068.4995215273148	839.0416025585432	3502.9296494427226	11.734841534448549
8.997151509930168	1.971027003610357	3972.634353914802	3347.454023484343	839.910614332291	3752.1119083113977	12.209639276503145
8.924176538485316	1.9552845757938386	4251.58885587184	3626.4085254413717	842.3279228258334	4000.175776658111	12.666662557045058
8.867141320905834	1.9404802925115818	4530.5433578288885	3905.3630273984004	842.8042470545141	4245.932409092395	13.107769886283377
8.81425319923393	1.9265532101713958	4809.497859785905	4184.317529355429	843.0214142086119	4489.941937304926	13.534516706548509
8.76718705273382	1.913440654926286	5088.452361742933	4463.272031312457	842.7198835904588	4732.068723201416	13.94822001825347
8.722787403031672	1.901081682241731	5367.406863699964	4742.226533269486	841.8575367845962	4972.520420595754	14.350007973731712
8.68801702860868	1.8893799230593618	5646.361365656992	5021.181035226515	840.9009396177894	5210.644933799843	14.740853806837146
8.658306318028794	1.8783984964033145	5925.315867614019	5300.1355371835425	838.928508231545	5446.7190292123305	15.121605935155882
8.613733020504485	1.8679718067097277	6204.270369571049	5579.090039140572	839.587156613368	5682.91605389004	15.493008190127034
8.585569625393255	1.8580938409273666	6483.224871528077	5858.044541097601	837.9444076411772	5915.871912048812	15.855717371259336
8.559358224921743	1.8487237377475059	6762.179373485105	6136.9990430546295	835.6086913029806	6147.080185340189	16.210316599450618
8.512156447642797	1.8313617981263555	7320.088377399164	6694.908046968686	831.7608877524759	6604.297648572729	16.89721493872855
8.480857119507386	1.8233054131301352	7599.042879356192	6973.862548925715	832.0846697475342	6832.010825260157	17.230402998101184
8.460214392014915	1.8156271772920898	7877.997381313221	7252.817050882743	830.9470259967767	7056.594113688097	17.55727166725435
8.44172938297033	1.8083015777678877	8156.951883270248	7531.771552839771	829.5283552490337	7279.333051322519	17.87816779331178
8.427514563678438	1.8013053302664688	8435.906385227277	7810.726054796801	827.3922904923968	7499.752334241004	18.193407150079103
8.40864068974388	1.7946171563169462	8714.860887184306	8089.6805567538295	826.1235656996113	7719.657817391083	18.503278729308374
8.389054974542752	1.788217565804219	8993.815389141335	8368.635058710857	825.1386678936608	7938.356987153709	18.808047750600913
8.375421635095305	1.7820887014175062	9272.769891098364	8647.589560667886	823.3988933993245	8154.292564613627	19.107958282794364
8.359668046123465	1.7762141533055051	9551.72439305539	8926.544062624915	822.1384921169513	8369.327395209166	19.403235534449884
8.349786679957576	1.7705788282090056	9830.67889501242	9205.498564581943	820.113828135253	8581.414015065253	19.69408786150916
8.334142296568265	1.7651688181031941	10109.63339696945	9484.453066538972	819.1193954815599	8793.648964628006	19.980708355167017
8.322732635554171	1.759971286036751	10388.587898926477	9763.407568496	817.6043971946368	9003.311139106456	20.263276475966794
8.301040690472695	1.750167077741475	10946.496902840534	10321.316572410058	814.7669898495194	9418.087046413932	20.81691344364768
8.290744867079418	1.745539232258705	11225.45140479756	10600.271074367085	813.4515317849897	9623.219301298031	21.08828402996069