28.382674912641598	0.08186168569606778	35.01889990375193	0.11158180078281144	0.21926186974739212	29.42314902622758	0.2294761402266479
27.641770240697547	0.08321373215704085	56.00181385488425	0.22316360156562287	0.16964892259207845	45.838738242152175	0.36638318336958964
26.83433892584748	0.08412053650494968	72.04827648580353	0.33474540234843436	0.14312977282693629	59.51381247828058	0.4708744562489539
26.655930269292238	0.08653140692622104	81.10687321179608	0.44632720313124574	0.11056400213515243	70.98732377518685	0.5297225169962301
25.816045958412317	0.08964351049144294	90.14122176324858	0.5579090039140573	0.09426161745451377	78.92916323992486	0.5884123560085507
25.510632233044056	0.09351022418067965	97.0036548044586	0.6694908046968687	0.07703501150416726	86.10946335922631	0.6325701430208444
24.865723215220463	0.09808744128249584	101.25525164665608	0.7810726054796802	0.06441478610460978	94.30146334271618	0.6592591071306456
24.363387806718706	0.10347096747597125	105.50684848885356	0.8926544062624915	0.05173119779557157	98.66426263710478	0.6859480712404469
23.71699265879324	0.10924524599950719	109.75844533105104	1.004236207045303	0.045385242815485956	102.71746229944176	0.7126370353502481
12.792134408148895	0.5526437527238907	245.11840180934104	11.158180078281145	108.20242257996381	242.56449039513973	1.563983909281709
12.742262311043623	0.5871555101549841	253.6540410384029	12.273998086109259	117.4949594955068	251.06878325606058	1.6161407807104244
12.70314227468177	0.6199291101522424	261.7296771082521	13.389816093937375	125.8490451845769	259.108636761203	1.6652806910331768
12.668838322403348	0.6511410853015032	269.40553577977784	14.505634101765487	131.80510260383375	266.75024764979014	1.7117989672106333
12.649619523398043	0.6809410772448864	276.72257684770744	15.621452109593601	137.18930556072803	274.03280903034465	1.7559693827879308
12.625578827812985	0.7094615764908471	283.6973660638568	16.73727011742172	142.5035281082216	280.9880748295598	1.7979135809894156
12.613189611900346	0.7368265153738458	290.32130709036545	17.853088125249833	147.34273066968737	287.6118773951306	1.8376007940358814
12.596907351534428	0.7631594304985789	296.55435630294664	18.968906133077947	152.06915889997555	293.8856849106818	1.8748119035482038
12.620750455376296	0.7885909600607529	302.3243170849087	20.084724140906058	155.60811381678423	299.7342832644513	1.9091371977593692
12.574737798635814	0.8132575073414523	307.5813468777778	21.200542148734172	160.77644574372917	305.14255832581466	1.940304129351474
12.570050673447428	0.8372900713482198	312.31411688530454	22.316360156562286	164.7888305121408	310.0346292167403	1.9682683620732653
12.572596414528297	0.8608016530233912	316.56985371361674	23.4321781643904	168.52817998552567	314.439834839075	1.993331289848967
12.557562722007322	0.8838795106473366	320.4223873227176	24.547996172218518	172.6623191713441	318.4270375879916	2.0159461404573342
12.551297816081576	0.9065853011384098	323.94764799962604	25.663814180046632	176.5191763192221	322.0598675231534	2.036573402932906
12.550434096938057	0.9289600529774927	327.2136614429314	26.779632187874743	180.19222320073794	325.40829499338275	2.0556236958128506
12.548212341326675	0.9510302835877549	330.2674004873572	27.89545019570286	183.86640969021562	328.52691647938224	2.0733797724211636
12.545477955811906	0.9728129404526734	333.1494221903847	29.011268203530975	187.5259026534346	331.4618368637	2.0900863608286406
12.544939817780127	0.994319103199606	335.8817331353983	30.12708621135909	191.09824326355985	334.23747250677036	2.105875997026233
12.547268193441264	1.0155562368342816	338.4870848098266	31.242904219187203	194.56147305154803	336.8789710005235	2.1208867501992463
12.548650303950664	1.0365297012010544	340.9800469832447	32.35872222701532	198.01038163739506	339.403401936408	2.135207279995852
12.55121386223028	1.0572436382625265	343.3698962596384	33.47454023484344	201.3865643663826	341.82332338468467	2.148894192484402
12.553161528253897	1.0777014818515747	345.6679022360754	34.590358242671556	204.7434495872226	344.14598036203205	2.162016623290788
12.557192916564125	1.0979063565180185	347.88298438089134	35.70617625049967	208.00418513320156	346.3831769201356	2.1746294085671227
12.563917998727156	1.1178611077889093	350.01820033495136	36.82199425832778	211.15072398657438	348.5394734813115	2.1867514147302507
12.564355924534459	1.137568548228972	352.0826798349083	37.937812266155895	214.4504967960248	350.6252190061271	2.198438812977867
12.568220236519732	1.1570313545036697	354.08156037183886	39.053630273984005	217.6172117759677	352.6397767980309	2.2097232076980533
12.573372170757828	1.1762522085783003	356.01733729820046	40.169448281812116	220.71435332890417	354.5917987561233	2.220619925087584
12.578113131360464	1.1952337810667417	357.895708268973	41.28526628964023	223.79398646587626	356.4855530851119	2.231163910221167
12.583953117624045	1.2139786978552582	359.72109476354655	42.401084297468344	226.81084790780005	358.324447862834	2.2413822180334435
12.5881224343688	1.2324895735459365	361.49709706858107	43.51690230529646	229.85098722747767	360.1127312415512	2.2512968118086305
12.595071943768223	1.250769008516769	363.2271742836863	44.63272031312458	232.77563199778257	361.8529139852542	2.260928747755207
12.601536732796472	1.2688195886231872	364.91463246444573	45.7485383209527	235.68788837046012	363.5490805326967	2.270298111420608
12.607501315037853	1.2866438832222042	366.56128201136875	46.86435632878081	238.5884543220745	365.2044382739949	2.2794157325533293
12.60859684413723	1.3042444201458983	368.1703001054622	47.980174336608926	241.61885475950564	366.82296000870184	2.2883008346676252
12.62903822719519	1.3216237355069798	369.7452614150065	49.095992344437036	243.99625503564593	368.401392727546	2.2969751143008343
12.626422527240337	1.338784355022903	371.2888440288006	50.211810352265154	247.08936736333513	369.9501840358511	2.3054547518855095
12.632791721462866	1.355728783810368	372.8009246843826	51.327628360093264	249.8587597209818	371.4669986925338	2.3137384883466328
12.639810176475844	1.3724594613346441	374.285320536936	52.44344636792138	252.57624475053234	372.95515092678414	2.321849539223142
12.644815307320657	1.3889788917442216	375.74479663483083	53.559264375749486	255.32943773805943	374.41510910478416	2.329804685620662
12.652410706490052	1.4052894918092989	377.17796551082523	54.6750823835776	257.96667395417245	375.8510566408142	2.3375946092295723
12.659047337225527	1.4213936969601255	378.59046406157063	55.79090039140572	260.606354271575	377.26197076678045	2.3452541735517243
12.659047337225527	1.4213936969601255	378.59046406157063	55.79090039140572	260.606354271575	377.26197076678045	2.3452541735517243
12.66045507158231	1.42538778209665	378.93910912566065	56.06985489336274	261.2700592942839	377.61254314857644	2.347140708027838
12.662299701558146	1.4293691669543729	379.28775418975056	56.348809395319776	261.91737457067467	377.9595573857611	2.349027242503953
12.664275890578832	1.4333378543015247	379.6347764238208	56.6277638972768	262.5585964152867	378.30645254582083	2.3509034610196378
12.666034469961444	1.437293923160239	379.9800710809213	56.90671839923384	263.20487037660445	378.6523067931529	2.3527686977224143
12.667443276666495	1.4412373899214048	380.32536573802173	57.185672901190856	263.86111958593784	378.99589008673684	2.35463393442519
12.671207207278943	1.4451682853051036	380.6680673153953	57.464627403147894	264.43571556373456	379.3389714411189	2.3564826259912777
12.670692662541212	1.449086667040092	381.01013571807465	57.74358190510491	265.15408644827687	379.6808845355787	2.3583272775883053
12.672420520033707	1.452992549527676	381.35191491497426	58.02253640706195	265.7945880688342	380.02108704772485	2.3601700763762734
12.674302713650098	1.4568859842394786	381.69088038953697	58.301490909018966	266.4272798455834	380.3612534117512	2.361994848933073
12.675411356590585	1.460767014484917	382.0298458640998	58.580445410976004	267.0848165767445	380.69869806231577	2.3638196214898723
12.677702221968506	1.4646356491865258	382.36775883346877	58.859399912933036	267.7003158849784	381.035588957138	2.365637620997133
12.676972210985483	1.468491956611251	382.70374386058137	59.13835441489007	268.41756622364375	381.3726397548495	2.3674432138687864
12.68049691492063	1.4723359629081267	383.0397288876939	59.41730891684709	268.9870221521028	381.7062084974342	2.36924880674044
12.682073688325199	1.4761676834230724	383.3740444655939	59.69626341880411	269.6211577178155	382.0401810605406	2.3710436038168368
12.684286974734581	1.479987189712919	383.7071706661637	59.975217920761146	270.2318044882549	382.372917416934	2.3728307095696266
12.686152298518987	1.48379449921905	384.04029686673346	60.25417242271817	270.8528289107752	382.7038837429291	2.3746178153224164
12.689040471355899	1.4875896356721225	384.3712705486636	60.53312692467521	271.43627366350876	383.0346270911823	2.376390926632537
12.689177456658935	1.4913726718836215	384.70165867482353	60.812081426632226	272.1127726833284	383.36436561011243	2.3781602309945997
12.68989922633035	1.49514360992169	385.03204680098344	61.091035928589264	272.7674490723528	383.6927429683152	2.3799295353566627
12.69330857001796	1.4989024944267957	385.35992100473584	61.36999043054628	273.3276090793552	384.02054621128013	2.3816823991212974
12.692296362436915	1.5026493786513382	385.6876909357639	61.64894493250332	274.0388411376672	384.34733136491593	2.3834345809611923
12.695786693778762	1.5063842709078277	386.0151944815637	61.927899434460336	274.5915446410568	384.6724109386448	2.38518500936268
12.697593588166995	1.510107226084701	386.34046522454923	62.206853936417374	275.2011453032926	384.99784190097455	2.3869207406946797
12.698579518878521	1.513818282395904	386.6657359675348	62.4858084383744	275.83764584196564	385.32123803767536	2.3886564720266796
12.700370915464028	1.517517454992889	386.99046869235053	62.76476294033144	276.44392175152547	385.6440830058489	2.390388636531089
12.702520568204969	1.521204799645278	387.31335838740813	63.043717442288454	277.0354964214102	385.9668466502706	2.3921085825459376
12.702238702947714	1.5248803508661417	387.6362480824658	63.32267194424548	277.7102180867292	386.28776432134	2.3938285285607863
12.704880586972862	1.528544123028823	387.95841588412213	63.60162644620251	278.2813663044674	386.6079508547065	2.3955436507513683
12.706454412878209	1.5321961775066992	388.2790418139413	63.88058094815954	278.8871771588997	386.92828092645175	2.3972484698712027
12.708243599270544	1.5358365412527266	388.5996677437604	64.15953545011656	279.4834473472229	387.24629357065334	2.3989532889910374
12.710213694010747	1.5394652335378711	388.9194647452537	64.4384899520736	280.0717336969457	387.56425959773765	2.400652520290704
12.71182803912067	1.5430823133713851	389.23794334876663	64.71744445403063	280.6705410038278	387.88211642050163	2.402342864246804
12.714254658746231	1.5466878058307107	389.5564219522796	64.99639895598766	281.23804722072583	388.197745373009	2.4040332082029034
12.714817531649	1.5502817335291723	389.8740308802855	65.27535345794469	281.8692210620997	388.5137679938266	2.405717632213687
12.716116888750216	1.553864152600597	390.1904777702326	65.5543079599017	282.47282082015545	388.8294066466273	2.4073941461457022
12.717907850491013	1.557435088964755	390.5069246601797	65.83326246185874	283.0565432746742	389.1430403726455	2.409070660077718
12.720568630533098	1.5609945658642999	390.82251724038844	66.11221696381577	283.60739496984695	389.45648070612737	2.410741295001694
12.721367257062543	1.5645426354616752	391.13704722455475	66.3911714657728	284.22189594012616	389.77011425740534	2.4124046175770033
12.725901468934234	1.568079327257746	391.451577208721	66.67012596772985	284.70266820137766	390.08113863559305	2.414067940152312
12.729040301639412	1.571604662354959	391.76531457592966	66.94908046968686	285.22992803765453	390.39245379171524	2.4157257412816335
12.725884718999414	1.5751186946705573	392.078041681829	67.2280349716439	285.976477343882	390.7049888652991	2.417376504833472
12.726276957296115	1.578621449181682	392.39076878772835	67.50698947360091	286.5962965730926	391.0150006291162	2.41902726838531
12.727623444808613	1.5821129513577121	392.7028019087906	67.78594397555796	287.17936716973486	391.3248017180462	2.420673130650019
12.73057784354496	1.5855932513225972	393.01383941157275	68.06489847751497	287.7037039751461	391.63421048470775	2.422311961333056
12.731325393100732	1.5890623770859178	393.3248769143549	68.34385297947202	288.30366429731566	391.9423523327045	2.4239507920160923
12.733523309673751	1.5925203479812031	393.6353470222576	68.62280748142904	288.84947172954	392.25015950637936	2.4255855525794052
12.735207751257516	1.5959672230523994	393.9448074756161	68.90176198338607	289.410795649687	392.5581021397889	2.427213070541449
12.736587824175809	1.5994030228822826	394.2542679289746	69.1807164853431	289.9808316602721	392.8645174289381	2.428840588503493
12.73835662344976	1.602827770244901	394.5633069664817	69.45967098730013	290.5338667583143	393.17074918243003	2.4304650293952483
12.739722498833052	1.6062415175640352	394.8713022363442	69.73862548925715	291.09827047606836	393.4770638468878	2.4320818489637985
12.7377446231893	1.609644291881819	395.17929750620675	70.01757999121418	291.77716887319264	393.782790158701	2.4336986685323487
12.743412386068165	1.613036115705103	395.4870285776755	70.29653449317121	292.1858751842054	394.08659552133497	2.435313519312303
12.744132121036602	1.616417035011485	395.7936698784605	70.57548899512823	292.76433024557883	394.391480389789	2.4369202491946864
12.75070821380297	1.6197870800631813	396.10031117924547	70.85444349708526	293.1364062470282	394.69402065610694	2.4385269790770696
12.744740662326544	1.6231462770727125	396.4068490093824	71.13339799904229	293.94182022898235	394.9989250488038	2.4401329195206776
12.74872772768816	1.6264946634015713	396.71224694261207	71.41235250099933	294.3972395143673	395.30162678626203	2.4417301630165484
12.750025280406703	1.6298322771752347	397.01764487584165	71.69130700295635	294.94416169613476	395.60413572853037	2.4433274065124193
12.75150684249057	1.6331591401536258	397.32304280907124	71.97026150491338	295.47984107044624	395.90604489581426	2.4449246500082897
12.75329997304264	1.636475287660807	397.6273608693823	72.2492160068704	296.00216288745736	396.20787811934264	2.4465134245376485
12.754809178090955	1.639780761192663	397.9316254644442	72.52817050882744	296.5315715221948	396.5092478872662	2.448101779762664
12.758627642944505	1.643075581323263	398.23589005950606	72.80712501078446	296.97670999574416	396.80939091639743	2.44969013498768
12.75565231845213	1.646359781205002	398.53933055231204	73.08607951274149	297.6523104529874	397.11104613041215	2.4512718133616804
12.757877797364916	1.6496334032753035	398.8425713091692	73.36503401469851	298.14622459435293	397.4112574121027	2.4528518734811953
12.76081928650745	1.6528964690900259	399.14581206602634	73.64398851665555	298.6113061334424	397.71045940069433	2.45443193360071
12.760756937175229	1.6561490093726199	399.4484668987603	73.92294301861257	299.17623725042824	398.0103290074452	2.4560070577819397
12.763396184854958	1.6593910646992185	399.75079283241087	74.20189752056959	299.64424185195253	398.3095356224585	2.457579411253596
12.764202875320882	1.662622660452319	400.05311876606146	74.48085202252663	300.1713175135666	398.60818951578966	2.4591517647252528
12.766411292025479	1.6658438258659458	400.3550733975545	74.75980652448366	300.64758329397296	398.90651861565857	2.460720837993844
12.768040522017472	1.6690545982577478	400.6565930840499	75.0387610264407	301.13853831492514	399.20497174119214	2.4622860688179813
12.767521892114141	1.672255006370768	400.9581127705453	75.31771552839771	301.6985777830672	399.5031565204012	2.4638512996421196
12.770691255914745	1.675445077570991	401.259446692512	75.59667003035476	302.1300927650359	399.80034442209814	2.4654147893203513
12.772583328922115	1.6786248464422544	401.56026831634443	75.87562453231178	302.60175803041926	400.09781328002606	2.4669734772971763
12.77347862637392	1.681794347241925	401.86108994017684	76.1545790342688	303.101267757645	400.39502930674456	2.4685321652740013
12.774408869381835	1.6849536022322336	402.1618771610296	76.43353353622582	303.5954476721081	400.6919126082064	2.4700905054455355
12.798201045794213	1.6881026469248794	402.46210856370544	76.71248803818287	303.33935598384085	400.9835162974213	2.47164322643803
12.777457322568656	1.6912415123757942	402.76233996638126	76.99144254013989	304.53285026171125	401.28514004166846	2.473195947430524
12.783839958921547	1.6943702265790854	403.0625713690571	77.27039704209692	304.8394946497195	401.58005370103757	2.4747486684230178
12.785974610659693	1.6974888193631912	403.36239822667125	77.54935154405395	305.27862038865413	401.87593916302126	2.4762968678537978
12.781858257314065	1.7005973243583627	403.66214695628855	77.82830604601098	305.91477201234477	402.17321505293813	2.4778441940553795
12.783158042548102	1.7036957702781534	403.9618956859058	78.10726054796801	306.3708643039017	402.46870191395436	2.479391520256961
12.784776202031324	1.706784182687889	404.26141665928503	78.38621504992503	306.8144906710457	402.7641069248256	2.480935918265061
12.78582752992592	1.7098625967010046	404.5607900206071	78.66516955188207	307.2703955969002	403.0596371954427	2.4824784184693183
12.787084218345006	1.7129310384073542	404.8601633819291	78.94412405383909	307.7164358757829	403.3547191852759	2.4840209186735756
12.78883280032021	1.7159895390250255	405.1594387594246	79.22307855579612	308.14249875395893	403.64959581481287	2.4855618627365015
12.789020510211563	1.7190381278218663	405.4585438654955	79.50203305775315	308.6126887306356	403.9448323597245	2.487100102614356
12.79114900787551	1.7220768340100843	405.75764897156637	79.7809875597102	309.0190723133681	404.23940346831176	2.4886383424922105
12.792229550908635	1.725105685689302	406.0567355632082	80.05994206166721	309.4530845696699	404.53404326761637	2.49017615791501
12.793944422749533	1.7281247118685112	406.3556793868521	80.33889656362425	309.8639658804842	404.8285271690614	2.491710700290722
12.795144351659443	1.7311339433617714	406.65462321049597	80.61785106558126	310.2860570599597	405.12306017762654	2.493245242666434
12.796553174209533	1.7341334071162735	406.9535670341399	80.89680556753831	310.69787831916926	405.41733615745716	2.494779785042146
12.796626719476734	1.7371231316277442	407.2524642660257	81.17576006949533	311.1451519250054	405.71192395187325	2.4963116403812236
12.798875706867344	1.740103145704929	407.55135369148377	81.45471457145234	311.5238058669196	406.00598261717727	2.497843045508542
12.800478062507038	1.7430734786001547	407.8502431169418	81.73366907340937	311.91813900709957	406.30003779179344	2.4993744506358597
12.801900883885775	1.74603410301766	408.1584317678547	82.0126235753664	312.3127905249294	406.59411480501535	2.500951728792291
12.804765567875354	1.7489848129554388	408.47304210840764	82.29157807732344	312.66370596986224	406.88781067757765	2.5025606851091493
12.804466357439685	1.7519256085824217	408.78765244896056	82.57053257928045	313.09947240085927	407.1822152663942	2.5041696414260084
12.805731605933286	1.7548564780979528	409.1107208225074	82.84948708123748	313.4892930721846	407.476191945965	2.5058204041192718
12.806764950429445	1.75777719173055	409.4428095153133	83.12844158319453	313.87816403793556	407.77018092067607	2.507515752458217
12.808275821740802	1.760687731871845	409.77489820811917	83.40739608515156	314.25314669882374	408.06883455115894	2.509211100797162
12.813514102017026	1.763588074320129	410.1174314492014	83.68635058710858	314.51650607579546	408.3771178937145	2.5109581695494287
12.810847965840626	1.7664779654807763	410.46905477099585	83.96530508906562	315.0002862168939	408.6874001297954	2.5127502515199898
12.810814460568304	1.769357396032573	410.8206780927903	84.24425959102264	315.40474619359094	408.99956155641655	2.5145423334905517
12.813109531078968	1.7722262788619547	411.18866546784824	84.52321409297967	315.74125092072035	409.32562383393383	2.5164155881867702
12.815448034575446	1.7779316596143575	411.9387181760967	85.08112309689372	316.4654941317655	409.9810584644545	2.520231952989526
12.816367766796342	1.7807679225888071	412.3372246074637	85.36007759885075	316.83107304234045	410.32651022220637	2.522256793437973
12.81791955343818	1.783593004478517	412.7357310388307	85.63903210080777	317.17203943461664	410.67170413221487	2.5242816338864205
12.81918764654405	1.7864068331892426	413.15260358835184	85.9179866027648	317.51963917904055	411.02356218984437	2.526397860131617
12.820339030223998	1.7892090628708919	413.5795747648165	86.19694110472183	317.8663950520621	411.39028696096864	2.528564334941129
12.828711046830938	1.791999659392413	414.0176250773273	86.47589560667886	318.0164181346563	411.7546331550718	2.5307860130085844
12.822821917517238	1.7947782382419766	414.47744019044313	86.75485010863589	318.54565876501624	412.1387563298151	2.533116137068297
12.827804576168356	1.7975446913780426	414.9445938831728	87.03380461059292	318.77931965810933	412.5283086963179	2.5354828728961136
12.837546640641534	1.8002986118012625	415.4427269223815	87.31275911254995	318.886197715765	412.9188648011599	2.5380041629713426
12.825860695600436	1.8030397983020527	415.95029760931874	87.59171361450699	319.5536565194151	413.34206637057116	2.5405725915421637
12.826049735611466	1.8057677653745285	416.4937154702737	87.870668116464	319.90357926516475	413.7607328608773	2.543320067043219
12.827272377929821	1.80848223624499	417.05824804856394	88.14962261842105	320.2259008978172	414.2031703980625	2.5461731160152654
12.829239169526684	1.8111825559693338	417.6560076956143	88.42857712037807	320.52240683656083	414.6528985077945	2.5491923001490635
12.831538662958382	1.8138682925954768	418.3024168381654	88.70753162233508	320.80854359490104	415.1233146989469	2.552454962783593
12.831169648762309	1.8165386547726428	418.98657329433274	88.98648612429211	321.1610583251943	415.6109171893241	2.5559066261694516
12.833393982305783	1.8191926904262592	419.7337728531456	89.26544062624914	321.44087099106906	416.12059333454454	2.5596740724408673
12.833684912642234	1.821829291002217	420.57848072313	89.54439512820618	321.7681449694679	416.6512095468075	2.5639303039824055
12.833473239719298	1.8244467990506887	421.53936217562295	89.8233496301632	322.1039586604111	417.21689309469707	2.568769234518692
12.834811358068363	1.827042688316197	422.68599522176913	90.10230413212022	322.3953510162503	417.79815237642606	2.5745403175859627
12.834633618564597	1.8296123095982961	424.2863006674956	90.38125863407727	322.722178631668	418.4410050978999	2.58258946437798
12.837673427308438	1.8316369816227762	710.0494260556543	90.6602131360343	322.8989896596418	418.97843373143473	4.018713650733137
12.837258281871806	1.8317696414373632	717.183872776116	90.93916763799132	322.9255077474341	419.1266293306931	4.0545611547310045
12.837574152454	1.8318503448360128	721.3202368031141	91.21812213994835	322.9275730831197	419.3220347346703	4.075337408783996
12.840379828460462	1.831898775890246	724.5604337025602	91.49707664190538	322.86428092818676	419.5502614948229	4.0916068674051616
12.83594986871242	1.8319226396437371	727.3837736193443	91.77603114386241	322.9762048338373	419.8142481767574	4.105778508196326
12.839368587420507	1.8319261901978672	730.1733186389147	92.05498564581943	322.89217994633594	420.13547948692906	4.119775741674459
12.835072163430855	1.831911958728513	732.9628636584849	92.33394014777646	322.9961268590926	420.4883572996398	4.133768157091845
12.833547967383407	1.831881732977958	735.7524086780552	92.61289464973349	323.02976064673294	420.8732810574552	4.147755868496539
12.8318710487277	1.831836876576075	738.5419536976254	92.89184915169052	323.06535532837484	421.3329346702027	4.16173889507707
12.829855458928286	1.8317784877612888	741.3314987171957	93.17080365364754	323.1076403490276	421.82160374677454	4.17571725587319
12.834500668041622	1.831707475667783	744.1210437367661	93.44975815560458	322.98391545140754	422.41610983476136	4.189690932944408
12.82820450862933	1.8316246124241073	746.9105887563362	93.7287126575616	323.1288571298595	423.117397328171	4.203659896399162
12.828746573086088	1.831530567488791	749.7001337759064	94.00766715951863	323.103545123557	423.9755800554434	4.21762425063585
12.826467691831636	1.8314259247940399	752.4896787954766	94.28662166147566	323.14660964876765	425.25855569124604	4.23158401411456
12.825554830508494	1.8313112083249317	755.2792238150467	94.56557616343271	323.154666586699	711.1086777257854	4.245539205154832
12.825496085418845	1.831186884125681	758.068768834617	94.84453066538973	323.1403995645877	717.1299028068012	4.2594897821297195
12.824588657135095	1.831053374824115	760.8583138541874	95.12348516734676	323.14596687783103	720.9245292316115	4.273435759787896
12.823145663267097	1.8309110664098789	763.6478588737575	95.40243966930377	323.16368719131935	723.9499312866297	4.287377219471083
12.825497873067128	1.8307603133667416	766.437403893328	95.68139417126082	323.08640539289706	726.530302197694	4.301314178950717
12.820440556870958	1.8306014416618648	769.2269489128981	95.96034867321784	323.1915409183077	729.0755159149874	4.3152466558653195
12.818492251970111	1.8304347545687292	772.0164939324687	96.23930317517487	323.21874801916243	731.6013325083454	4.329174572527939
12.816514810714272	1.8302605329164363	774.8060389520388	96.51825767713188	323.2457481697353	734.1265808889274	4.343098013303714
12.815383821733322	1.8300790400156726	777.5955839716091	96.79721217908893	323.25086562110295	736.6458696839051	4.357017023987714
12.819718039420655	1.8298905230390563	780.3851289911794	97.07616668104595	323.11956763272997	739.1304706311566	4.37093162169969
12.813058940192183	1.8296952137790072	783.1746740107498	97.35512118300298	323.2600443139224	741.682398228117	4.384841805418041
12.811227511471248	1.8294933324658982	785.9642190303198	97.63407568496	323.2799846198092	744.2036448269612	4.398747503907527
12.811123390853338	1.829285084143199	788.7537640498902	97.91303018691704	323.25624992972587	746.71322495374	4.412648840383928
12.80958798838297	1.8290706663083514	791.5433090694605	98.19198468887407	323.26726705233926	749.2309984242614	4.426545831470199
12.807460449716343	1.828850264167347	794.3328540890308	98.47093919083109	323.2922475825655	751.751796513245	4.440438493668828
12.805230313237619	1.8286240566993228	797.1223991086011	98.74989369278813	323.3190621777433	754.2725180631079	4.4543267678971254
12.805021662682371	1.8283922123404879	799.9119441281714	99.02884819474517	323.2949207296935	756.7792188692025	4.468210696918641
12.801205838200676	1.82815489237171	802.7014891477417	99.30780269670218	323.3597900194611	759.308764478767	4.48209034620468
12.806523612802723	1.827912250120342	805.4910341673119	99.58675719865921	323.19677950167704	761.7777422255072	4.495965731786742
12.800341304920124	1.8276644353144065	808.2805791868823	99.86571170061625	323.3192217984742	764.321385212092	4.509836851516726
12.798764020384253	1.8274115881328208	811.0701242064526	100.14466620257328	323.32646046647636	766.8340137150228	4.5237036323238975
12.796966240133038	1.8271538466365664	813.8596692260228	100.4236207045303	323.3385752045292	769.347350213836	4.537566197202337
12.795461519705283	1.8268913396072073	816.6492142455934	100.70257520648732	323.34279097081287	771.857965119257	4.5514245617319355
12.793777732493389	1.8266241928610742	819.4387592651635	100.98152970844436	323.35088358436826	774.3690215915673	4.565278741383064
12.79154557030279	1.8263525297968755	822.228304284734	101.26048421040139	323.3720820945558	776.8830610212175	4.579128656506973
12.790431818848754	1.82607646443678	825.0178493043043	101.5394387123584	323.3648364515058	779.3887195581899	4.592974387239231
12.788787136928272	1.8257961115456982	827.8073943238746	101.81839321431544	323.3702885653644	781.8972407391095	4.6068159792233265
12.787114397567457	1.8255115793762209	830.5969393434449	102.09734771627247	323.3759123993018	784.4052005688994	4.620653447500817
12.785660107931479	1.825222972645577	833.386484363015	102.3763022182295	323.37556542166317	786.9108810944542	4.634486751708295
12.78338414573632	1.8249303937349592	836.1760293825855	102.65525672018653	323.3952382694502	789.4215675618974	4.6483158917103164
12.781942894548077	1.8246339404813867	838.965574402156	102.93421122214357	323.3935703095025	791.925650829294	4.662140952880586
12.780078101739381	1.8243337087151628	841.7551194217261	103.21316572410059	323.4020069895189	794.4319780898488	4.675961949848984
12.780320819454394	1.8240297902059799	844.5446644412965	103.49212022605762	323.3572719464892	796.9224849183698	4.689778873598933
12.77655276955741	1.8237222751912467	847.3342094608666	103.77107472801464	323.4123852976965	799.4409650699052	4.703591659712076
12.775016066688426	1.8234112498661372	850.123754480437	104.05002922997168	323.4112450621731	801.9427119829375	4.717400425292151
12.772802922565992	1.8230967991533644	852.9132995000072	104.3289837319287	323.42660126954274	804.4486310591097	4.73120518457362
12.771399688368215	1.8227790040539291	855.7028445195772	104.60793823388573	323.42125453594264	806.9479138913657	4.745005951695066
12.769653261224017	1.8224579447575402	858.4923895391474	104.88689273584275	323.42408402517316	809.4489601737421	4.758802615069568
12.768050379465018	1.82213369826041	861.2819345587177	105.16584723779978	323.42290845717855	811.9482046597361	4.772595314028595
12.765822939137045	1.8218063381929075	864.071479578288	105.4448017397568	323.4369919267485	814.4517364926916	4.7863840630531165
12.764106481273911	1.8214759397269265	866.8610245978583	105.72375624171383	323.4378781541201	816.9503666253397	4.8001688759054675
12.762459170856445	1.821142573795507	869.6505696174287	106.00271074367086	323.4366481804018	819.4477377554333	4.8139496573113325
12.760624363877614	1.8208063082959558	872.4401146369989	106.2816652456279	323.439750428453	821.9457907863992	4.827726512604715
12.75681842036419	1.8204672121973122	875.2296596565694	106.56061974758492	323.4919869775351	824.4581752396258	4.84149947284768
12.756786676235986	1.8201253503117518	878.0192046761397	106.83957424954195	323.44909701084396	826.9410155526633	4.855268551440771
12.754963773021565	1.81978078684809	880.8087496957098	107.11852875149897	323.4508376938481	829.4368134591934	4.869033662595437
12.752680983826728	1.8194335828589663	883.5982947152802	107.39748325345602	323.46379907484277	831.9358332455563	4.882794891393526
12.750997366092589	1.8190838007190457	886.3878397348503	107.67643775541303	323.461369541174	834.429147704153	4.896552278601481
12.749545482584526	1.818731498639731	889.1773847544208	107.95539225737006	323.45278313811247	836.9199073364264	4.910305837271797
12.746934707103975	1.8183767448802328	891.9669297739911	108.2343467593271	323.4730362644362	839.4190744724672	4.924055484589639
12.74507679126996	1.818019567041317	894.7564747935611	108.51330126128413	323.47403789761023	841.9116083704866	4.937801298495134
12.741977817415712	1.8176600393405404	897.5460198131314	108.79225576324114	323.5059898259742	844.4133487159387	4.951543322900417
12.740595468199752	1.8172982328706286	900.3355648327017	109.07121026519818	323.49442287244216	846.9006866543344	4.9652815705229845
12.739569192035956	1.81693417421195	903.1251098522719	109.3501647671552	323.47358231255896	849.3843896693451	4.979015955308432
12.73777459207584	1.8165679001020891	905.914654871842	109.62911926911224	323.47180878735907	851.8735518844705	4.992746560563172
12.73565229517794	1.8161995281122987	908.7041998914125	109.90807377106927	323.47802527635486	854.3646764908805	5.006473427088089
12.732347764422961	1.8158290414174225	911.4937449109829	110.1870282730263	323.51379687005544	856.8648343329609	5.020196567278106
12.731756367367808	1.8154565163973062	914.2832899305531	110.46598277498333	323.4808567572171	859.341986046276	5.033915885909607
12.729505061267153	1.8150819763098316	917.0728349501235	110.74493727694036	323.4895368694225	861.8321120424949	5.0476314835913705
12.72810768098026	1.8147054909688531	919.8623799696934	111.02389177889738	323.47640410169646	864.3144289657341	5.061343392042547
12.726226341894183	1.8143270967315408	922.6519249892638	111.30284628085441	323.4752395159816	866.800064860473	5.07505162334732
12.724379887349544	1.8139468388900692	925.4414700088341	111.58180078281144	323.4729490442379	869.2847027097819	5.088756067452659
12.645168556835094	1.7976135790319088	1037.0232707916462	122.73998086109259	323.3676527362983	968.1576926160975	5.634032613046133
12.573099982385614	1.7801447834549433	1148.605071574456	133.89816093937375	322.91890928306054	1065.8967345849323	6.174077969234055
12.488274532618046	1.7624737336506648	1260.1868723572693	145.0563410176549	322.7609771910093	1162.8084992188622	6.70943768828928
12.41511484392944	1.7450728248185454	1371.768673140081	156.21452109593602	322.3168458245799	1258.623190660503	7.240557640870191
12.345187003052713	1.728183558124835	1483.3504739228906	167.37270117421716	321.84281817115846	1353.4727735102483	7.767808824163226
12.277806813425583	1.711923760677703	1594.932274705701	178.53088125249832	321.3709993328438	1447.3985819632699	8.291504646696222
12.218488113373766	1.696342547980247	1706.5140754885144	189.68906133077948	320.7558646843856	1540.2894051442543	8.81191310423295
12.159527096316719	1.6814502243569236	1818.0958762713265	200.84724140906062	320.2177362703148	1632.3367498805628	9.329266010420755
12.10584585778451	1.6672351813664057	1929.6776770541376	212.00542148734172	319.6103546980557	1723.4236196780148	9.843765669374166
12.054770202342759	1.6536737413384088	2041.2594778369473	223.16360156562288	319.011695315321	1813.6314231587448	10.355590242939652
12.010492574653792	1.6407359681589975	2152.8412786197573	234.32178164390402	318.2907320064462	1902.807304741858	10.864897664434245
11.959625014581233	1.6283891500654566	2264.423079402571	245.47996172218518	317.8532237097346	1991.4756299222681	11.371828888469764
11.916389170351616	1.6165998715919099	2376.004880185381	256.63814180046626	317.2571422601704	2079.09298411612	11.87651056041262
11.875184389422488	1.6053352401821512	2487.5866809681906	267.79632187874745	316.67323152987575	2165.8811428073927	12.379056914973749
11.83765501668639	1.5945635876453017	2599.1684817510027	278.9545019570286	316.0425199820256	2251.758085649174	12.879571576222384
11.800853003448703	1.584254843582944	2710.7502825338156	290.1126820353098	315.4528189143254	2336.8749806583337	13.37814891643496
11.76493740418754	1.5743807153987963	2822.332083316625	301.2708621135909	314.90109545502634	2421.238390664491	13.87487532204521
11.733155217207694	1.5649147386634235	2933.9138840994365	312.429042191872	314.27375795282745	2504.650038228619	14.369829983722415
11.706364732027609	1.5558322512401683	3045.4956848822494	323.58722227015323	313.53029947269664	2587.0202753233225	14.863085891591396
11.671934430221565	1.5471103288693535	3157.0774856650605	334.74540234843437	313.10674933210595	2669.2411356246926	15.354710526380186
11.641394542587673	1.5387276958673173	3268.6592864478757	345.9035824267155	312.60704686084523	2750.528973022593	15.844766321861863
11.615525351099915	1.5306646108440682	3380.241087230686	357.06176250499664	311.98963626391554	2830.786195496068	16.333311326750632
11.588127198655254	1.5229027735424372	3491.8228880134984	368.21994258327777	311.47792573626333	2910.512482083405	16.820399647147735
11.565635284544857	1.515425206999337	3603.4046887963127	379.37812266155896	310.8357668426596	2989.150290332943	17.30608171440561
11.540112562607453	1.508216161766939	3714.9864895791247	390.5363027398401	310.3478279664532	3067.4189242107664	17.79040478630508
11.517031172066735	1.5012610144033334	3826.568290361937	401.69448281812123	309.81438783247455	3144.82445187022	18.273413108584908
11.495143344950257	1.4945461777864348	3938.1500911447492	412.85266289640236	309.27871680376074	3221.478691317987	18.755148311494608
11.474216747629576	1.4880590195860584	4049.7318919275613	424.01084297468344	308.7437872845734	3297.4056978394283	19.235649494332797
11.45382158415632	1.4817877791108764	4161.313692710372	435.16902305296463	308.2291390087895	3372.656026449449	19.714953584371823
11.434760897144645	1.4757215025790371	4272.895493493184	446.32720313124577	307.6985699124839	3447.137176217162	20.193095387099362
11.414366640698015	1.4698499730065755	4384.477294275999	457.48538320952696	307.25611081579166	3521.180653115912	20.67010789608384
11.402107280130172	1.4641636506243212	4496.059095058811	468.64356328780804	306.5251378521764	3593.550454705549	21.146022263049616
11.383961449227343	1.4586536227773836	4607.640895841625	479.8017433660893	306.0602040058165	3666.0919041353377	21.620868108482142
11.363783373172446	1.4533115513587578	4719.222696624438	490.95992344437036	305.7113083259878	3738.3539579137073	22.094673523984216
11.346722267406664	1.4481296286542877	4830.80449740725	502.1181035226515	305.26676893638074	3809.60325239925	22.56746520562472
11.330982178870553	1.4431005338897909	4942.386298190061	513.2762836009326	304.7991180868381	3880.081647947177	23.039268616303872
11.31745466617222	1.4382173965985128	5053.96809897287	524.4344636792138	304.26867251280555	3949.632489786189	23.51010797202604
11.30258296647258	1.433473767595708	5165.549899755687	535.5926437574949	303.8202600727129	4018.830459133765	23.9800063903911
11.288683258799418	1.4288635797751237	5277.131700538498	546.7508238357761	303.36004258563594	4087.305076594511	24.448985947505925
11.280000771765295	1.424381124562686	5388.713501321307	557.9090039140572	302.7025316178611	4154.281429415291	24.917067765383003
11.262794569689623	1.4200210229109402	5500.295302104122	569.0671839923383	302.43329207319834	4222.250028780974	25.384272047804018
11.249862643070703	1.415778207143482	5611.877102886939	580.2253640706195	302.0048866185466	4288.899011226696	25.850618124366076
11.237731712495595	1.4116478910915728	5723.4589036697425	591.3835441489007	301.5680332072401	4354.852793281401	26.31612453978544
11.224943528249332	1.4076255542162839	5835.040704452553	602.5417242271818	301.1803003337681	4420.406109578966	26.7808090933781
11.2141933317559	1.4037069240135227	5946.622505235362	613.699904305463	300.72857385587986	4485.007761516428	27.244688863515254
11.203473909063177	1.3998879592904154	6058.204306018169	624.858084383744	300.2946044519718	4549.067030896481	27.70778025026252
11.192829579174566	1.3961648316389315	6169.786106800981	636.0162644620251	299.8799085351457	4612.581979864104	28.170099068444788
11.181313163635862	1.392533913515273	6281.3679075837945	647.1744445403064	299.52189023112936	4675.779332646941	28.63166046941898
11.172945958049699	1.388991763659632	6392.949708366607	658.3326246185874	299.04634607161114	4737.725961591192	29.092479106968465
11.162654914206703	1.3855351180910371	6504.53150914941	669.4908046968686	298.6727492964717	4799.611058310949	29.55256906946846
11.15323893095407	1.3821608750102887	6616.1133099322215	680.6489847751498	298.280789275288	4860.776610943729	30.011943947185614
11.148853452500191	1.378866086682871	6727.695110715032	691.8071648534309	297.67922706821696	4920.1395771918005	30.470616857701817
11.135227145095017	1.3756479471976626	6839.276911497844	702.965344931712	297.5104706008797	4981.389950325251	30.92860044703711
11.12608858434719	1.3725037916093028	6950.858712280655	714.1235250099932	297.1564044316477	5040.99021884089	31.385906959765308
11.122441465816294	1.3694310750428067	7062.440513063469	725.2817050882744	296.5720746462177	5098.577364483809	31.84254820405952
11.109905250259255	1.366427374536043	7174.022313846283	736.4398851665554	296.4038739984322	5158.15271530196	32.298535622685975
11.101795208669692	1.3634903794954563	7285.6041146290945	747.5980652448367	296.05138870943193	5216.013191934681	32.753880269852274
11.09439001585344	1.360617887729388	7397.185915411898	758.7562453231178	295.68285615461303	5273.188962648921	33.20859285077869
11.08553527943975	1.3578077911177637	7508.767716194713	769.914425401399	295.39357060894054	5330.332692668974	33.66268373763072
11.079310513207453	1.3550580810786708	7620.349516977523	781.07260547968	294.99981393800084	5386.20420431786	34.11616298450777
11.072565119233541	1.3523668312829698	7731.931317760334	792.2307855579612	294.642416189064	5441.764681868918	34.569040327678856
11.064255082634212	1.3497322064981354	7843.513118543148	803.3889656362423	294.3707239979362	5497.373926066418	35.0213252158217
11.052237041682329	1.3446258581098796	8066.676720108769	825.7053257928047	293.65483396162796	5605.740366775575	35.92415404599803
11.046253447465759	1.3421508351495668	8178.258520891574	836.8635058710857	293.31499498498135	5659.245817627781	36.37471553236468
11.040659131128965	1.3397258281498199	8289.840321674375	848.0216859493669	292.9681162657418	5712.172991260751	36.82471967459689
11.03233982947476	1.3373493511520673	8401.422122457196	859.1798660276481	292.75962735235277	5765.6465075199785	37.27417463511585
11.026771620553546	1.3350199828152027	8513.00392324002	870.3380461059293	292.4360669959133	5817.705786995732	37.723088352626775
11.022151039613696	1.3327363526579052	8624.585724022838	881.4962261842104	292.07821389363636	5868.9756739861205	38.17146855100423
11.01639680488613	1.3304971509299677	8736.167524805645	892.6544062624915	291.7846974028211	5920.23894977299	38.61932273895156
11.010840177631243	1.328301114084532	8847.749325588453	903.8125863407726	291.49293276951147	5971.003905678706	39.06665821907246
11.00839085586504	1.3261470314742942	8959.331126371275	914.9707664190539	291.06551125663947	6020.111714878616	39.51348211994237
11.000599800776156	1.3240337344811877	9070.912927154095	926.128946497335	290.89831829567623	6070.925642284006	39.95980137658855
10.996994415765517	1.3219601050812935	9182.494727936906	937.2871265756161	290.54524068965435	6119.420129518774	40.40562273197858
10.989757118171514	1.3199250604698278	9294.07652871972	948.4453066538972	290.3713794243238	6169.220855303193	40.85095277910696
10.985707244696219	1.3179275619280857	9405.658329502527	959.6034867321786	290.0582972775473	6216.814457702179	41.295797938730914
10.980914276538044	1.3159666088859383	9517.240130285329	970.7616668104596	289.7890816998009	6264.689436801575	41.74016447200374
10.977904135094171	1.3140412354752993	9628.821931068134	981.9198468887407	289.4444719780991	6311.371613408046	42.18405847738247
10.973393122332908	1.3121505115868577	9740.403731850936	993.0780269670219	289.17979136379654	6358.307004680291	42.62748592225694
10.968054287984693	1.3102935406769065	9851.985532633753	1004.236207045303	288.96227968402354	6405.226026773401	43.0704526310887
10.964168596493112	1.308469456378648	9963.567333416559	1015.3943871235842	288.68421332185585	6451.0906018439955	43.51296426668345
10.958682286888118	1.3066774241534564	10075.149134199359	1026.552567201865	288.49009963429637	6497.318191420158	43.95502639717277
10.956050192256829	1.3049166392112181	10186.730934982172	1037.7107472801463	288.17004175133013	6541.809521481017	44.39664441751786
10.950874287161167	1.3031863199780844	10298.312735764977	1048.8689273584273	287.9765133638864	6587.139956243674	44.83782364128034
10.949071315765233	1.301485715755702	10409.894536547794	1060.0271074367085	287.6320499294754	6630.441734151387	45.27856924046244
10.944206450027501	1.299814100420142	10521.476337330614	1071.1852875149898	287.439739933535	6674.8835747047915	45.71888627272777
10.940719970311255	1.2981707693524913	10633.058138113436	1082.3434675932708	287.18891220864407	6718.281352076771	46.15877968507243
10.945585470139477	1.2965550443700993	10744.639938896262	1093.501647671552	286.5513728416688	6757.002877086843	46.59825431734216
10.932769605689844	1.2949662677868274	10856.221739679075	1104.659827749833	286.75501727778993	6804.516761756612	47.03731490560411
10.9309718163177	1.2934038037930173	10967.803540461891	1115.8180078281143	286.4456811227298	6845.956711969178	47.47596608538059
10.925121645253908	1.291867035867815	11079.3853412447	1126.9761879063956	286.3339238255192	6889.206022548096	47.91421238653291
10.92441948051573	1.290355367538737	11190.967142027517	1138.1343679846766	285.98548385749154	6929.32973689498	48.35205824691384
10.921165907836135	1.2888682244975818	11302.548942810336	1149.2925480629576	285.76447095095364	6970.480583971406	48.78950802381045
10.918103474725198	1.28740504413387	11414.130743593154	1160.450728141239	285.5398586586627	7011.1787081221455	49.22656596076075
10.91512048619452	1.2859652859518607	11525.712544375954	1171.6089082195201	285.31758090959687	7051.486105440715	49.66323623848818
10.912069883995146	1.284548426111652	11637.294345158753	1182.7670882978011	285.1047919219757	7091.488453772849	50.09953438733056
10.914496098900361	1.283153951481596	11748.876145941522	1193.9252683760824	284.63824242481326	7127.954848634728	50.53572390231567
10.903296037416013	1.2804302049556786	11972.03974750706	1216.2416285326447	284.48224180056434	7209.238778281755	51.408102932285885
10.899279138169566	1.2790999900282707	12083.621548289831	1227.399808610926	284.33758514686843	7248.479395620662	51.84429244727099
10.898630196061033	1.2777902701474997	12195.2033490726	1238.557988689207	284.03924385089675	7285.339003338883	52.2804819622561
10.896195061104535	1.276500613919493	12306.785149855368	1249.716168767488	283.82964752409555	7322.945358099462	52.71667147724119
10.89215396125305	1.2752305909611634	12418.36695063814	1260.8743488457694	283.7016107317463	7361.228216058391	53.152860992226316
10.889617075147983	1.2739797900895877	12529.94875142091	1272.0325289240504	283.50746514886345	7398.248324161175	53.589050507211425
10.88839550387104	1.2727478088770097	12641.530552203676	1283.1907090023315	283.2563061126148	7434.096056467197	54.02524002219652
10.88664188329088	1.2715342582552969	12753.112352986445	1294.3488890806127	283.03439244633495	7469.947423293427	54.46142953718164
10.880780308840974	1.2691609419099306	12976.275954551984	1316.665249237175	282.71660929641683	7542.225604034486	55.33380856715184
10.879797955407021	1.2680004477941287	13087.857755334755	1327.8234293154562	282.47262457959397	7576.587578737904	55.769998082136965
10.878568179315135	1.2668569327380994	13199.439556117524	1338.9816093937372	282.2443464638567	7610.783062276602	56.20618759712206
10.875689365427192	1.2657300516942367	13311.02135690029	1350.1397894720183	282.09847861404126	7645.786081508402	56.642377112107155
10.872487814936376	1.264619477146425	13422.603157683063	1361.2979695502997	281.97232630924594	7680.713224603057	57.07856662709227
10.871549434603603	1.263524888746742	13534.184958465832	1372.4561496285808	281.7432863297188	7713.754125224225	57.51475614207738
10.869632004839003	1.2624459733043034	13645.7667592486	1383.6143297068618	281.56499146193926	7747.16755291084	57.95094565706248
10.867998519870852	1.2613824306950294	13757.348560031369	1394.772509785143	281.3765093319448	7780.070375171044	58.3871351720476
10.864399890227478	1.2603339513544127	13868.930360814138	1405.930689863424	281.2853641727238	7814.093423563718	58.823324687032695
10.864174827370999	1.259300260319253	13980.512161596907	1417.0888699417053	281.03822070929004	7845.364507973304	59.259514202017805
10.863016105664718	1.2582810703276772	14092.093962379677	1428.2470500199865	280.83946689744243	7877.005160334624	59.69570371700292
10.861192814372172	1.2572761123782568	14203.675763162446	1439.4052300982676	280.67588564695745	7908.83780752885	60.13189323198802
10.858963211769312	1.25628511418345	14315.257563945215	1450.5634101765488	280.5347215636683	7940.685057664131	60.568082746973126
10.856876056044257	1.2553078185897502	14426.839364727986	1461.72159025483	280.39053159158414	7972.139729947095	61.004272261958235
10.854719975180162	1.254343966025145	14538.421165510756	1472.879770333111	280.25327372098945	8003.364795112377	61.440461776943344
10.853237062399026	1.2533933179417598	14650.002966293525	1484.0379504113923	280.08774339303244	8033.786689159822	61.876651291928454
10.851154337126703	1.2524556272021907	14761.584767076292	1495.1961304896734	279.95414771206094	8064.3947277292955	62.31284080691356
10.856542986014801	1.251530660654436	14873.166567859062	1506.3543105679544	279.46909706082687	8088.79798513753	62.74903032189866
10.850133689869754	1.2506181873037436	14984.74836864183	1517.5124906462356	279.54698985811257	8122.27300760632	63.18521983688377
10.848697545874684	1.2497179864745096	15096.330169424598	1528.6706707245164	279.3923410683156	8151.52345865748	63.62140935186886
10.847258157905426	1.2488298323291687	15207.911970207371	1539.828850802798	279.24116892383717	8180.502890743425	64.05759886685398
10.845914279961617	1.2479535177783687	15319.493770990139	1550.9870308810791	279.0887424345225	8209.133271062758	64.4937883818391
10.84396152829009	1.2470888334750196	15431.075571772908	1562.14521095936	278.9677731640164	8238.000851583914	64.92997789682418
10.842462764469296	1.2462355755615067	15542.657372555675	1573.3033910376412	278.82816750178534	8266.231542116719	65.3661674118093
10.842035629077747	1.2453935449033722	15654.239173338445	1584.4615711159224	278.64088992946654	8293.296626057094	65.80235692679442
10.841125004981206	1.24456254751087	15765.820974121216	1595.6197511942034	278.479620302871	8320.501818097726	66.2385464417795
10.83996035759815	1.2437423942430277	15877.402774903983	1606.7779312724847	278.3333749391317	8347.663662339963	66.67473595676462
10.838518257402361	1.2429328994174202	15988.984575686754	1617.936111350766	278.2030550920665	8374.81128287752	67.11092547174972
10.837585754421942	1.242133884501811	16100.566376469524	1629.094291429047	278.0508174390285	8401.266161069223	67.54711498673484
10.83653339682415	1.2413451692144326	16212.148177252293	1640.2524715073282	277.90712274383674	8427.575339989928	67.98330450171994
10.833203018788266	1.24056658262806	16323.729978035062	1651.4106515856095	277.8740119255798	8455.66147573201	68.41949401670506
10.83428784716821	1.2397979548389202	16435.311778817828	1662.5688316638903	277.63473752004177	8479.584612942477	68.85568353169015
