28.382674912641598	0.08186168569606778	35.01889990375193	0.11158180078281144	0.21926186974739212	29.42314902622758	0.2294761402266479
27.641770240697547	0.08321373215704085	56.00181385488425	0.22316360156562287	0.16964892259207845	45.838738242152175	0.36638318336958964
26.83433892584748	0.08412053650494968	72.04827648580353	0.33474540234843436	0.14312977282693629	59.51381247828058	0.4708744562489539
26.655930269292238	0.08653140692622104	81.10687321179608	0.44632720313124574	0.11056400213515243	70.98732377518685	0.5297225169962301
25.816045958412317	0.08964351049144294	90.14122176324858	0.5579090039140573	0.09426161745451377	78.92916323992486	0.5884123560085507
25.510632233044056	0.09351022418067965	97.0036548044586	0.6694908046968687	0.07703501150416726	86.10946335922631	0.6325701430208444
24.865723215220463	0.09808744128249584	101.25525164665608	0.7810726054796802	0.06441478610460978	94.30146334271618	0.6592591071306456
24.363387806718706	0.10347096747597125	105.50684848885356	0.8926544062624915	0.05173119779557157	98.66426263710478	0.6859480712404469
23.71699265879324	0.10924524599950719	109.75844533105104	1.004236207045303	0.045385242815485956	102.71746229944176	0.7126370353502481
12.792134408148895	0.5526437527238907	245.11840180934104	11.158180078281145	108.20242257996381	242.56449039513973	1.563983909281709
12.742262311043623	0.5871555101549841	253.6540410384029	12.273998086109259	117.4949594955068	251.06878325606058	1.6161407807104244
12.70314227468177	0.6199291101522424	261.7296771082521	13.389816093937375	125.8490451845769	259.108636761203	1.6652806910331768
12.668838322403348	0.6511410853015032	269.40553577977784	14.505634101765487	131.80510260383375	266.75024764979014	1.7117989672106333
12.649619523398043	0.6809410772448864	276.72257684770744	15.621452109593601	137.18930556072803	274.03280903034465	1.7559693827879308
12.625578827812985	0.7094615764908471	283.6973660638568	16.73727011742172	142.5035281082216	280.9880748295598	1.7979135809894156
12.613189611900346	0.7368265153738458	290.32130709036545	17.853088125249833	147.34273066968737	287.6118773951306	1.8376007940358814
12.596907351534428	0.7631594304985789	296.55435630294664	18.968906133077947	152.06915889997555	293.8856849106818	1.8748119035482038
12.620750455376296	0.7885909600607529	302.3243170849087	20.084724140906058	155.60811381678423	299.7342832644513	1.9091371977593692
12.574737798635814	0.8132575073414523	307.5813468777778	21.200542148734172	160.77644574372917	305.14255832581466	1.940304129351474
12.570050673447428	0.8372900713482198	312.31411688530454	22.316360156562286	164.7888305121408	310.0346292167403	1.9682683620732653
12.572596414528297	0.8608016530233912	316.56985371361674	23.4321781643904	168.52817998552567	314.439834839075	1.993331289848967
12.557562722007322	0.8838795106473366	320.4223873227176	24.547996172218518	172.6623191713441	318.4270375879916	2.0159461404573342
12.551297816081576	0.9065853011384098	323.94764799962604	25.663814180046632	176.5191763192221	322.0598675231534	2.036573402932906
12.550434096938057	0.9289600529774927	327.2136614429314	26.779632187874743	180.19222320073794	325.40829499338275	2.0556236958128506
12.548212341326675	0.9510302835877549	330.2674004873572	27.89545019570286	183.86640969021562	328.52691647938224	2.0733797724211636
12.545477955811906	0.9728129404526734	333.1494221903847	29.011268203530975	187.5259026534346	331.4618368637	2.0900863608286406
12.544939817780127	0.994319103199606	335.8817331353983	30.12708621135909	191.09824326355985	334.23747250677036	2.105875997026233
12.547268193441264	1.0155562368342816	338.4870848098266	31.242904219187203	194.56147305154803	336.8789710005235	2.1208867501992463
12.548650303950664	1.0365297012010544	340.9800469832447	32.35872222701532	198.01038163739506	339.403401936408	2.135207279995852
12.55121386223028	1.0572436382625265	343.3698962596384	33.47454023484344	201.3865643663826	341.82332338468467	2.148894192484402
12.553161528253897	1.0777014818515747	345.6679022360754	34.590358242671556	204.7434495872226	344.14598036203205	2.162016623290788
12.557192916564125	1.0979063565180185	347.88298438089134	35.70617625049967	208.00418513320156	346.3831769201356	2.1746294085671227
12.563917998727156	1.1178611077889093	350.01820033495136	36.82199425832778	211.15072398657438	348.5394734813115	2.1867514147302507
12.564355924534459	1.137568548228972	352.0826798349083	37.937812266155895	214.4504967960248	350.6252190061271	2.198438812977867
12.568220236519732	1.1570313545036697	354.08156037183886	39.053630273984005	217.6172117759677	352.6397767980309	2.2097232076980533
12.573372170757828	1.1762522085783003	356.01733729820046	40.169448281812116	220.71435332890417	354.5917987561233	2.220619925087584
12.578113131360464	1.1952337810667417	357.895708268973	41.28526628964023	223.79398646587626	356.4855530851119	2.231163910221167
12.583953117624045	1.2139786978552582	359.72109476354655	42.401084297468344	226.81084790780005	358.324447862834	2.2413822180334435
12.5881224343688	1.2324895735459365	361.49709706858107	43.51690230529646	229.85098722747767	360.1127312415512	2.2512968118086305
12.595071943768223	1.250769008516769	363.2271742836863	44.63272031312458	232.77563199778257	361.8529139852542	2.260928747755207
12.601536732796472	1.2688195886231872	364.91463246444573	45.7485383209527	235.68788837046012	363.5490805326967	2.270298111420608
12.607501315037853	1.2866438832222042	366.56128201136875	46.86435632878081	238.5884543220745	365.2044382739949	2.2794157325533293
12.60859684413723	1.3042444201458983	368.1703001054622	47.980174336608926	241.61885475950564	366.82296000870184	2.2883008346676252
12.62903822719519	1.3216237355069798	369.7452614150065	49.095992344437036	243.99625503564593	368.401392727546	2.2969751143008343
12.626422527240337	1.338784355022903	371.2888440288006	50.211810352265154	247.08936736333513	369.9501840358511	2.3054547518855095
12.632791721462866	1.355728783810368	372.8009246843826	51.327628360093264	249.8587597209818	371.4669986925338	2.3137384883466328
12.639810176475844	1.3724594613346441	374.285320536936	52.44344636792138	252.57624475053234	372.95515092678414	2.321849539223142
12.644815307320657	1.3889788917442216	375.74479663483083	53.559264375749486	255.32943773805943	374.41510910478416	2.329804685620662
12.652410706490052	1.4052894918092989	377.17796551082523	54.6750823835776	257.96667395417245	375.8510566408142	2.3375946092295723
12.659047337225527	1.4213936969601255	378.59046406157063	55.79090039140572	260.606354271575	377.26197076678045	2.3452541735517243
12.659047337225527	1.4213936969601255	378.59046406157063	55.79090039140572	260.606354271575	377.26197076678045	2.3452541735517243
12.66045507158231	1.42538778209665	378.93910912566065	56.06985489336274	261.2700592942839	377.61254314857644	2.347140708027838
12.662299701558146	1.4293691669543729	379.28775418975056	56.348809395319776	261.91737457067467	377.9595573857611	2.349027242503953
12.664275890578832	1.4333378543015247	379.6347764238208	56.6277638972768	262.5585964152867	378.30645254582083	2.3509034610196378
12.666034469961444	1.437293923160239	379.9800710809213	56.90671839923384	263.20487037660445	378.6523067931529	2.3527686977224143
12.667443276666495	1.4412373899214048	380.32536573802173	57.185672901190856	263.86111958593784	378.99589008673684	2.35463393442519
12.671207207278943	1.4451682853051036	380.6680673153953	57.464627403147894	264.43571556373456	379.3389714411189	2.3564826259912777
12.670692662541212	1.449086667040092	381.01013571807465	57.74358190510491	265.15408644827687	379.6808845355787	2.3583272775883053
12.672420520033707	1.452992549527676	381.35191491497426	58.02253640706195	265.7945880688342	380.02108704772485	2.3601700763762734
12.674302713650098	1.4568859842394786	381.69088038953697	58.301490909018966	266.4272798455834	380.3612534117512	2.361994848933073
12.675411356590585	1.460767014484917	382.0298458640998	58.580445410976004	267.0848165767445	380.69869806231577	2.3638196214898723
12.677702221968506	1.4646356491865258	382.36775883346877	58.859399912933036	267.7003158849784	381.035588957138	2.365637620997133
12.676972210985483	1.468491956611251	382.70374386058137	59.13835441489007	268.41756622364375	381.3726397548495	2.3674432138687864
12.68049691492063	1.4723359629081267	383.0397288876939	59.41730891684709	268.9870221521028	381.7062084974342	2.36924880674044
12.682073688325199	1.4761676834230724	383.3740444655939	59.69626341880411	269.6211577178155	382.0401810605406	2.3710436038168368
12.684286974734581	1.479987189712919	383.7071706661637	59.975217920761146	270.2318044882549	382.372917416934	2.3728307095696266
12.686152298518987	1.48379449921905	384.04029686673346	60.25417242271817	270.8528289107752	382.7038837429291	2.3746178153224164
12.689040471355899	1.4875896356721225	384.3712705486636	60.53312692467521	271.43627366350876	383.0346270911823	2.376390926632537
12.689177456658935	1.4913726718836215	384.70165867482353	60.812081426632226	272.1127726833284	383.36436561011243	2.3781602309945997
12.68989922633035	1.49514360992169	385.03204680098344	61.091035928589264	272.7674490723528	383.6927429683152	2.3799295353566627
12.69330857001796	1.4989024944267957	385.35992100473584	61.36999043054628	273.3276090793552	384.02054621128013	2.3816823991212974
12.692296362436915	1.5026493786513382	385.6876909357639	61.64894493250332	274.0388411376672	384.34733136491593	2.3834345809611923
12.695786693778762	1.5063842709078277	386.0151944815637	61.927899434460336	274.5915446410568	384.6724109386448	2.38518500936268
12.697593588166995	1.510107226084701	386.34046522454923	62.206853936417374	275.2011453032926	384.99784190097455	2.3869207406946797
12.698579518878521	1.513818282395904	386.6657359675348	62.4858084383744	275.83764584196564	385.32123803767536	2.3886564720266796
12.700370915464028	1.517517454992889	386.99046869235053	62.76476294033144	276.44392175152547	385.6440830058489	2.390388636531089
12.702520568204969	1.521204799645278	387.31335838740813	63.043717442288454	277.0354964214102	385.9668466502706	2.3921085825459376
12.702238702947714	1.5248803508661417	387.6362480824658	63.32267194424548	277.7102180867292	386.28776432134	2.3938285285607863
12.704880586972862	1.528544123028823	387.95841588412213	63.60162644620251	278.2813663044674	386.6079508547065	2.3955436507513683
12.706454412878209	1.5321961775066992	388.2790418139413	63.88058094815954	278.8871771588997	386.92828092645175	2.3972484698712027
12.708243599270544	1.5358365412527266	388.5996677437604	64.15953545011656	279.4834473472229	387.24629357065334	2.3989532889910374
12.710213694010747	1.5394652335378711	388.9194647452537	64.4384899520736	280.0717336969457	387.56425959773765	2.400652520290704
12.71182803912067	1.5430823133713851	389.23794334876663	64.71744445403063	280.6705410038278	387.88211642050163	2.402342864246804
12.714254658746231	1.5466878058307107	389.5564219522796	64.99639895598766	281.23804722072583	388.197745373009	2.4040332082029034
12.714817531649	1.5502817335291723	389.8740308802855	65.27535345794469	281.8692210620997	388.5137679938266	2.405717632213687
12.716116888750216	1.553864152600597	390.1904777702326	65.5543079599017	282.47282082015545	388.8294066466273	2.4073941461457022
12.717907850491013	1.557435088964755	390.5069246601797	65.83326246185874	283.0565432746742	389.1430403726455	2.409070660077718
12.720568630533098	1.5609945658642999	390.82251724038844	66.11221696381577	283.60739496984695	389.45648070612737	2.410741295001694
12.721367257062543	1.5645426354616752	391.13704722455475	66.3911714657728	284.22189594012616	389.77011425740534	2.4124046175770033
12.725901468934234	1.568079327257746	391.451577208721	66.67012596772985	284.70266820137766	390.08113863559305	2.414067940152312
12.729040301639412	1.571604662354959	391.76531457592966	66.94908046968686	285.22992803765453	390.39245379171524	2.4157257412816335
12.725884718999414	1.5751186946705573	392.078041681829	67.2280349716439	285.976477343882	390.7049888652991	2.417376504833472
12.726276957296115	1.578621449181682	392.39076878772835	67.50698947360091	286.5962965730926	391.0150006291162	2.41902726838531
12.727623444808613	1.5821129513577121	392.7028019087906	67.78594397555796	287.17936716973486	391.3248017180462	2.420673130650019
12.73057784354496	1.5855932513225972	393.01383941157275	68.06489847751497	287.7037039751461	391.63421048470775	2.422311961333056
12.731325393100732	1.5890623770859178	393.3248769143549	68.34385297947202	288.30366429731566	391.9423523327045	2.4239507920160923
12.733523309673751	1.5925203479812031	393.6353470222576	68.62280748142904	288.84947172954	392.25015950637936	2.4255855525794052
12.735207751257516	1.5959672230523994	393.9448074756161	68.90176198338607	289.410795649687	392.5581021397889	2.427213070541449
12.736587824175809	1.5994030228822826	394.2542679289746	69.1807164853431	289.9808316602721	392.8645174289381	2.428840588503493
12.73835662344976	1.602827770244901	394.5633069664817	69.45967098730013	290.5338667583143	393.17074918243003	2.4304650293952483
12.739722498833052	1.6062415175640352	394.8713022363442	69.73862548925715	291.09827047606836	393.4770638468878	2.4320818489637985
12.7377446231893	1.609644291881819	395.17929750620675	70.01757999121418	291.77716887319264	393.782790158701	2.4336986685323487
12.743412386068165	1.613036115705103	395.4870285776755	70.29653449317121	292.1858751842054	394.08659552133497	2.435313519312303
12.744132121036602	1.616417035011485	395.7936698784605	70.57548899512823	292.76433024557883	394.391480389789	2.4369202491946864
12.75070821380297	1.6197870800631813	396.10031117924547	70.85444349708526	293.1364062470282	394.69402065610694	2.4385269790770696
12.744740662326544	1.6231462770727125	396.4068490093824	71.13339799904229	293.94182022898235	394.9989250488038	2.4401329195206776
12.74872772768816	1.6264946634015713	396.71224694261207	71.41235250099933	294.3972395143673	395.30162678626203	2.4417301630165484
12.750025280406703	1.6298322771752347	397.01764487584165	71.69130700295635	294.94416169613476	395.60413572853037	2.4433274065124193
12.75150684249057	1.6331591401536258	397.32304280907124	71.97026150491338	295.47984107044624	395.90604489581426	2.4449246500082897
12.75329997304264	1.636475287660807	397.6273608693823	72.2492160068704	296.00216288745736	396.20787811934264	2.4465134245376485
12.754809178090955	1.639780761192663	397.9316254644442	72.52817050882744	296.5315715221948	396.5092478872662	2.448101779762664
12.758627642944505	1.643075581323263	398.23589005950606	72.80712501078446	296.97670999574416	396.80939091639743	2.44969013498768
12.75565231845213	1.646359781205002	398.53933055231204	73.08607951274149	297.6523104529874	397.11104613041215	2.4512718133616804
12.757877797364916	1.6496334032753035	398.8425713091692	73.36503401469851	298.14622459435293	397.4112574121027	2.4528518734811953
12.76081928650745	1.6528964690900259	399.14581206602634	73.64398851665555	298.6113061334424	397.71045940069433	2.45443193360071
12.760756937175229	1.6561490093726199	399.4484668987603	73.92294301861257	299.17623725042824	398.0103290074452	2.4560070577819397
12.763396184854958	1.6593910646992185	399.75079283241087	74.20189752056959	299.64424185195253	398.3095356224585	2.457579411253596
12.764202875320882	1.662622660452319	400.05311876606146	74.48085202252663	300.1713175135666	398.60818951578966	2.4591517647252528
12.766411292025479	1.6658438258659458	400.3550733975545	74.75980652448366	300.64758329397296	398.90651861565857	2.460720837993844
12.768040522017472	1.6690545982577478	400.6565930840499	75.0387610264407	301.13853831492514	399.20497174119214	2.4622860688179813
12.767521892114141	1.672255006370768	400.9581127705453	75.31771552839771	301.6985777830672	399.5031565204012	2.4638512996421196
12.770691255914745	1.675445077570991	401.259446692512	75.59667003035476	302.1300927650359	399.80034442209814	2.4654147893203513
12.772583328922115	1.6786248464422544	401.56026831634443	75.87562453231178	302.60175803041926	400.09781328002606	2.4669734772971763
12.77347862637392	1.681794347241925	401.86108994017684	76.1545790342688	303.101267757645	400.39502930674456	2.4685321652740013
12.774408869381835	1.6849536022322336	402.1618771610296	76.43353353622582	303.5954476721081	400.6919126082064	2.4700905054455355
12.798201045794213	1.6881026469248794	402.46210856370544	76.71248803818287	303.33935598384085	400.9835162974213	2.47164322643803
12.777457322568656	1.6912415123757942	402.76233996638126	76.99144254013989	304.53285026171125	401.28514004166846	2.473195947430524
12.783839958921547	1.6943702265790854	403.0625713690571	77.27039704209692	304.8394946497195	401.58005370103757	2.4747486684230178
12.785974610659693	1.6974888193631912	403.36239822667125	77.54935154405395	305.27862038865413	401.87593916302126	2.4762968678537978
12.781858257314065	1.7005973243583627	403.66214695628855	77.82830604601098	305.91477201234477	402.17321505293813	2.4778441940553795
12.783158042548102	1.7036957702781534	403.9618956859058	78.10726054796801	306.3708643039017	402.46870191395436	2.479391520256961
12.784776202031324	1.706784182687889	404.26141665928503	78.38621504992503	306.8144906710457	402.7641069248256	2.480935918265061
12.78582752992592	1.7098625967010046	404.5607900206071	78.66516955188207	307.2703955969002	403.0596371954427	2.4824784184693183
12.787084218345006	1.7129310384073542	404.8601633819291	78.94412405383909	307.7164358757829	403.3547191852759	2.4840209186735756
12.78883280032021	1.7159895390250255	405.1594387594246	79.22307855579612	308.14249875395893	403.64959581481287	2.4855618627365015
12.789020510211563	1.7190381278218663	405.4585438654955	79.50203305775315	308.6126887306356	403.9448323597245	2.487100102614356
12.79114900787551	1.7220768340100843	405.75764897156637	79.7809875597102	309.0190723133681	404.23940346831176	2.4886383424922105
12.792229550908635	1.725105685689302	406.0567355632082	80.05994206166721	309.4530845696699	404.53404326761637	2.49017615791501
12.793944422749533	1.7281247118685112	406.3556793868521	80.33889656362425	309.8639658804842	404.8285271690614	2.491710700290722
12.795144351659443	1.7311339433617714	406.65462321049597	80.61785106558126	310.2860570599597	405.12306017762654	2.493245242666434
12.796553174209533	1.7341334071162735	406.9535670341399	80.89680556753831	310.69787831916926	405.41733615745716	2.494779785042146
12.796626719476734	1.7371231316277442	407.2524642660257	81.17576006949533	311.1451519250054	405.71192395187325	2.4963116403812236
12.798875706867344	1.740103145704929	407.55135369148377	81.45471457145234	311.5238058669196	406.00598261717727	2.497843045508542
12.800478062507038	1.7430734786001547	407.8502431169418	81.73366907340937	311.91813900709957	406.30003779179344	2.4993744506358597
12.801900883885775	1.74603410301766	408.1584317678547	82.0126235753664	312.3127905249294	406.59411480501535	2.500951728792291
12.804765567875354	1.7489848129554388	408.47304210840764	82.29157807732344	312.66370596986224	406.88781067757765	2.5025606851091493
12.804466357439685	1.7519256085824217	408.78765244896056	82.57053257928045	313.09947240085927	407.1822152663942	2.5041696414260084
12.805731605933286	1.7548564780979528	409.1107208225074	82.84948708123748	313.4892930721846	407.476191945965	2.5058204041192718
12.806764950429445	1.75777719173055	409.4428095153133	83.12844158319453	313.87816403793556	407.77018092067607	2.507515752458217
12.808275821740802	1.760687731871845	409.77489820811917	83.40739608515156	314.25314669882374	408.06883455115894	2.509211100797162
12.813514102017026	1.763588074320129	410.1174314492014	83.68635058710858	314.51650607579546	408.3771178937145	2.5109581695494287
12.810847965840626	1.7664779654807763	410.46905477099585	83.96530508906562	315.0002862168939	408.6874001297954	2.5127502515199898
12.810814460568304	1.769357396032573	410.8206780927903	84.24425959102264	315.40474619359094	408.99956155641655	2.5145423334905517
12.813109531078968	1.7722262788619547	411.18866546784824	84.52321409297967	315.74125092072035	409.32562383393383	2.5164155881867702
12.815448034575446	1.7779316596143575	411.9387181760967	85.08112309689372	316.4654941317655	409.9810584644545	2.520231952989526
12.816367766796342	1.7807679225888071	412.3372246074637	85.36007759885075	316.83107304234045	410.32651022220637	2.522256793437973
12.81791955343818	1.783593004478517	412.7357310388307	85.63903210080777	317.17203943461664	410.67170413221487	2.5242816338864205
12.81918764654405	1.7864068331892426	413.15260358835184	85.9179866027648	317.51963917904055	411.02356218984437	2.526397860131617
12.820339030223998	1.7892090628708919	413.5795747648165	86.19694110472183	317.8663950520621	411.39028696096864	2.528564334941129
12.828711046830938	1.791999659392413	414.0176250773273	86.47589560667886	318.0164181346563	411.7546331550718	2.5307860130085844
12.822821917517238	1.7947782382419766	414.47744019044313	86.75485010863589	318.54565876501624	412.1387563298151	2.533116137068297
12.827804576168356	1.7975446913780426	414.9445938831728	87.03380461059292	318.77931965810933	412.5283086963179	2.5354828728961136
12.837546640641534	1.8002986118012625	415.4427269223815	87.31275911254995	318.886197715765	412.9188648011599	2.5380041629713426
12.825860695600436	1.8030397983020527	415.95029760931874	87.59171361450699	319.5536565194151	413.34206637057116	2.5405725915421637
12.826049735611466	1.8057677653745285	416.4937154702737	87.870668116464	319.90357926516475	413.7607328608773	2.543320067043219
12.827272377929821	1.80848223624499	417.05824804856394	88.14962261842105	320.2259008978172	414.2031703980625	2.5461731160152654
12.829239169526684	1.8111825559693338	417.6560076956143	88.42857712037807	320.52240683656083	414.6528985077945	2.5491923001490635
12.831538662958382	1.8138682925954768	418.3024168381654	88.70753162233508	320.80854359490104	415.1233146989469	2.552454962783593
12.831169648762309	1.8165386547726428	418.98657329433274	88.98648612429211	321.1610583251943	415.6109171893241	2.5559066261694516
12.833393982305783	1.8191926904262592	419.7337728531456	89.26544062624914	321.44087099106906	416.12059333454454	2.5596740724408673
12.833684912642234	1.821829291002217	420.57848072313	89.54439512820618	321.7681449694679	416.6512095468075	2.5639303039824055
12.833473239719298	1.8244467990506887	421.53936217562295	89.8233496301632	322.1039586604111	417.21689309469707	2.568769234518692
12.834811358068363	1.827042688316197	422.68599522176913	90.10230413212022	322.3953510162503	417.79815237642606	2.5745403175859627
12.834633618564597	1.8296123095982961	424.2863006674956	90.38125863407727	322.722178631668	418.4410050978999	2.58258946437798
12.835934590925996	1.831637821130663	707.4924981404379	90.6602131360343	322.9419029087967	418.97985804599267	4.0058641266097315
12.837537972635635	1.83178755835843	710.2449298234887	90.93916763799132	322.92083104754596	419.1319753100539	4.019694411776106
12.836182275105832	1.8318957847520598	711.8258675935164	91.21812213994835	322.96746701374377	419.33731798742014	4.027635571631481
12.836619230534575	1.8319787790216713	713.0886414446971	91.49707664190538	322.96680703549464	419.57856866669556	4.0339766700112785
12.836004984989788	1.8320428402760778	714.1601965741007	91.77603114386241	322.9896883469318	419.8589172899775	4.039355796558147
12.835298983565252	1.832091670594629	715.1043045073645	92.05498564581943	323.0129376461363	420.20154500716257	4.044093538093517
12.833251876793673	1.8321277652304147	715.9592322368042	92.33394014777646	323.0676834217696	420.57308463154914	4.048382308794355
12.833578150239854	1.832152955549385	716.7493351854768	92.61289464973349	323.06253189188527	420.997504456483	4.052344610204497
12.831007801010465	1.8321686540317879	717.4908536896507	92.89184915169052	323.1276822689732	421.48893151999835	4.056062161231396
12.832308134691818	1.8321759884896907	718.1882399445442	93.17080365364754	323.0962398569875	422.0456882619233	4.0595573311261095
12.83113728424308	1.8321758847244212	718.8387753404356	93.44975815560458	323.1248786402146	422.69422070178854	4.062816307612783
12.830154618037636	1.8321691278397796	719.4676723726831	93.7287126575616	323.14804385140513	423.519041674996	4.065966157962516
12.828906266671288	1.8321563822331646	720.0654320197344	94.00766715951863	323.17703367373997	424.6084535915006	4.068958951404121
12.827998907603785	1.8321382239442543	720.63720314173	94.28662166147566	323.1969209578907	527.160000558268	4.071820586060307
12.826895378721735	1.8321151609379391	721.1951121456445	94.56557616343271	323.22105025271236	709.678883425736	4.074612261433812
12.824886754075733	1.8320876392477645	721.7229948703038	94.84453066538973	323.2670351156347	711.4021649870491	4.077252310664535
12.832826450310531	1.8320560573629279	722.2460345614736	95.12348516734676	323.0661446358267	712.66318229492	4.0798679036354235
12.823988728329512	1.8320207717203003	722.7398610524589	95.40243966930377	323.2802992948243	713.7707722020251	4.08233588371795
12.822065900061592	1.8319821112340726	723.2321337029717	95.68139417126082	323.3227991446746	714.7305641662898	4.084796012319683
12.81886561726188	1.831940367305803	723.6993255401713	95.96034867321784	323.3966253513122	715.6009283868618	4.087129324676817
12.819213486968382	1.831895805630577	724.1642497101002	96.23930317517487	323.38208915252716	716.3985776372808	4.089451171016332
12.815877101886365	1.8318486746299552	724.6104882375218	96.51825767713188	323.4586845046902	717.1406150923334	4.091678471003819
12.816561042094646	1.8317992031172015	725.0509427142965	96.79721217908893	323.43515768160034	717.8268673407727	4.093876504623372
12.81543481183052	1.8317475974262052	725.4806310868727	97.07616668104595	323.4563152509644	718.4870088551953	4.096020023507742
12.813672606193721	1.8316940530346608	725.8990628398085	97.35512118300298	323.49304764775536	719.11369671667	4.098106543906173
12.812094343203027	1.8316387520854172	726.3174945927443	97.63407568496	323.5249988650006	719.7071188177339	4.100192907660138
12.811802773575558	1.8315818532601902	726.7359263456798	97.91303018691704	323.5247241451779	720.2866554953687	4.102277735141408
12.809526338672773	1.8315235046066516	727.1543580986154	98.19198468887407	323.5736917415072	720.8309273114131	4.104362562622679
12.808113273685116	1.8314638407903108	727.5727898515511	98.47093919083109	323.60100383175336	721.3679485478133	4.106446217178419
12.806442117050873	1.8314029885341079	727.9912216044866	98.74989369278813	323.6346103989582	721.8777449476179	4.108529355172267
12.804904917046608	1.8313410645986974	728.409653357422	99.02884819474517	323.66475276418026	722.3807055704827	4.110611997420936
12.803493741725518	1.8312781776393332	728.8280851103576	99.30780269670218	323.69137909435483	722.8603723956626	4.112693449345989
12.805711177700763	1.8312144266951491	729.2465168632931	99.58675719865921	323.62775472927586	723.3327475408485	4.114774901271042
12.800090518158695	1.8311499105944224	729.6649486162287	99.86571170061625	323.7580624057033	723.7900273290198	4.116854852506366
12.797665297777527	1.831084716904332	730.0833803691643	100.14466620257328	323.8090486408443	724.2441563772317	4.118934621770203
12.796747523343456	1.8310189316230712	730.5018121220998	100.4236207045303	323.8229875022178	724.6745518761192	4.121013571985969
12.794985850091107	1.8309526342518652	730.9202438750352	100.70257520648732	323.8575847549957	725.1041739636441	4.1230916619851605
12.792188213870253	1.8308858976527942	731.3386756279707	100.98152970844436	323.9176106391504	725.521849799909	4.12516961508759
12.791581387242587	1.830818793679466	731.7571073809063	101.26048421040139	323.9237471935629	725.9289464762544	4.1272460292077495
12.789890997296826	1.830751388526639	732.1755391338419	101.5394387123584	323.9564971900825	726.337016560167	4.129322443327909
12.788043275924455	1.830683747384033	732.5939708867774	101.81839321431544	323.99310626912506	726.7452240349081	4.1313977307002245
12.786157232700646	1.83061592959018	733.012402639713	102.09734771627247	324.0306561387642	727.153461300083	4.1334724723160585
12.784723640448489	1.830547991554729	733.4308343926485	102.3763022182295	324.05705104319435	727.561281039517	4.135546773695422
12.782617860930726	1.8304799875481497	733.849266145584	102.65525672018653	324.1000324776931	727.9697086452938	4.137619846170777
12.780985600223849	1.830411968977662	734.2676978985195	102.93421122214357	324.131343853642	728.3776985657611	4.139692918646131
12.778836975339145	1.830343984993182	734.6861296514551	103.21316572410059	324.1754324728919	728.7861564233659	4.141764572084828
12.777586798386867	1.8302760841939765	735.1045614043906	103.49212022605762	324.19733880144906	729.1937846296825	4.143835978772737
12.775136091275419	1.8302083078593747	735.5229931573261	103.77107472801464	324.24897144309847	729.6025111619573	4.145906657221913
12.772219652016053	1.8301406988592863	735.9414249102616	104.05002922997168	324.3122003035561	730.0116642884834	4.147976401464648
12.771568553710294	1.8300732991481035	736.3598566631971	104.3289837319287	324.31936171062966	730.4187228011838	4.150046108716835
12.770108973156212	1.830006144562998	736.7782884161328	104.60793823388573	324.3465831654012	730.8265206705667	4.152114193845949
12.768063042089846	1.8299392726128243	737.1967201690683	104.88689273584275	324.38839832990095	731.2348561236817	4.154182278975062
12.76579459823801	1.829872720202257	737.6151519220039	105.16584723779978	324.43580610453677	731.6433938925658	4.156249363012018
12.765044645887842	1.829806518096957	738.0335836749393	105.4448017397568	324.44554415007775	732.0505133919086	4.158315792348394
12.762340953752666	1.8297406987277935	738.4520154278748	105.72375624171383	324.5039103126351	732.4594478965477	4.160381916029683
12.760068955238864	1.8296752931146139	738.8704471808104	106.00271074367086	324.55130270079457	732.8679769764316	4.162446692883583
12.7583349133904	1.8296103291068369	739.288878933746	106.2816652456279	324.5850581330298	733.2759989468292	4.164511469737482
12.758167820260507	1.829545836290921	739.7073106866816	106.56061974758492	324.5805574467881	733.6825457144417	4.166574987608481
12.754335218353013	1.8294818387171117	740.125742439617	106.83957424954195	324.6658007419051	734.092526611586	4.16863811527959
12.752297877509541	1.829418363052901	740.5441741925526	107.11852875149897	324.7072208582888	734.5008192151624	4.170700683522736
12.750231971758938	1.8293554340515361	740.9626059454881	107.39748325345602	324.74943386675415	734.9091345507768	4.172762165300211
12.746886635542467	1.829293072817842	741.3810376984236	107.67643775541303	324.8231375476846	735.3186546506918	4.174823647077686
12.74631866648712	1.8292313044126145	741.7994694513592	107.95539225737006	324.8287869957852	735.7255460827844	4.176883626760454
12.744627067635134	1.8291701474881488	742.2179012042948	108.2343467593271	324.8620954676003	736.1334937820321	4.178943465922965
12.742076033633854	1.8291096229170765	742.6363329572304	108.51330126128413	324.91663203202165	736.5422526621035	4.181002506593567
12.739416394562971	1.8290497526246634	743.0547647101658	108.79225576324114	324.97396911945486	736.9511125039263	4.183060706409352
12.737439150965363	1.8289905471669505	743.4731964631014	109.07121026519818	325.0146282115629	737.3593196724697	4.185118811705086
12.73789251028891	1.8289320320461626	743.8916282160369	109.3501647671552	324.9954721286407	737.7652004742866	4.187175375431987
12.734293119302215	1.8288742210767441	744.3100599689725	109.62911926911224	325.07632744111766	738.1749472680008	4.189231939158888
12.732102643336969	1.828817131227741	744.728491721908	109.90807377106927	325.12256966661886	738.583344441454	4.191287479858488
12.730331394533959	1.8287607764797356	745.1469234748437	110.1870282730263	325.1585746124993	738.9912519892692	4.193342410744003
12.73195873216277	1.8287051731551296	745.5653552277792	110.46598277498333	325.11062973609006	739.395966904755	4.195397026529097
12.72515248463852	1.828650334156629	745.9837869807147	110.74493727694036	325.2714244040608	739.8087958480075	4.19745032781042
12.726041182257209	1.8285962722916285	746.4022187336502	111.02389177889738	325.2418923776325	740.2142055023363	4.199503629091742
12.721884894932279	1.8285430011122168	746.8206504865858	111.30284628085441	325.3374632128558	740.6244819793753	4.201555697160888
12.72010749651814	1.8284905331281234	747.2390822395213	111.58180078281144	325.37421145313647	741.0324559964779	4.203607372064958
12.630585912012114	1.8271353461427333	763.9763523569429	122.73998086109259	327.36280869658964	757.3665913087781	4.285135211961175
12.537961494793523	1.8273182094938787	780.7136224743641	133.89816093937375	329.59566185173315	773.6994240237536	4.365642852135761
12.444244901806261	1.8289170190570216	797.4508925917858	145.0563410176549	332.0060801072932	790.0298750022355	4.445174404134247
12.354446803859389	1.8316883931234376	814.1881627092074	156.21452109593602	334.4497664150939	806.3525069630635	4.5237693575258735
12.266483983378878	1.8353756359418743	830.9254328266293	167.37270117421716	336.95104504409	822.669818595332	4.601465856607769
12.180216267388516	1.8397452841313324	847.6627029440509	178.53088125249832	339.48970082948864	838.982152926389	4.678298635981527
12.100190407769269	1.8445979613282535	864.3999730614723	189.68906133077948	341.9365014684348	855.2830260003138	4.754300600938759
12.02239944055302	1.8497691780801557	881.1372431788941	200.84724140906062	344.3704351550567	871.5775129560889	4.829502039630334
11.958003652316842	1.8551261909084693	897.8745132963155	212.00542148734172	346.5061644453908	887.8471389649949	4.903931645729518
11.877690492587048	1.8605636438129847	914.6117834137373	223.16360156562288	349.04642163279254	904.1401591785562	4.977616626397445
11.809503708174743	1.8659990868015692	931.3490535311588	234.32178164390402	351.30066480981236	920.4097189226428	5.050582801389729
11.745711010007957	1.8713688943425608	948.0863236485804	245.47996172218518	353.44937667093365	936.6679352447396	5.122853300192194
11.682757219477027	1.8766247130278455	964.8235937660022	256.63814180046626	355.5743134322576	952.9211973673397	5.194451713749603
11.62541953436708	1.8817304777063402	981.560863883424	267.79632187874745	357.55591252523044	969.1595830007954	5.2653987802684865
11.569620860161788	1.8866599433319324	998.2981340008456	278.9545019570286	359.4902062451259	985.390871849662	5.335714852274322
11.514914304287714	1.891394663492265	1015.0354041182671	290.1126820353098	361.38538626729695	1001.61576484729	5.405419402218852
11.463159156491821	1.8959223640128442	1031.7726742356892	301.2708621135909	363.1959573545	1017.8302933119703	5.4745304259385685
11.413196827101112	1.9002356168499392	1048.5099443531108	312.429042191872	364.9496140683066	1034.0365683684126	5.5430651073597845
11.363158122598586	1.9043307854619296	1065.247214470533	323.58722227015323	366.69300520361185	1050.2392391211422	5.6110404681734485
11.319578308858876	1.9082071638271725	1081.9844845879545	334.74540234843437	368.2592841902336	1066.4208784674668	5.678471667832353
11.274248591737276	1.91186632066611	1098.721754705376	345.9035824267155	369.85801654926007	1082.6029088103885	5.74537410077872
11.232144286681269	1.9153115316531666	1115.4590248227978	357.06176250499664	371.36310762706626	1098.7715720648582	5.811761300906628
11.19071936780404	1.9185473650374925	1132.1962949402196	368.21994258327777	372.8383358771103	1114.9338300891561	5.877647509275376
11.150074084267711	1.9215793276460342	1148.9335650576418	379.37812266155896	374.28228353423685	1131.0893972442698	5.943045569181314
11.111988498108166	1.9244136033399215	1165.6708351750638	390.5363027398401	375.6495470957298	1147.2324270212025	6.007967846160141
11.07719651027838	1.927056831093087	1182.408105292486	401.69448281812123	376.91817121815126	1163.359776342914	6.072426250951037
11.040385980872392	1.9295159297949256	1199.1453754099075	412.85266289640236	378.2310795960139	1179.4891740279118	6.1364322611173385
11.004013754259866	1.9317979841988016	1215.8826455273295	424.01084297468344	379.52487460261165	1195.6126378811962	6.199996939772855
10.968593678817616	1.9339101196038566	1232.6199156447517	435.16902305296463	380.7836958142769	1211.7283010956478	6.263129969360228
10.935229969981286	1.9358594339827366	1249.3571857621732	446.32720313124577	381.9797716378542	1227.8317413436819	6.325842435069777
10.901997174523991	1.9376529364010429	1266.0944558795952	457.48538320952696	383.16608407942175	1243.9301163537768	6.388143318198856
10.869884727857404	1.939297496395456	1282.8317259970167	468.64356328780804	384.3135099202356	1260.0194843109389	6.450042569576171
10.840481616218021	1.940799812468709	1299.5689961144383	479.8017433660893	385.3783282421637	1276.0928238129445	6.5115481571890825
10.810299544581406	1.94216638589076	1316.3062662318598	490.95992344437036	386.45973819005286	1292.164612924505	6.572669458855694
10.781038781285897	1.943403510149149	1333.0435363492818	502.1181035226515	387.5095873161874	1308.2276311440519	6.633414623410233
10.752645739559005	1.94451724311378	1349.7808064667036	513.2762836009326	388.52935914081144	1324.2819362781634	6.693791548515242
10.724878102194879	1.9455134203716804	1366.5180765841253	524.4344636792138	389.52624378629713	1340.3285129415165	6.753807890682761
10.69787438737653	1.9463976418849471	1383.2553467015466	535.5926437574949	390.496198982273	1356.3665851693088	6.813471074808036
10.66984165599322	1.947175272612703	1399.9926168189686	546.7508238357761	391.4941059918079	1372.4051290715731	6.872788303243574
10.645348569047005	1.9478514492454626	1416.7298869363901	557.9090039140572	392.38031497222784	1388.4208243393884	6.931766564439622
10.62000657359036	1.9484310774879507	1433.4671570538117	569.0671839923383	393.2892709301154	1404.4359171797662	6.990412641175396
10.595095503460614	1.9489188495589003	1450.2044271712336	580.2253640706195	394.1820204174756	1420.4438537871692	7.048732519829978
10.570723990795056	1.9493192324907374	1466.9416972886556	591.3835441489007	395.05529280825226	1436.4439769208475	7.10673286081362
10.54710108525406	1.9496364929007055	1483.6789674060772	602.5417242271818	395.90239391272894	1452.4349723165956	7.164419808852046
10.523731777074742	1.9498746943767729	1500.416237523499	613.699904305463	396.7392921455726	1468.4196057256424	7.221798738526839
10.501011091033822	1.950037709171085	1517.1535076409205	624.858084383744	397.55324022222106	1484.3954781325754	7.278875824656754
10.478512260221416	1.950129221591816	1533.8907777583427	636.0162644620251	398.3583103544407	1500.3651125539977	7.335656351653694
10.45689146189369	1.9501527431403318	1550.6280478757647	647.1744445403064	399.13227245194855	1516.3243072665514	7.392145423417838
10.434536875832565	1.9501116128781328	1567.3653179931864	658.3326246185874	399.92991005630614	1532.283433598922	7.448348593805583
10.413759202862847	1.9500090092700222	1584.102588110608	669.4908046968686	400.67289310379215	1548.2273259718959	7.5042707754727305
10.392935284856634	1.9498479577872083	1600.8398582280295	680.6489847751498	401.416569696134	1564.166602872418	7.559916758170636
10.37263717076763	1.9496313351272785	1617.5771283454517	691.8071648534309	402.141205416732	1580.0973513260085	7.615291085398915
10.352511410844343	1.9493618800898744	1634.3143984628737	702.965344931712	402.85879122885734	1596.0220018384387	7.670398521821696
10.333061628848336	1.9490421986827655	1651.051668580295	714.1235250099932	403.5518695589584	1611.9368431296261	7.725243543996322
10.314947420485883	1.948674768446938	1667.7889386977167	725.2817050882744	404.1959602711073	1627.8366313375136	7.779830411530769
10.294831104904722	1.9482619495106832	1684.5262088151383	736.4398851665554	404.9126449971832	1643.7470664103832	7.834163214422464
10.27607553802366	1.947805985266513	1701.2634789325605	747.5980652448367	405.5794732601536	1659.6419495168986	7.888246188459195
10.257604022076007	1.947309013262101	1718.0007490499825	758.7562453231178	406.2358197634968	1675.5299378293887	7.942083366337696
10.23876089895032	1.9467730671473797	1734.7380191674044	769.914425401399	406.9065351103071	1691.41610432092	7.995678685707559
10.221985267144097	1.9462000811492846	1751.475289284826	781.07260547968	407.49857847561697	1707.2801880569948	8.0490355931528
10.204215470163819	1.9455918996849477	1768.2125594022482	792.2307855579612	408.1370132012501	1723.14770583641	8.102157873951512
10.186975506738431	1.9449502770716882	1784.9498295196704	803.3889656362423	408.7790651678649	1739.0058173448542	8.155049483677352
10.170200062388666	1.944276884860524	1801.6870996370915	814.5471457145234	409.42723269409527	1754.8549230738308	8.207713083384348
10.153651481361148	1.943573315185733	1818.424369754513	825.7053257928047	410.0836349381838	1770.697054786521	8.260153009877753
10.136410841082018	1.942841084047259	1835.1616398719345	836.8635058710857	410.80288224445644	1786.5408245137908	8.312371661396952
10.121980236391389	1.942081636577146	1851.898909989356	848.0216859493669	411.4181381857825	1802.3531184723743	8.36437306117225
10.105135593658227	1.9412963503501188	1868.636180106778	859.1798660276481	412.1814836519298	1818.183549499244	8.416159782396257
10.090065716439009	1.9404865373541658	1885.3734502242	870.3380461059293	412.87969984825673	1833.9917991233467	8.467735096775884
10.073881326340963	1.9396534497208042	1902.110720341622	881.4962261842104	413.6945698745563	1849.8063260418742	8.519102161795082
10.05869823805827	1.9387982794639311	1918.8479904590436	892.6544062624915	414.4955414810703	1865.6059336544263	8.570263724479823
10.043593172060678	1.9379221656582897	1935.5852605764649	903.8125863407726	415.34312860270114	1881.3998792782297	8.621222412650305
10.029255363243179	1.9370261921053524	1952.3225306938873	914.9707664190539	416.19600697106506	1897.1807836941023	8.671981312064107
10.014072643978128	1.9361113946002377	1969.0598008113086	926.128946497335	417.1949551684692	1912.9659560014134	8.722543103687704
9.99985162597156	1.9351787610991127	1985.7970709287301	937.2871265756161	418.2145859819358	1928.7358112722002	8.772910415998085
9.991437191583248	1.934229234960079	2002.5343410461517	948.4453066538972	418.7320805986725	1944.4347113671333	8.823085826317591
9.971566277936214	1.9332637151357628	2019.2716111635734	959.6034867321786	420.6902099589974	1960.2591548793553	8.873071862107192
9.959094306349481	1.932283060976995	2036.008881280995	970.7616668104596	422.10660945224953	1975.9939676062793	8.922871002219793
9.94329378118589	1.9312880922137197	2052.7461513984167	981.9198468887407	425.27646821703155	1991.7633625687274	8.972485678114994
9.930578205461078	1.9302795923161509	2069.4834215158385	993.0780269670219	710.9678126382325	2007.491201002767	9.02191827503669
9.921986431543923	1.9292583096989573	2086.2206916332602	1004.236207045303	712.6682370681878	2023.1626820102508	9.071171133154863
9.905920743735155	1.928224958434322	2102.957961750682	1015.3943871235842	715.6912689926714	2038.9218479467872	9.120246548672869
9.891384112136352	1.9271802206926845	2119.695231868103	1026.552567201865	717.735051186415	2054.657830735563	9.169146464919537
9.877678868008235	1.926124749913085	2136.4325019855246	1037.7107472801463	719.361574072193	2070.378849007839	9.21787325510647
9.870196172521887	1.9250591690776322	2153.169772102946	1048.8689273584273	719.9163350804175	2086.012763836269	9.26642918163793
9.853145041888897	1.9239840733895288	2169.9070422203667	1060.0271074367085	721.7545229593696	2101.7689611349183	9.314816311271203
9.846296153675336	1.9229000336411355	2186.644312337789	1071.1852875149898	722.1491363219994	2117.3822414281017	9.363036236149984
9.829612105436633	1.9218075928915739	2203.381582455211	1082.3434675932708	723.7210298218952	2133.1256453596616	9.411091527200591
9.821071628995606	1.9207072735965067	2220.118852572634	1093.501647671552	724.2652309291482	2148.750748887891	9.458983846524962
9.812479463286644	1.9195995730306323	2236.856122690056	1104.659827749833	724.7834519550673	2164.3702318637406	9.506715100495766
9.800119630335313	1.9184849660625187	2253.593392807478	1115.8180078281143	725.7026665100966	2180.0386471077045	9.5542873766966
9.78146927904716	1.9173639113388117	2270.3306629248987	1126.9761879063956	727.2807424308252	2195.7961823467126	9.601702191655747
9.769880728803551	1.9162368417432685	2287.0679330423204	1138.1343679846766	728.0977513109237	2211.445506171894	9.648961670515252
9.765970546624597	1.9150980613739454	2303.8052031597413	1149.2925480629576	728.0740713275179	2226.9722923201757	9.696067387294011
9.747162814076248	1.9139663112813692	2320.542473277163	1160.450728141239	729.683642159105	2242.7229823474954	9.74302107452121
9.73637209626757	1.9128236308804119	2337.279743394585	1171.6089082195201	730.4148575916885	2258.3456921307506	9.789824728321939
9.724386105723953	1.9116002629364588	2354.017013512005	1182.7670882978011	731.2796525630336	2273.9827110616734	9.83647945950305
9.714243981526673	1.9105252677664635	2370.7542836294265	1193.9252683760824	731.9399856477459	2289.585441170391	9.882987350925776
9.703762203081153	1.909370268633499	2387.491553746849	1205.0834484543634	732.6386168863988	2305.1887179243868	9.92935002291381
9.695062214523128	1.908211823349233	2404.2288238642705	1216.2416285326447	733.136545761929	2320.7572437752783	9.975568821959627
9.683529512007503	1.9070502393861095	2420.966093981692	1227.399808610926	733.954966895557	2336.36834628205	10.021645283715515
9.680589426102602	1.9058764086413296	2437.7033640991135	1238.557988689207	733.796050161141	2351.8267474397812	10.067581114507561
9.673429283714592	1.9047188149238232	2454.440634216535	1249.716168767488	734.1139457197496	2367.3506796855845	10.113377779898878
9.650943564691993	1.9035495224048953	2471.1779043339566	1260.8743488457694	736.1917750108275	2383.1408722329984	10.159036723145535
9.649273374897877	1.902378194218315	2487.9151744513792	1272.0325289240504	735.8784178949619	2398.5571806548915	10.20455936563808
9.63121530446943	1.9012050729172596	2504.6524445688	1283.1907090023315	737.4599273454755	2414.2641771506183	10.249947107332366
9.623457518321867	1.900030394855796	2521.389714686222	1294.3488890806127	737.8497777532477	2429.779635636827	10.29520126203662
9.616300273331806	1.898854392705175	2538.126984803643	1305.5070691588937	738.16851454128	2445.2780219852075	10.34032327932245
9.602364386538094	1.8976772739093197	2554.8642549210654	1316.665249237175	739.2831838086306	2460.8995222682356	10.385314513519488
9.59744545556664	1.8964992521152875	2571.6015250384858	1327.8234293154562	739.3382812398113	2476.344404266496	10.430176281981415
9.590724328089667	1.895320524026577	2588.3387951559075	1338.9816093937372	739.6041709012023	2491.8174274311036	10.47490985399066
9.577685335686077	1.894141278891458	2605.076065273329	1350.1397894720183	740.6204493981533	2507.4096844921246	10.519516441349303
9.564317048937138	1.8929616994967058	2621.813335390751	1361.2979695502997	741.6813949521975	2523.005781134634	10.563997361507136
9.56303202452407	1.8917819601311077	2638.5506055081737	1372.4561496285808	741.2973977762988	2538.353234397455	10.608353857264081
9.545917586334784	1.8905358110086092	2655.2878756255946	1383.6143297068618	742.8142724145492	2554.018478612729	10.652587153428449
9.540361793067841	1.8894226625540407	2672.0251457430168	1394.772509785143	742.942061341409	2569.441698489686	10.69669845715603
9.529149951352345	1.8882434142301117	2688.762415860437	1405.930689863424	743.7549649623106	2584.9781430392886	10.740688958281327
9.520527842777614	1.8870646344071205	2705.4996859778585	1417.0888699417053	744.2557320690036	2600.455613847188	10.784559693660242
9.519245167655551	1.8858864602741428	2722.23695609528	1428.2470500199865	743.8604965406104	2615.7688198635537	10.82831170815631
9.509280774656396	1.8847090267497446	2738.974226212703	1439.4052300982676	744.5252526074652	2631.2642822593893	10.871946356047815
9.489350181565742	1.882356889243844	2772.448766447547	1461.72159025483	745.8632793124413	2662.243415314554	10.958867689951731
9.47735967510219	1.8811824254970615	2789.1860365649677	1472.879770333111	746.7879528664698	2677.773418119802	11.002156405374636
9.468915555230605	1.8800091835301915	2805.923306682389	1484.0379504113923	747.2757362525975	2693.2187768699705	11.045332128574541
9.46160126537858	1.8788372707897365	2822.6605767998094	1495.1961304896734	747.6239472431306	2708.6330940258686	11.088395441310988
9.460191344092209	1.8776667905296311	2839.3978469172316	1506.3543105679544	747.2334164187808	2723.9023077748434	11.13134774583264
9.443855324993237	1.8764978408831214	2856.1351170346534	1517.5124906462356	748.7151006811772	2739.52088826194	11.17418993609681
9.436748747791677	1.8753305158654694	2872.8723871520756	1528.6706707245164	749.0410408329285	2754.9155807913526	11.216922843979077
9.427917612081975	1.874164905850225	2889.609657269497	1539.828850802798	749.5862890948551	2770.3474124450872	11.259547746883044
9.433678964904809	1.8730010960343093	2906.3469273869187	1550.9870308810791	748.2828305423799	2785.412412790985	11.302065175483193
9.41486934634923	1.8718391694815621	2923.0841975043404	1562.14521095936	750.0959289853531	2801.082699300363	11.34447652852236
9.405135199521345	1.8706792041879654	2939.821467621762	1573.3033910376412	750.761975053772	2816.523826633787	11.38678229403712
9.397214430947075	1.8695212749203398	2956.5587377391835	1584.4615711159224	751.1988101738851	2831.9148196613637	11.42898374032316
9.391329484765091	1.8683654532259548	2973.296007856606	1595.6197511942034	751.3757238813997	2847.2483240007737	11.471081561165382
9.38237834892443	1.8672118072705808	2990.033277974027	1606.7779312724847	751.9485053445528	2862.656853709679	11.513076652528152
9.374807058255286	1.8660604030877401	3006.7705480914483	1617.936111350766	752.3455950529274	2878.024838641926	11.55497014395955
9.370104115743928	1.8649113010953104	3023.5078182088705	1629.094291429047	752.3724221540269	2893.3109910835565	11.596762352530812
9.359488106846051	1.8636675242110559	3040.245088326293	1640.2524715073282	753.1682093228858	2908.7518666368123	11.638454621964962
9.359940332094709	1.8626202435239243	3056.982358443716	1651.4106515856095	752.5247988383528	2923.885260097775	11.680047750842135
9.348315547412973	1.8614783966046602	3073.719628561137	1662.5688316638903	753.4562563292418	2939.345609504171	11.721542135767388
9.343284671507309	1.860339074068097	3090.456898678559	1673.7270117421715	753.5284850523065	2954.6183232986023	11.762939003298374
8.933183969745755	1.7836441483990904	4345.752157485195	2510.5905176132574	767.6499812824826	4086.9155459467643	14.6361394509569
8.836872933471675	1.7619853420021205	4764.183910420735	2789.545019570286	768.7445189575608	4456.723193793653	15.512401445468427
8.752133778774326	1.7411869047789301	5182.615663356282	3068.4995215273148	769.0904184643305	4822.930502091429	16.356840533384872
8.685124757347092	1.7236692954627413	5601.047416291829	3347.454023484343	767.6017310832605	5184.857022940222	17.173168371047993
8.618644637245392	1.7067735485155828	6019.479169227371	3626.4085254413717	766.8903787016156	5543.856706199206	17.964411126572156
8.562674050913756	1.6910916086304226	6437.9109221629205	3905.3630273984004	765.2971316072933	5898.946259464878	18.733075808632258
8.517877441342847	1.676540067493013	6856.34267509847	4184.317529355429	762.6334186685353	6249.7746314669785	19.481268619226128
8.468183608570254	1.6630041171021495	7274.774428034005	4463.272031312457	761.4167384470179	6598.394289031544	20.21077959378531
8.432099087425335	1.650383009645358	7693.206180969552	4742.226533269486	758.6115521369761	6942.140019447147	20.923146097451273
8.392801803395574	1.638588396216705	8111.637933905096	5021.181035226515	756.8758049768697	7283.541757799399	21.619700797971213
8.360908154945518	1.6275427145669707	8530.069686840641	5300.1355371835425	754.4543215866543	7620.783241206862	22.30160768506583
8.328544413820694	1.6171777285435371	8948.501439776199	5579.090039140572	752.5712934065327	7955.300953865201	22.969891597545715
8.304075840612489	1.6074332441990187	9366.933192711747	5858.044541097601	749.5468707420857	8285.230207770599	23.625459833968414
8.277516729396515	1.598256014237419	9785.364945647289	6136.9990430546295	747.8538974950112	8612.79816424122	24.269121059538477
8.255766310625438	1.5895987669795293	10203.79669858284	6415.953545011657	745.4541154315169	8936.29735298253	24.90159950502407
8.23789675069198	1.5814194249570304	10622.228451518384	6694.908046968686	742.776871797942	9255.795489630387	25.52354704818337
8.226547291393247	1.5736804044152788	11040.660204453927	6973.862548925715	739.3940161889437	9570.26639073836	26.135552991181694
8.199689544238577	1.5663480380440449	11459.09195738948	7252.817050882743	738.7119884917407	9886.97438532158	26.738152157337375
8.16918338273842	1.5527852385209024	12295.955463260558	7810.726054796801	734.503307176563	10504.291511068173	27.91703834168995
8.154231276028876	1.5465029082762385	12714.387216196099	8089.6805567538295	732.7007546295969	10808.66469831042	28.494179788096506
8.142536709066137	1.540522757421504	13132.818969131653	8368.635058710857	730.6118716477258	11108.89285903269	29.063632432085356
8.133273845562261	1.5348245109134144	13551.250722067189	8647.589560667886	728.3543498273363	11405.174666017794	29.625743360489565
8.120875391472346	1.5293897057789454	13969.682475002726	8926.544062624915	726.753794151448	11700.13401006939	30.180833499370717
8.121013986433535	1.5242014911642212	14388.114227938268	9205.498564581943	723.3120995119247	11985.905003074176	30.729200533511335
8.101848027378677	1.5192444526594042	14806.545980873812	9484.453066538972	722.9993568177938	12278.980291188544	31.271121102266413
8.094261081791203	1.5145044606822409	15224.977733809363	9763.407568496	720.716914795603	12563.207733086265	31.806852907639684
8.088047563812705	1.509968534637837	15643.409486744904	10042.36207045303	717.9251319187445	12843.838644579486	32.336636497710124
8.080656286236934	1.5056247296875174	16061.841239680445	10321.316572410058	714.9530157355908	13122.414755158112	32.860696805793715
8.073651776183791	1.5014620302996458	16480.272992615977	10600.271074367085	710.6291315408932	13398.047250815727	33.37924451353384