28.382674912641598	0.08186168569606778	35.01889990375193	0.11158180078281144	0.21926186974739212	29.42314902622758	0.2294761402266479
27.641770240697547	0.08321373215704085	56.00181385488425	0.22316360156562287	0.16964892259207845	45.838738242152175	0.36638318336958964
26.83433892584748	0.08412053650494968	72.04827648580353	0.33474540234843436	0.14312977282693629	59.51381247828058	0.4708744562489539
26.655930269292238	0.08653140692622104	81.10687321179608	0.44632720313124574	0.11056400213515243	70.98732377518685	0.5297225169962301
25.816045958412317	0.08964351049144294	90.14122176324858	0.5579090039140573	0.09426161745451377	78.92916323992486	0.5884123560085507
25.510632233044056	0.09351022418067965	97.0036548044586	0.6694908046968687	0.07703501150416726	86.10946335922631	0.6325701430208444
24.865723215220463	0.09808744128249584	101.25525164665608	0.7810726054796802	0.06441478610460978	94.30146334271618	0.6592591071306456
24.363387806718706	0.10347096747597125	105.50684848885356	0.8926544062624915	0.05173119779557157	98.66426263710478	0.6859480712404469
23.71699265879324	0.10924524599950719	109.75844533105104	1.004236207045303	0.045385242815485956	102.71746229944176	0.7126370353502481
12.792134408148895	0.5526437527238907	245.11840180934104	11.158180078281145	108.20242257996381	242.56449039513973	1.563983909281709
12.742262311043623	0.5871555101549841	253.6540410384029	12.273998086109259	117.4949594955068	251.06878325606058	1.6161407807104244
12.70314227468177	0.6199291101522424	261.7296771082521	13.389816093937375	125.8490451845769	259.108636761203	1.6652806910331768
12.668838322403348	0.6511410853015032	269.40553577977784	14.505634101765487	131.80510260383375	266.75024764979014	1.7117989672106333
12.649619523398043	0.6809410772448864	276.72257684770744	15.621452109593601	137.18930556072803	274.03280903034465	1.7559693827879308
12.625578827812985	0.7094615764908471	283.6973660638568	16.73727011742172	142.5035281082216	280.9880748295598	1.7979135809894156
12.613189611900346	0.7368265153738458	290.32130709036545	17.853088125249833	147.34273066968737	287.6118773951306	1.8376007940358814
12.596907351534428	0.7631594304985789	296.55435630294664	18.968906133077947	152.06915889997555	293.8856849106818	1.8748119035482038
12.620750455376296	0.7885909600607529	302.3243170849087	20.084724140906058	155.60811381678423	299.7342832644513	1.9091371977593692
12.574737798635814	0.8132575073414523	307.5813468777778	21.200542148734172	160.77644574372917	305.14255832581466	1.940304129351474
12.570050673447428	0.8372900713482198	312.31411688530454	22.316360156562286	164.7888305121408	310.0346292167403	1.9682683620732653
12.572596414528297	0.8608016530233912	316.56985371361674	23.4321781643904	168.52817998552567	314.439834839075	1.993331289848967
12.557562722007322	0.8838795106473366	320.4223873227176	24.547996172218518	172.6623191713441	318.4270375879916	2.0159461404573342
12.551297816081576	0.9065853011384098	323.94764799962604	25.663814180046632	176.5191763192221	322.0598675231534	2.036573402932906
12.550434096938057	0.9289600529774927	327.2136614429314	26.779632187874743	180.19222320073794	325.40829499338275	2.0556236958128506
12.548212341326675	0.9510302835877549	330.2674004873572	27.89545019570286	183.86640969021562	328.52691647938224	2.0733797724211636
12.545477955811906	0.9728129404526734	333.1494221903847	29.011268203530975	187.5259026534346	331.4618368637	2.0900863608286406
12.544939817780127	0.994319103199606	335.8817331353983	30.12708621135909	191.09824326355985	334.23747250677036	2.105875997026233
12.547268193441264	1.0155562368342816	338.4870848098266	31.242904219187203	194.56147305154803	336.8789710005235	2.1208867501992463
12.548650303950664	1.0365297012010544	340.9800469832447	32.35872222701532	198.01038163739506	339.403401936408	2.135207279995852
12.55121386223028	1.0572436382625265	343.3698962596384	33.47454023484344	201.3865643663826	341.82332338468467	2.148894192484402
12.553161528253897	1.0777014818515747	345.6679022360754	34.590358242671556	204.7434495872226	344.14598036203205	2.162016623290788
12.557192916564125	1.0979063565180185	347.88298438089134	35.70617625049967	208.00418513320156	346.3831769201356	2.1746294085671227
12.563917998727156	1.1178611077889093	350.01820033495136	36.82199425832778	211.15072398657438	348.5394734813115	2.1867514147302507
12.564355924534459	1.137568548228972	352.0826798349083	37.937812266155895	214.4504967960248	350.6252190061271	2.198438812977867
12.568220236519732	1.1570313545036697	354.08156037183886	39.053630273984005	217.6172117759677	352.6397767980309	2.2097232076980533
12.573372170757828	1.1762522085783003	356.01733729820046	40.169448281812116	220.71435332890417	354.5917987561233	2.220619925087584
12.578113131360464	1.1952337810667417	357.895708268973	41.28526628964023	223.79398646587626	356.4855530851119	2.231163910221167
12.583953117624045	1.2139786978552582	359.72109476354655	42.401084297468344	226.81084790780005	358.324447862834	2.2413822180334435
12.5881224343688	1.2324895735459365	361.49709706858107	43.51690230529646	229.85098722747767	360.1127312415512	2.2512968118086305
12.595071943768223	1.250769008516769	363.2271742836863	44.63272031312458	232.77563199778257	361.8529139852542	2.260928747755207
12.601536732796472	1.2688195886231872	364.91463246444573	45.7485383209527	235.68788837046012	363.5490805326967	2.270298111420608
12.607501315037853	1.2866438832222042	366.56128201136875	46.86435632878081	238.5884543220745	365.2044382739949	2.2794157325533293
12.60859684413723	1.3042444201458983	368.1703001054622	47.980174336608926	241.61885475950564	366.82296000870184	2.2883008346676252
12.62903822719519	1.3216237355069798	369.7452614150065	49.095992344437036	243.99625503564593	368.401392727546	2.2969751143008343
12.626422527240337	1.338784355022903	371.2888440288006	50.211810352265154	247.08936736333513	369.9501840358511	2.3054547518855095
12.632791721462866	1.355728783810368	372.8009246843826	51.327628360093264	249.8587597209818	371.4669986925338	2.3137384883466328
12.639810176475844	1.3724594613346441	374.285320536936	52.44344636792138	252.57624475053234	372.95515092678414	2.321849539223142
12.644815307320657	1.3889788917442216	375.74479663483083	53.559264375749486	255.32943773805943	374.41510910478416	2.329804685620662
12.652410706490052	1.4052894918092989	377.17796551082523	54.6750823835776	257.96667395417245	375.8510566408142	2.3375946092295723
12.659047337225527	1.4213936969601255	378.59046406157063	55.79090039140572	260.606354271575	377.26197076678045	2.3452541735517243
12.659047337225527	1.4213936969601255	378.59046406157063	55.79090039140572	260.606354271575	377.26197076678045	2.3452541735517243
12.66045507158231	1.42538778209665	378.93910912566065	56.06985489336274	261.2700592942839	377.61254314857644	2.347140708027838
12.662299701558146	1.4293691669543729	379.28775418975056	56.348809395319776	261.91737457067467	377.9595573857611	2.349027242503953
12.664275890578832	1.4333378543015247	379.6347764238208	56.6277638972768	262.5585964152867	378.30645254582083	2.3509034610196378
12.666034469961444	1.437293923160239	379.9800710809213	56.90671839923384	263.20487037660445	378.6523067931529	2.3527686977224143
12.667443276666495	1.4412373899214048	380.32536573802173	57.185672901190856	263.86111958593784	378.99589008673684	2.35463393442519
12.671207207278943	1.4451682853051036	380.6680673153953	57.464627403147894	264.43571556373456	379.3389714411189	2.3564826259912777
12.670692662541212	1.449086667040092	381.01013571807465	57.74358190510491	265.15408644827687	379.6808845355787	2.3583272775883053
12.672420520033707	1.452992549527676	381.35191491497426	58.02253640706195	265.7945880688342	380.02108704772485	2.3601700763762734
12.674302713650098	1.4568859842394786	381.69088038953697	58.301490909018966	266.4272798455834	380.3612534117512	2.361994848933073
12.675411356590585	1.460767014484917	382.0298458640998	58.580445410976004	267.0848165767445	380.69869806231577	2.3638196214898723
12.677702221968506	1.4646356491865258	382.36775883346877	58.859399912933036	267.7003158849784	381.035588957138	2.365637620997133
12.676972210985483	1.468491956611251	382.70374386058137	59.13835441489007	268.41756622364375	381.3726397548495	2.3674432138687864
12.68049691492063	1.4723359629081267	383.0397288876939	59.41730891684709	268.9870221521028	381.7062084974342	2.36924880674044
12.682073688325199	1.4761676834230724	383.3740444655939	59.69626341880411	269.6211577178155	382.0401810605406	2.3710436038168368
12.684286974734581	1.479987189712919	383.7071706661637	59.975217920761146	270.2318044882549	382.372917416934	2.3728307095696266
12.686152298518987	1.48379449921905	384.04029686673346	60.25417242271817	270.8528289107752	382.7038837429291	2.3746178153224164
12.689040471355899	1.4875896356721225	384.3712705486636	60.53312692467521	271.43627366350876	383.0346270911823	2.376390926632537
12.689177456658935	1.4913726718836215	384.70165867482353	60.812081426632226	272.1127726833284	383.36436561011243	2.3781602309945997
12.68989922633035	1.49514360992169	385.03204680098344	61.091035928589264	272.7674490723528	383.6927429683152	2.3799295353566627
12.69330857001796	1.4989024944267957	385.35992100473584	61.36999043054628	273.3276090793552	384.02054621128013	2.3816823991212974
12.692296362436915	1.5026493786513382	385.6876909357639	61.64894493250332	274.0388411376672	384.34733136491593	2.3834345809611923
12.695786693778762	1.5063842709078277	386.0151944815637	61.927899434460336	274.5915446410568	384.6724109386448	2.38518500936268
12.697593588166995	1.510107226084701	386.34046522454923	62.206853936417374	275.2011453032926	384.99784190097455	2.3869207406946797
12.698579518878521	1.513818282395904	386.6657359675348	62.4858084383744	275.83764584196564	385.32123803767536	2.3886564720266796
12.700370915464028	1.517517454992889	386.99046869235053	62.76476294033144	276.44392175152547	385.6440830058489	2.390388636531089
12.702520568204969	1.521204799645278	387.31335838740813	63.043717442288454	277.0354964214102	385.9668466502706	2.3921085825459376
12.702238702947714	1.5248803508661417	387.6362480824658	63.32267194424548	277.7102180867292	386.28776432134	2.3938285285607863
12.704880586972862	1.528544123028823	387.95841588412213	63.60162644620251	278.2813663044674	386.6079508547065	2.3955436507513683
12.706454412878209	1.5321961775066992	388.2790418139413	63.88058094815954	278.8871771588997	386.92828092645175	2.3972484698712027
12.708243599270544	1.5358365412527266	388.5996677437604	64.15953545011656	279.4834473472229	387.24629357065334	2.3989532889910374
12.710213694010747	1.5394652335378711	388.9194647452537	64.4384899520736	280.0717336969457	387.56425959773765	2.400652520290704
12.71182803912067	1.5430823133713851	389.23794334876663	64.71744445403063	280.6705410038278	387.88211642050163	2.402342864246804
12.714254658746231	1.5466878058307107	389.5564219522796	64.99639895598766	281.23804722072583	388.197745373009	2.4040332082029034
12.714817531649	1.5502817335291723	389.8740308802855	65.27535345794469	281.8692210620997	388.5137679938266	2.405717632213687
12.716116888750216	1.553864152600597	390.1904777702326	65.5543079599017	282.47282082015545	388.8294066466273	2.4073941461457022
12.717907850491013	1.557435088964755	390.5069246601797	65.83326246185874	283.0565432746742	389.1430403726455	2.409070660077718
12.720568630533098	1.5609945658642999	390.82251724038844	66.11221696381577	283.60739496984695	389.45648070612737	2.410741295001694
12.721367257062543	1.5645426354616752	391.13704722455475	66.3911714657728	284.22189594012616	389.77011425740534	2.4124046175770033
12.725901468934234	1.568079327257746	391.451577208721	66.67012596772985	284.70266820137766	390.08113863559305	2.414067940152312
12.729040301639412	1.571604662354959	391.76531457592966	66.94908046968686	285.22992803765453	390.39245379171524	2.4157257412816335
12.725884718999414	1.5751186946705573	392.078041681829	67.2280349716439	285.976477343882	390.7049888652991	2.417376504833472
12.726276957296115	1.578621449181682	392.39076878772835	67.50698947360091	286.5962965730926	391.0150006291162	2.41902726838531
12.727623444808613	1.5821129513577121	392.7028019087906	67.78594397555796	287.17936716973486	391.3248017180462	2.420673130650019
12.73057784354496	1.5855932513225972	393.01383941157275	68.06489847751497	287.7037039751461	391.63421048470775	2.422311961333056
12.731325393100732	1.5890623770859178	393.3248769143549	68.34385297947202	288.30366429731566	391.9423523327045	2.4239507920160923
12.733523309673751	1.5925203479812031	393.6353470222576	68.62280748142904	288.84947172954	392.25015950637936	2.4255855525794052
12.735207751257516	1.5959672230523994	393.9448074756161	68.90176198338607	289.410795649687	392.5581021397889	2.427213070541449
12.736587824175809	1.5994030228822826	394.2542679289746	69.1807164853431	289.9808316602721	392.8645174289381	2.428840588503493
12.73835662344976	1.602827770244901	394.5633069664817	69.45967098730013	290.5338667583143	393.17074918243003	2.4304650293952483
12.739722498833052	1.6062415175640352	394.8713022363442	69.73862548925715	291.09827047606836	393.4770638468878	2.4320818489637985
12.7377446231893	1.609644291881819	395.17929750620675	70.01757999121418	291.77716887319264	393.782790158701	2.4336986685323487
12.743412386068165	1.613036115705103	395.4870285776755	70.29653449317121	292.1858751842054	394.08659552133497	2.435313519312303
12.744132121036602	1.616417035011485	395.7936698784605	70.57548899512823	292.76433024557883	394.391480389789	2.4369202491946864
12.75070821380297	1.6197870800631813	396.10031117924547	70.85444349708526	293.1364062470282	394.69402065610694	2.4385269790770696
12.744740662326544	1.6231462770727125	396.4068490093824	71.13339799904229	293.94182022898235	394.9989250488038	2.4401329195206776
12.74872772768816	1.6264946634015713	396.71224694261207	71.41235250099933	294.3972395143673	395.30162678626203	2.4417301630165484
12.750025280406703	1.6298322771752347	397.01764487584165	71.69130700295635	294.94416169613476	395.60413572853037	2.4433274065124193
12.75150684249057	1.6331591401536258	397.32304280907124	71.97026150491338	295.47984107044624	395.90604489581426	2.4449246500082897
12.75329997304264	1.636475287660807	397.6273608693823	72.2492160068704	296.00216288745736	396.20787811934264	2.4465134245376485
12.754809178090955	1.639780761192663	397.9316254644442	72.52817050882744	296.5315715221948	396.5092478872662	2.448101779762664
12.758627642944505	1.643075581323263	398.23589005950606	72.80712501078446	296.97670999574416	396.80939091639743	2.44969013498768
12.75565231845213	1.646359781205002	398.53933055231204	73.08607951274149	297.6523104529874	397.11104613041215	2.4512718133616804
12.757877797364916	1.6496334032753035	398.8425713091692	73.36503401469851	298.14622459435293	397.4112574121027	2.4528518734811953
12.76081928650745	1.6528964690900259	399.14581206602634	73.64398851665555	298.6113061334424	397.71045940069433	2.45443193360071
12.760756937175229	1.6561490093726199	399.4484668987603	73.92294301861257	299.17623725042824	398.0103290074452	2.4560070577819397
12.763396184854958	1.6593910646992185	399.75079283241087	74.20189752056959	299.64424185195253	398.3095356224585	2.457579411253596
12.764202875320882	1.662622660452319	400.05311876606146	74.48085202252663	300.1713175135666	398.60818951578966	2.4591517647252528
12.766411292025479	1.6658438258659458	400.3550733975545	74.75980652448366	300.64758329397296	398.90651861565857	2.460720837993844
12.768040522017472	1.6690545982577478	400.6565930840499	75.0387610264407	301.13853831492514	399.20497174119214	2.4622860688179813
12.767521892114141	1.672255006370768	400.9581127705453	75.31771552839771	301.6985777830672	399.5031565204012	2.4638512996421196
12.770691255914745	1.675445077570991	401.259446692512	75.59667003035476	302.1300927650359	399.80034442209814	2.4654147893203513
12.772583328922115	1.6786248464422544	401.56026831634443	75.87562453231178	302.60175803041926	400.09781328002606	2.4669734772971763
12.77347862637392	1.681794347241925	401.86108994017684	76.1545790342688	303.101267757645	400.39502930674456	2.4685321652740013
12.774408869381835	1.6849536022322336	402.1618771610296	76.43353353622582	303.5954476721081	400.6919126082064	2.4700905054455355
12.798201045794213	1.6881026469248794	402.46210856370544	76.71248803818287	303.33935598384085	400.9835162974213	2.47164322643803
12.777457322568656	1.6912415123757942	402.76233996638126	76.99144254013989	304.53285026171125	401.28514004166846	2.473195947430524
12.783839958921547	1.6943702265790854	403.0625713690571	77.27039704209692	304.8394946497195	401.58005370103757	2.4747486684230178
12.785974610659693	1.6974888193631912	403.36239822667125	77.54935154405395	305.27862038865413	401.87593916302126	2.4762968678537978
12.781858257314065	1.7005973243583627	403.66214695628855	77.82830604601098	305.91477201234477	402.17321505293813	2.4778441940553795
12.783158042548102	1.7036957702781534	403.9618956859058	78.10726054796801	306.3708643039017	402.46870191395436	2.479391520256961
12.784776202031324	1.706784182687889	404.26141665928503	78.38621504992503	306.8144906710457	402.7641069248256	2.480935918265061
12.78582752992592	1.7098625967010046	404.5607900206071	78.66516955188207	307.2703955969002	403.0596371954427	2.4824784184693183
12.787084218345006	1.7129310384073542	404.8601633819291	78.94412405383909	307.7164358757829	403.3547191852759	2.4840209186735756
12.78883280032021	1.7159895390250255	405.1594387594246	79.22307855579612	308.14249875395893	403.64959581481287	2.4855618627365015
12.789020510211563	1.7190381278218663	405.4585438654955	79.50203305775315	308.6126887306356	403.9448323597245	2.487100102614356
12.79114900787551	1.7220768340100843	405.75764897156637	79.7809875597102	309.0190723133681	404.23940346831176	2.4886383424922105
12.792229550908635	1.725105685689302	406.0567355632082	80.05994206166721	309.4530845696699	404.53404326761637	2.49017615791501
12.793944422749533	1.7281247118685112	406.3556793868521	80.33889656362425	309.8639658804842	404.8285271690614	2.491710700290722
12.795144351659443	1.7311339433617714	406.65462321049597	80.61785106558126	310.2860570599597	405.12306017762654	2.493245242666434
12.796553174209533	1.7341334071162735	406.9535670341399	80.89680556753831	310.69787831916926	405.41733615745716	2.494779785042146
12.796626719476734	1.7371231316277442	407.2524642660257	81.17576006949533	311.1451519250054	405.71192395187325	2.4963116403812236
12.798875706867344	1.740103145704929	407.55135369148377	81.45471457145234	311.5238058669196	406.00598261717727	2.497843045508542
12.800478062507038	1.7430734786001547	407.8502431169418	81.73366907340937	311.91813900709957	406.30003779179344	2.4993744506358597
12.801900883885775	1.74603410301766	408.1584317678547	82.0126235753664	312.3127905249294	406.59411480501535	2.500951728792291
12.804765567875354	1.7489848129554388	408.47304210840764	82.29157807732344	312.66370596986224	406.88781067757765	2.5025606851091493
12.804466357439685	1.7519256085824217	408.78765244896056	82.57053257928045	313.09947240085927	407.1822152663942	2.5041696414260084
12.805731605933286	1.7548564780979528	409.1107208225074	82.84948708123748	313.4892930721846	407.476191945965	2.5058204041192718
12.806764950429445	1.75777719173055	409.4428095153133	83.12844158319453	313.87816403793556	407.77018092067607	2.507515752458217
12.808275821740802	1.760687731871845	409.77489820811917	83.40739608515156	314.25314669882374	408.06883455115894	2.509211100797162
12.813514102017026	1.763588074320129	410.1174314492014	83.68635058710858	314.51650607579546	408.3771178937145	2.5109581695494287
12.810847965840626	1.7664779654807763	410.46905477099585	83.96530508906562	315.0002862168939	408.6874001297954	2.5127502515199898
12.810814460568304	1.769357396032573	410.8206780927903	84.24425959102264	315.40474619359094	408.99956155641655	2.5145423334905517
12.813109531078968	1.7722262788619547	411.18866546784824	84.52321409297967	315.74125092072035	409.32562383393383	2.5164155881867702
12.815448034575446	1.7779316596143575	411.9387181760967	85.08112309689372	316.4654941317655	409.9810584644545	2.520231952989526
12.816367766796342	1.7807679225888071	412.3372246074637	85.36007759885075	316.83107304234045	410.32651022220637	2.522256793437973
12.81791955343818	1.783593004478517	412.7357310388307	85.63903210080777	317.17203943461664	410.67170413221487	2.5242816338864205
12.81918764654405	1.7864068331892426	413.15260358835184	85.9179866027648	317.51963917904055	411.02356218984437	2.526397860131617
12.820339030223998	1.7892090628708919	413.5795747648165	86.19694110472183	317.8663950520621	411.39028696096864	2.528564334941129
12.828711046830938	1.791999659392413	414.0176250773273	86.47589560667886	318.0164181346563	411.7546331550718	2.5307860130085844
12.822821917517238	1.7947782382419766	414.47744019044313	86.75485010863589	318.54565876501624	412.1387563298151	2.533116137068297
12.827804576168356	1.7975446913780426	414.9445938831728	87.03380461059292	318.77931965810933	412.5283086963179	2.5354828728961136
12.837546640641534	1.8002986118012625	415.4427269223815	87.31275911254995	318.886197715765	412.9188648011599	2.5380041629713426
12.825860695600436	1.8030397983020527	415.95029760931874	87.59171361450699	319.5536565194151	413.34206637057116	2.5405725915421637
12.826049735611466	1.8057677653745285	416.4937154702737	87.870668116464	319.90357926516475	413.7607328608773	2.543320067043219
12.827272377929821	1.80848223624499	417.05824804856394	88.14962261842105	320.2259008978172	414.2031703980625	2.5461731160152654
12.829239169526684	1.8111825559693338	417.6560076956143	88.42857712037807	320.52240683656083	414.6528985077945	2.5491923001490635
12.831538662958382	1.8138682925954768	418.3024168381654	88.70753162233508	320.80854359490104	415.1233146989469	2.552454962783593
12.831169648762309	1.8165386547726428	418.98657329433274	88.98648612429211	321.1610583251943	415.6109171893241	2.5559066261694516
12.833393982305783	1.8191926904262592	419.7337728531456	89.26544062624914	321.44087099106906	416.12059333454454	2.5596740724408673
12.833684912642234	1.821829291002217	420.57848072313	89.54439512820618	321.7681449694679	416.6512095468075	2.5639303039824055
12.833473239719298	1.8244467990506887	421.53936217562295	89.8233496301632	322.1039586604111	417.21689309469707	2.568769234518692
12.834811358068363	1.827042688316197	422.68599522176913	90.10230413212022	322.3953510162503	417.79815237642606	2.5745403175859627
12.834633618564597	1.8296123095982961	424.2863006674956	90.38125863407727	322.722178631668	418.4410050978999	2.58258946437798
12.837294994053895	1.831637434910295	708.6593922936249	90.6602131360343	322.90836230966147	418.9788264703904	4.011728207099545
12.83751043362344	1.8317792225692524	713.4483955500132	90.93916763799132	322.9204806490782	419.12942011690313	4.035791143070334
12.835745760936428	1.8318745808875048	716.2260945580759	91.21812213994835	322.97560226284867	419.33094874442514	4.049743328767986
12.835260462021324	1.8319413581062973	718.3988967942811	91.49707664190538	322.9956677195257	419.56756614073686	4.060653492025299
12.835921319961114	1.8319865209933586	720.25402025785	91.77603114386241	322.9847960861226	419.838106801042	4.069965491251021
12.833166442888029	1.832014148078523	721.8862716030915	92.05498564581943	323.05594203669546	420.1742467868012	4.078155879119587
12.836202487237406	1.8320269981291502	723.3772609787338	92.33394014777646	322.9824592711638	420.53216865547495	4.085635118004985
12.833694922784495	1.8320270890079269	724.7444334399217	92.61289464973349	323.04409541412554	420.94091402047184	4.092490830139345
12.830859986351056	1.8320159868248236	726.0247516371054	92.89184915169052	323.1124497987877	421.419868880013	4.098909005596197
12.829943134939633	1.8319949339820805	727.2306355483354	93.17080365364754	323.1322439688338	421.9493859795496	4.1049520967699795
12.82976558736334	1.831964960012921	728.3664222298296	93.44975815560458	323.1326680295236	422.57907605989965	4.110641836826942
12.828200609054477	1.8319269267985252	729.4487602973106	93.7287126575616	323.1663563037718	423.3529522435001	4.1160620546010165
12.829334317619244	1.8318815734968548	730.4844583473267	94.00766715951863	323.1324388395998	424.34824398588864	4.12124700875475
12.830179842554024	1.8318295340235722	731.4789103359033	94.28662166147566	323.104775518728	426.051855045276	4.126223841826093
12.825770231346404	1.8317713737148795	732.4367116015676	94.56557616343271	323.20630410360303	711.5060764736166	4.131015682759631
12.825312410027612	1.8317075843567965	733.3618014749534	94.84453066538973	323.2094041388328	714.7421041828687	4.135642363584311
12.825985176854473	1.8316386103712863	734.2575763829931	95.12348516734676	323.18385452883007	717.0928802618218	4.1401209878127645
12.823268314064087	1.8315648437661651	735.1232972511357	95.40243966930377	323.24162293795365	719.0444717072344	4.144447770345649
12.821782888361057	1.831486647328698	735.9638438381581	95.68139417126082	323.2683588861829	720.7397799228283	4.148647318488923
12.821797319879373	1.8314043473304058	736.7824457884925	95.96034867321784	323.2574074008947	722.268029117664	4.152735920446737
12.817870255687222	1.831318237850824	737.5811729570727	96.23930317517487	323.3437095141017	723.6664046076335	4.156724012572442
12.817108674144544	1.8312285957969217	738.3618447027563	96.51825767713188	323.3510847924499	724.9625861893576	4.16062077218015
12.816574056021123	1.8311356699367483	739.122629708094	96.79721217908893	323.35240439550336	726.1795543020829	4.164416904079278
12.815055452345788	1.8310396943763985	739.8644757013082	97.07616668104595	323.3777653880236	727.3274554422454	4.168117164464217
12.813731572150221	1.8309408835846164	740.5925731652983	97.35512118300298	323.3979387952609	728.416555019994	4.1717478061822355
12.81187011169245	1.8308394391349636	741.3080804096272	97.63407568496	323.4311486430471	729.4584143904447	4.175314683927729
12.810161283780213	1.8307355476344631	742.0054666645201	97.91303018691704	323.4602693366591	730.4571681894797	4.178789752814203
12.813214329044081	1.8306293813742822	742.6905688500818	98.19198468887407	323.3706116057357	731.408085376495	4.182202557707084
12.807756102543138	1.8305211059484159	743.3660312652914	98.47093919083109	323.49249474147365	732.3432409266551	4.185566494651461
12.805291139955097	1.8304108748939647	744.0267129804532	98.74989369278813	323.53967445058794	733.2419266928539	4.188855479077885
12.80489618135469	1.8302988313528112	744.6763492174098	99.02884819474517	323.53505756166294	734.1051752938256	4.192088426271357
12.803320357441333	1.8301851107509817	745.3186259186516	99.30780269670218	323.5596547476916	734.9456776074783	4.195284032680306
12.801467339363183	1.8300698436211638	745.9462735480552	99.58675719865921	323.59097950702665	735.7643398033811	4.19840538604886
12.799952199756458	1.8299531486959593	746.5664333812389	99.86571170061625	323.6137013654506	736.5621682880419	4.201488715127283
12.798127464846067	1.8298351408271503	747.1787725318765	100.14466620257328	323.6439949592732	737.3422368361837	4.2045323294627535
12.79546663353368	1.8297159292723513	747.7787724115991	100.4236207045303	323.69472418233386	738.1029701789253	4.207513252033518
12.794849591715144	1.8295956154124582	748.3742719486759	100.70257520648732	323.6945607188924	738.8415176500079	4.210471304079643
12.793433690888182	1.8294742978486498	748.9581302085863	100.98152970844436	323.7138558552795	739.5676237681812	4.213370180925648
12.791541391728774	1.8293520694550567	749.5361794015741	101.26048421040139	323.74473573485363	740.2818436244696	4.216239513876363
12.789554058468532	1.8292290194822454	750.1067681555772	101.5394387123584	323.77786134763477	740.9771483562598	4.219070904343176
12.787936159230199	1.829105231095852	750.6688379069667	101.81839321431544	323.80182793093036	741.6601794618931	4.221858946067636
12.786211548044676	1.8289807853218791	751.2267469108812	102.09734771627247	323.8283422278721	742.3337415261354	4.224625815927444
12.786067976046843	1.8288557586808054	751.7741676781901	102.3763022182295	323.81587537609227	742.9891453741895	4.2273392883207235
12.78321061746959	1.8287302238327587	752.3197575851682	102.65525672018653	323.8701432783931	743.6384201241995	4.230043438956384
12.779725067471457	1.8286042495033576	752.8539257804052	102.93421122214357	323.93988099100164	744.2812162532898	4.232689408242245
12.778492133582118	1.8284779042092847	753.3866834338774	103.21316572410059	323.9540813302183	744.9050116264549	4.235328188388639
12.775903364695338	1.8283512518124871	753.909723125047	103.49212022605762	324.00169267859803	745.5241868748262	4.237917438781248
12.776107810386106	1.8282243536315208	754.4306739715714	103.77107472801464	323.98033576998887	746.1305729195124	4.24049603697299
12.778263251500158	1.828097266415959	754.9430393833293	104.05002922997168	323.9107052810629	746.7228655896739	4.243030853174593
12.770054570442685	1.8279700489886193	755.4531180066194	104.3289837319287	324.097163513113	747.3251875915325	4.2455540011382675
12.76956444103539	1.8278427532713544	755.9552361101422	104.60793823388573	324.09287690026366	747.9039592605742	4.2480365308987365
12.765534577184088	1.8277154321546567	756.4552956734567	104.88689273584275	324.1761868030686	748.4828467203015	4.250508551003525
12.771053079463975	1.8275881350722287	756.9475683239692	105.16584723779978	324.02304851044784	749.0402518793098	4.252940815862329
12.763698110282313	1.8274609096742924	757.4383888818995	105.4448017397568	324.1887892076551	749.6076119989106	4.255365662888862
12.76177602781888	1.8273338012644902	757.9211947506716	105.72375624171383	324.21998012063153	750.162313823776	4.257749567884143
12.759948693397714	1.827206855664125	758.4034905835304	106.00271074367086	324.24885129930215	750.7075745087814	4.2601308658814725
12.758705777354548	1.8270801129135545	758.8771869076085	106.2816652456279	324.2632396952627	751.2492295363492	4.262468208343159
12.758366328426339	1.8269536156128068	759.3508832316866	106.56061974758492	324.2551915302107	751.7791838147054	4.264805550804844
12.754047058915235	1.826827401601352	759.81653717842	106.83957424954195	324.3461272282703	752.3130791816037	4.267101760756302
12.751309818243337	1.8267015098825699	760.2814613483486	107.11852875149897	324.39782108338585	752.8337642880945	4.269394238285043
12.748973049613191	1.8265759756060767	760.7401660069339	107.39748325345602	324.4396245022706	753.3533176566963	4.271654886929372
12.747865738666762	1.8264508354008875	761.1966370101364	107.67643775541303	324.45085610024364	753.861290499829	4.273904104650098
12.744392170687433	1.826326121833613	761.648928320306	107.95539225737006	324.5211519280183	754.3713796815508	4.276131919234538
12.744040646657648	1.8262018673100335	762.0972480555943	108.2343467593271	324.51363499870706	754.8681914954358	4.278339396402379
12.741892502954649	1.8260781033787594	762.5436192760496	108.51330126128413	324.55070026784483	755.3667041318627	4.280536889490089
12.742942262346748	1.82595486045884	762.984073752824	108.79225576324114	324.5085440588501	755.8520149293863	4.2827040655168105
12.73749654447872	1.825832167643738	763.4245282295983	109.07121026519818	324.62674888241895	756.3451035009491	4.284871241543532
12.734663890634337	1.8257100523854681	763.8578398486239	109.3501647671552	324.6804994808987	756.8256758934008	4.28700179481341
12.7324872267415	1.825588542413204	764.2907002826952	109.62911926911224	324.71824504933284	757.3053918930441	4.289130034774324
12.731349558389315	1.8254676641503773	764.7192231041637	109.90807377106927	324.7305317086497	757.7758673592294	4.2912360207494595
12.728066296530564	1.825347441460802	765.1447469207085	110.1870282730263	324.7957004199597	758.2477305352678	4.293326620423643
12.727267276665904	1.825227900199123	765.5688553771009	110.46598277498333	324.79981446781676	758.7103604517409	4.295409953932343
12.724105464814887	1.8251090629219877	765.9872871300365	110.74493727694036	324.86223848916586	759.1732774807293	4.297464144422823
12.720948231691025	1.8249909530672475	766.4057188829721	111.02389177889738	324.92469898053093	759.6316831176075	4.299518334913302
12.721001746985957	1.8248735904783533	766.8241506359077	111.30284628085441	324.90802858718513	760.0825172903467	4.301571308749698
12.718423683203003	1.8247569983800556	767.2425823888432	111.58180078281144	324.956420635167	760.5339271565148	4.303623909924516
12.628724475165525	1.8208596187345993	783.979852506265	122.73998086109259	326.6469410714484	777.1043052532517	4.385200431257074
12.534171028711699	1.8186311867146157	800.7171226236867	133.89816093937375	328.64472590245157	793.4333911468458	4.465778547629863
12.439349787599829	1.8179999588910964	817.4543927411082	145.0563410176549	330.82669008079665	809.7596896241873	4.545400488988441
12.345877404700238	1.8187358735181514	834.19166285853	156.21452109593602	333.1309357574807	826.0817826840292	4.624104328339786
12.255227932349921	1.8205809495010612	850.9289329759517	167.37270117421716	335.48949352253663	842.3979264454819	4.701926280315507
12.167250647510881	1.823293166085434	867.6662030933736	178.53088125249832	337.8849982441739	858.7084194101174	4.778900289333465
12.083487912968945	1.8266609404288656	884.4034732107954	189.68906133077948	340.25782977701107	875.0105588825562	4.855057741879295
12.003579149697536	1.8305059733343598	901.1407433282171	200.84724140906062	342.59724460474985	891.3045518315025	4.9304276359077495
11.928472033372756	1.8346813494218595	917.8780134456385	212.00542148734172	344.8629568427792	907.5883236250546	5.005038356670456
11.854109717584356	1.8390678781240528	934.6152835630601	223.16360156562288	347.1452128749053	923.8684118491375	5.078915411795858
11.784301590037668	1.843570033922329	951.352553680482	234.32178164390402	349.3358744046313	940.1379065567199	5.1520839583895235
11.717601190703302	1.8481120744393256	968.0898237979037	245.47996172218518	351.4667464183476	956.3988888457176	5.224567462688663
11.654233405130283	1.852634575118656	984.8270939153252	256.63814180046626	353.52029696351593	972.6504633543107	5.296387048056818
11.5926845200845	1.8570914424971499	1001.564364032747	267.79632187874745	355.5328773067441	988.8953739350742	5.3675640680278764
11.535542726271084	1.8614474091462774	1018.3016341501685	278.9545019570286	357.4353549312324	1005.1274061883177	5.438118196038523
11.47844112913049	1.8656759576005244	1035.0389042675904	290.1126820353098	359.33361147657723	1021.3564030283765	5.508067981842239
11.42586684575642	1.8697576014360415	1051.7761743850117	301.2708621135909	361.11224687958867	1037.5714436403982	5.577431174835137
11.381400481547193	1.8736784890175684	1068.5134445024332	312.429042191872	362.6775742681794	1053.7623091039222	5.646224768604548
11.32462570294362	1.877429265706674	1085.2507146198545	323.58722227015323	364.5489067165703	1069.9812450569714	5.714464730717691
11.276596969677877	1.8810041504904789	1101.9879847372763	334.74540234843437	366.1894673277929	1086.1740553102993	5.78216596958938
11.232493413458096	1.8844001829861718	1118.7252548546976	345.9035824267155	367.7213033827971	1102.3521418896557	5.849343817638459
11.188438774018865	1.8876166239161074	1135.4625249721194	357.06176250499664	369.24244546087107	1118.5260989775384	5.916011528858823
11.145337644833779	1.8906544640249134	1152.199795089541	368.21994258327777	370.7297622553748	1134.69337474155	5.982182602260851
11.104743844691114	1.8935160285204597	1168.9370652069624	379.37812266155896	372.1448721428091	1150.8489134955503	6.047869919286262
11.064888143420564	1.8962046630883935	1185.6743353243846	390.5363027398401	373.53010268900687	1166.9980059208262	6.1130855305813006
11.026745996110002	1.898724474577825	1202.4116054418057	401.69448281812123	374.8643709896613	1183.1372728831177	6.177841050975359
10.989118627472784	1.9010801292121624	1219.148875559227	412.85266289640236	376.17509580790096	1199.2706242929833	6.2421476798548
10.95284898910687	1.90327668785334	1235.8861456766483	424.01084297468344	377.4438829822958	1215.3949921656747	6.30601622037716
10.91782859536031	1.905319474085497	1252.62341579407	435.16902305296463	378.6717714808159	1231.5105168557006	6.369456813732597
10.882453619797202	1.907213969651587	1269.360685911492	446.32720313124577	379.9029204065896	1247.6232714940709	6.432479071464472
10.850551435689823	1.9089657339763426	1286.0979560289136	457.48538320952696	381.0324237792317	1263.718030135485	6.495093260653049
10.817745294509516	1.9105803355347715	1302.835226146335	468.64356328780804	382.18231293299107	1279.812036538926	6.557307414993881
10.78690185406315	1.9120633056067926	1319.5724962637569	479.8017433660893	383.27085809478507	1295.8934292151855	6.619131332664674
10.756455856612913	1.9134200986171082	1336.3097663811784	490.95992344437036	384.3429670369031	1311.9686085793853	6.680572959259659
10.726755676541506	1.914656050403725	1353.0470364985997	502.1181035226515	385.3894145600977	1328.0359991579026	6.741640320292134
10.69684508379265	1.9157763782628516	1369.784306616021	513.2762836009326	386.4384640141891	1344.1000050013379	6.8023415804420395
10.669476896683888	1.9167861442693812	1386.5215767334428	524.4344636792138	387.4088537868423	1360.1474819936745	6.862684235269585
10.641728224742366	1.917690255237528	1403.2588468508648	535.5926437574949	388.38705211634783	1376.192188574896	6.922675557099876
10.614691012792488	1.9184934457890646	1419.9961169682865	546.7508238357761	389.3408148216037	1392.2288239211687	6.982322603633024
10.588364380316456	1.9192002879849877	1436.7333870857085	557.9090039140572	390.27015553980465	1408.25725176141	7.041632226149186
10.562568574475481	1.9198151734937183	1453.47065720313	569.0671839923383	391.1806321275988	1424.2783015372968	7.100611077330927
10.53744278133941	1.9203423247028073	1470.2079273205516	580.2253640706195	392.06797712878324	1440.2911173680025	7.159265277071763
10.512889206222871	1.9207857913107944	1486.9451974379735	591.3835441489007	392.9352452174238	1456.2961136807787	7.217601021570783
10.488606468986454	1.9211494553478312	1503.682467555395	602.5417242271818	393.7921213605638	1472.29495563686	7.275624703979824
10.46509768986574	1.9214370319668614	1520.4197376728164	613.699904305463	394.6225735738588	1488.284625606486	7.333341506914762
10.444318853152629	1.9216520755249973	1537.1570077902377	624.858084383744	395.3620335751293	1504.2527853777765	7.3907575493732915
10.418986033721684	1.9217979849764002	1553.8942779076594	636.0162644620251	396.24949661896943	1520.244582942513	7.447877786068144
10.396508479181925	1.921878009034822	1570.6315480250805	647.1744445403064	397.0421084726903	1536.21404799987	7.504708050440957
10.38150880361848	1.9218952494258421	1587.368818142502	658.3326246185874	397.58102132145495	1552.1291079215139	7.561252743854324
10.353640276108653	1.9218526662319078	1604.1060882599247	669.4908046968686	398.554839534008	1568.1253461751944	7.617517251352282
10.33222114683347	1.92175309010142	1620.8433583773465	680.6489847751498	399.3099154486099	1584.073959963005	7.673506408645044
10.311929832039572	1.9215992152488457	1637.5806284947685	691.8071648534309	400.02509253973943	1600.0100415046472	7.72922480676136
10.292207273687866	1.9213936158571334	1654.3178986121898	702.965344931712	400.71971391054353	1615.9372498570756	7.784676925227499
10.271805895066729	1.9211387500952917	1671.055168729611	714.1235250099932	401.4382129737626	1631.8647710807893	7.839867135579529
10.25227724005982	1.920836956911929	1687.7924388470328	725.2817050882744	402.1256419589115	1647.7814677829554	7.894799704740425
10.233299024538773	1.9204904725740397	1704.529708964455	736.4398851665554	402.7926841975311	1663.6889554066402	7.9494787982682
10.214243868236837	1.9201014283946976	1721.2669790818775	747.5980652448367	403.46273302021064	1679.5925172748268	8.00390848348074
10.195092785577357	1.919671854161064	1738.0042491992992	758.7562453231178	404.13683068324707	1695.4922491824118	8.058092732462987
10.177502474635876	1.9192036936197105	1754.7415193167212	769.914425401399	404.75277511112074	1711.374521267075	8.112035424961537
10.159565564712775	1.918698791303811	1771.4787894341428	781.07260547968	405.3818827883144	1727.2549014225438	8.165740351171785
10.141805290130588	1.9181589128406673	1788.2160595515647	792.2307855579612	406.0047094004105	1743.1291151753119	8.219210894752235
10.12421516524447	1.917585741218478	1804.9533296689865	803.3889656362423	406.62143796219794	1758.9972273252238	8.272450607847743
10.106958772266749	1.916980881592412	1821.6905997864083	814.5471457145234	407.2259251545347	1774.8577593255932	8.325463332864862
10.090785160353564	1.916345866711133	1838.4278699038307	825.7053257928047	407.7883120432713	1790.703677983672	8.37825183596843
10.073697130336827	1.9156821588246513	1855.1651400212515	836.8635058710857	408.4092270851396	1806.5533729432611	8.430819934623097
10.057937164225212	1.91499115217745	1871.9024101386735	848.0216859493669	408.9864776149348	1822.385809273969	8.483170407672551
10.04386193690627	1.9142741789541997	1888.6396802560953	859.1798660276481	409.51783562668174	1838.1968122797512	8.535306817812643
10.026108214942154	1.9135325111410402	1905.3769503735173	870.3380461059293	410.2331079020869	1854.0393362839154	8.58723158620059
10.010229036645873	1.9127673617532386	1922.114220490939	881.4962261842104	410.88366444919967	1869.8587895986589	8.638948297674954
9.994409486374082	1.9119798906904102	1938.851490608361	892.6544062624915	411.571241610151	1885.6730978230264	8.690459586065796
9.980688761918003	1.9111712033236519	1955.5887607257825	903.8125863407726	412.16814866539414	1901.460651975052	8.741768060711614
9.965231226316076	1.9103423592075819	1972.3260308432043	914.9707664190539	412.88534084626485	1917.2618056761714	8.792876825328142
9.95487591877286	1.9094943672843545	1989.0633009606258	926.128946497335	413.3414921803822	1933.0022751603724	8.84378852581954
9.94017043125812	1.9086281925815387	2005.800571078047	937.2871265756161	414.0789812328128	1948.785197931456	8.894505756960834
9.922875730227933	1.9077447553346267	2022.537841195469	948.4453066538972	415.0474853186167	1964.5931689747993	8.945031052116072
9.90901106349357	1.9068449410660182	2039.2751113128909	959.6034867321786	415.8331571029452	1980.3578040910975	8.995366806453028
9.908461133563009	1.9059295902880904	2056.012381430312	970.7616668104596	415.6345996497611	1995.9598637342929	9.045515651842885
9.879626383163123	1.904999506561569	2072.7496515477337	981.9198468887407	417.7723704833828	2011.8929051628759	9.09547998895232
9.865538950801396	1.9040554615480825	2089.486921665155	993.0780269670219	418.84976304419786	2027.6466554036504	9.145262173415723
9.852681153537741	1.9030981914299372	2106.224191782577	1004.236207045303	419.94330548124555	2043.3806636197016	9.19486446784498
9.84855491137916	1.9021284000592402	2122.961461899998	1015.3943871235842	420.0264471476838	2058.998955621817	9.244289032222564
9.829827337697925	1.9011467605864216	2139.6987320174185	1026.552567201865	422.3258431192131	2074.7972707822505	9.2935381908577
9.816262577751386	1.9001273073226819	2156.4360021348402	1037.7107472801463	424.81501400080975	2090.525623450358	9.342614131664101
9.800057934383656	1.899150489932185	2173.1732722522606	1048.8689273584273	716.3527594276838	2106.284886339633	9.391519002644703
9.790382700028399	1.8981370650281513	2189.9105423696833	1060.0271074367085	719.4318267885808	2121.9524929605445	9.440254912838501
9.775853493539682	1.8971142085882189	2206.647812487106	1071.1852875149898	723.7261053493285	2137.6811375624097	9.488823520367555
9.769463540841306	1.8960452187681645	2223.3850826045264	1082.3434675932708	724.6208303777752	2153.2920546249907	9.537227129679291
9.75995791874155	1.8950423369302711	2240.1223527219477	1093.501647671552	726.4472251143968	2168.940075567587	9.585467829807031
9.739680920114788	1.8939943356912265	2256.859622839369	1104.659827749833	731.0418897292307	2184.7381733795573	9.633547082115701
9.727064184468587	1.8929389295124504	2273.5968929567907	1115.8180078281143	733.1922110965	2200.4228619209853	9.681467107290207
9.717528007021437	1.8918702541841403	2290.3341630742125	1126.9761879063956	734.4918753053444	2216.0573451530054	9.729229700707902
9.706505473467136	1.890807700449544	2307.071433191634	1138.1343679846766	736.0619876192532	2231.7087637943964	9.776836439339942
9.695263757908673	1.8897327288094212	2323.808703309055	1149.2925480629576	737.6001855227947	2247.3587152944547	9.824289419476989
9.68190728885892	1.8886520569698713	2340.5459734264778	1160.450728141239	739.4940542691902	2263.0370371203894	9.871590014202061
9.67082749119539	1.8875660675393175	2357.283243543899	1171.6089082195201	740.8594483542216	2278.675634487753	9.918740197267129
9.661703963199653	1.886475126353037	2374.0205136613204	1182.7670882978011	741.8111277201879	2294.278110520079	9.96574155549275
9.650956771180523	1.8853795840645695	2390.757783778741	1193.9252683760824	743.0358232972595	2309.9016196913053	10.012595537987824
9.638266013413565	1.8842797778989864	2407.495053896162	1205.0834484543634	744.5665549370474	2325.552697871214	10.059304111501579
9.627227666789352	1.883176029010033	2424.2323240135843	1216.2416285326447	745.7617508554558	2341.172314395074	10.105868509805276
9.61884654563687	1.8820686448519899	2440.9695941310056	1227.399808610926	746.4773232909273	2356.742172920759	10.15229033710298
9.614670972971982	1.8809579257741917	2457.706864248428	1238.557988689207	746.4666369934082	2372.233513147376	10.198571296831558
9.585816010617158	1.8787275942375599	2491.1814044832704	1260.8743488457694	749.8171361139182	2403.5585863508604	10.29071616307197
9.587143963228993	1.877608515287038	2507.9186746006917	1272.0325289240504	748.9098299696782	2418.9326334381926	10.336582859649171
9.573373949176084	1.876487165486271	2524.655944718114	1283.1907090023315	750.43109149756	2434.573065613639	10.382314408441715
9.556317749522664	1.8753637824104725	2541.3932148355357	1294.3488890806127	752.4146506874594	2450.271854577401	10.427912174476146
9.546101753669227	1.8742385970101103	2558.1304849529574	1305.5070691588937	753.3105821789337	2465.840894316394	10.473377502634094
9.536824894401292	1.8731118280297288	2574.8677550703787	1316.665249237175	754.0497168479891	2481.3876647145735	10.518711718038972
9.527058283208326	1.8719836882314824	2591.6050251878014	1327.8234293154562	754.8527589245256	2496.939134438246	10.563916126433593
9.520606655501878	1.8708543785020613	2608.3422953052245	1338.9816093937372	755.1614396997877	2512.4211324216826	10.608992014548923
9.508122225822758	1.8697240935949782	2625.0795654226463	1350.1397894720183	756.3443459191535	2528.016857577855	10.653940650464264
9.500001232129364	1.868593018151601	2641.8168355400685	1361.2979695502997	756.8803621899307	2543.5217937713137	10.698763283959064
9.489127602195198	1.8674613323389895	2658.5541056574893	1372.4561496285808	757.8044735355317	2559.0776982643947	10.743461146856585
9.484764121504133	1.8663292054119105	2675.29137577491	1383.6143297068618	757.7997614832063	2574.4953849747503	10.78803545335968
9.472200696926942	1.8651968023737495	2692.028645892333	1394.772509785143	758.9476925059372	2590.077655323529	10.832487400378872
9.4626934169448	1.864064279495273	2708.765916009755	1405.930689863424	759.6569367517319	2605.5924597838584	10.876818167852937
9.453881864708036	1.862931787172279	2725.5031861271773	1417.0888699417053	760.2641698515948	2621.0880803477507	10.921028919062213
9.445005054398838	1.8617994712161847	2742.2404562445986	1428.2470500199865	760.8734749644475	2636.5805492772574	10.96512080093481
9.440971858028124	1.8606674681405617	2758.97772636202	1439.4052300982676	760.820184618752	2651.9618330900335	11.00909467046012
9.418694262946216	1.8583288738392225	2792.4522665968625	1461.72159025483	762.6353954124509	2683.0240104550235	11.096693468561595
9.410288048081735	1.857211128848483	2809.189536714285	1472.879770333111	763.1655976020775	2698.487975010204	11.140320619367957
9.404338363722845	1.8561451625839722	2825.9268068317056	1484.0379504113923	763.3687438588423	2713.8905342443645	11.183834022726048
9.397239609373736	1.8550166093249294	2842.6640769491264	1495.1961304896734	763.721019580808	2729.314101478031	11.227234955734662
9.383375660006948	1.8527626968580335	2876.138617183971	1517.5124906462356	764.380651061948	2760.137615645616	11.313703469778694
9.369714337057417	1.8516375389606463	2892.8758873013926	1528.6706707245164	765.5869595822894	2775.7049357829756	11.356772909299579
9.370222442224923	1.8505137055535281	2909.613157418815	1539.828850802798	764.9402008345387	2790.9227143405533	11.399733952681364
9.354288318168992	1.8493912889212123	2926.3504275362366	1550.9870308810791	766.4368683511897	2806.539922952817	11.44258711812973
9.345832169843062	1.8482703730885528	2943.087697653658	1562.14521095936	766.9608244663954	2821.969111396796	11.485333900488707
9.338626455079309	1.847151042320578	2959.824967771081	1573.3033910376412	767.3237593271014	2837.3623112359583	11.527974676292716
9.33107258097652	1.8460333738497057	2976.5622378885028	1584.4615711159224	767.7335667468761	2852.759607575991	11.57051085787278
9.323107831717733	1.844917445342454	2993.299508005924	1595.6197511942034	768.1989720707938	2868.162982812123	11.612942889042188
9.315875079731951	1.8437525524365292	3010.036778123345	1606.7779312724847	768.569951577271	2883.5427475318133	11.655272113525275
9.308455926928934	1.8426910906667193	3026.7740482407676	1617.936111350766	768.9670657925378	2898.9227473811275	11.697498879324309
9.300866409933281	1.8415807990482953	3043.511318358189	1629.094291429047	769.3884687185013	2914.302758080844	11.739624592657275
9.293496514055795	1.8404725178473478	3060.248588475611	1640.2524715073282	769.7825815738798	2929.672351250092	11.78164959367937
9.29755083065388	1.8393663064253036	3076.9858585930333	1651.4106515856095	768.6579914989605	2944.722583773298	11.823575071693327
9.293104877479868	1.8382622228961765	3093.7231287104546	1662.5688316638903	768.661879661206	2959.9981381490365	11.865401807910079
9.271706463326748	1.8371603212655687	3110.4603988278755	1673.7270117421715	770.933025933711	2975.7451173739155	11.907130323033355
8.978722759161926	1.7855363017835086	3947.323904698968	2231.6360156562287	782.7982108469544	3735.31675000762	13.88372568882291
8.869286093212066	1.7625263595344005	4365.75565763451	2510.5905176132574	785.0279818831203	4109.292327245877	14.804181385721066
8.77010621674547	1.7413243363810549	4784.187410570054	2789.545019570286	786.779761895948	4479.897466744487	15.687969785748868
8.686434079347856	1.7217873881149872	5202.619163505598	3068.4995215273148	787.1277658939499	4846.718269174653	16.539745551330615
8.613273039596985	1.7037597878064084	5621.05091644114	3347.454023484343	786.7411492936656	5209.943859903968	17.36323327187501
8.554899674087325	1.6870912130380427	6039.482669376681	3626.4085254413717	784.8140489411778	5568.97843397437	18.161471632641423
8.491631204123546	1.6703563510292976	6457.914422312227	3905.3630273984004	784.4860724331048	5925.75219562655	18.936978955144028
8.44887699563912	1.6572937295177552	6876.346175247776	4184.317529355429	781.5047682780736	6277.294444928567	19.691871505332976
8.399426561543827	1.6439317467173034	7294.777928183318	4463.272031312457	780.295813118027	6626.882414202829	20.427948637658353
8.358131304248023	1.6314612894971958	7713.209681118854	4742.226533269486	778.3449883352465	6972.5372053127085	21.146756182245447
8.322311294304054	1.6197974492197156	8131.641434054412	5021.181035226515	776.0415901609356	7314.507343165567	21.84963427196697
8.290723220387482	1.608865477783198	8550.073186989963	5300.1355371835425	773.551530276864	7652.876102047641	22.537753843154025
8.26268391487263	1.5985994592207327	8968.5049399255	5579.090039140572	770.9437641336624	7987.67756129133	23.21214593376919
8.23153896077629	1.5889411316328645	9386.936692861034	5858.044541097601	769.2790497648906	8320.40023046082	23.87372373059326
8.20636244719446	1.5798388590250916	9805.368445796565	6136.9990430546295	767.0274199700368	8648.986861063364	24.52330096953677
8.167225198952645	1.5631238703757333	10642.231951667643	6694.908046968686	761.6087131429201	9294.684737516474	25.78929720132012
8.14713496573298	1.5554336505630344	11060.663704603181	6973.862548925715	759.3422740676936	9613.463292190077	26.40696568514045
8.12680656517119	1.548143269723865	11479.095457538706	7252.817050882743	757.3564743268023	9929.62670793426	27.015150991098487
8.113621118156674	1.541223214855334	11897.527210474249	7531.771552839771	754.2161418416434	10240.551254679067	27.614343777778938
8.096219188023172	1.5346468684382235	12315.95896340978	7810.726054796801	752.0721890010543	10550.255411944663	28.204993040649697
8.082577086755354	1.5283901561044768	12734.390716345326	8089.6805567538295	749.327506879653	10855.787678099534	28.787510369284618
8.07022161287389	1.522431249895302	13152.822469280853	8368.635058710857	746.4188814313002	11158.024642936873	29.36227480674429
8.066505541998042	1.5167503073719457	13571.254222216377	8647.589560667886	741.4287499749902	11453.493573377338	29.929635903014155
8.064503849914523	1.5113292502471904	13989.685975151911	8926.544062624915	735.5211045230301	11744.990289311652	30.4899169647454
8.040600131641556	1.5061515672510737	14408.11772808747	9205.498564581943	736.1125423741605	12044.695289721894	31.043417867872737
8.029162275431219	1.5012021458077458	14826.54948102301	9484.453066538972	733.1047900136822	12335.635881955082	31.590417537343413
8.025576166034714	1.4964671261133868	15244.98123395856	9763.407568496	727.0024644518445	12619.50315980855	32.131175493113645
8.013160460997854	1.4919337697614188	15663.41298689412	10042.36207045303	723.9528600158108	12905.729215682532	32.66593422047174
8.005658851561778	1.4875903476941226	16081.844739829656	10321.316572410058	717.5676535182582	13186.44301560687	33.19492039647905
7.999853018497124	1.4834260389500336	16500.276492765206	10600.271074367085	424.22782131849794	13463.399120016837	33.71834629415261