28.382674912641598	0.08186168569606778	35.01889990375193	0.11158180078281144	0.21926186974739212	29.42314902622758	0.2294761402266479
27.641770240697547	0.08321373215704085	56.00181385488425	0.22316360156562287	0.16964892259207845	45.838738242152175	0.36638318336958964
26.83433892584748	0.08412053650494968	72.04827648580353	0.33474540234843436	0.14312977282693629	59.51381247828058	0.4708744562489539
26.655930269292238	0.08653140692622104	81.10687321179608	0.44632720313124574	0.11056400213515243	70.98732377518685	0.5297225169962301
25.816045958412317	0.08964351049144294	90.14122176324858	0.5579090039140573	0.09426161745451377	78.92916323992486	0.5884123560085507
25.510632233044056	0.09351022418067965	97.0036548044586	0.6694908046968687	0.07703501150416726	86.10946335922631	0.6325701430208444
24.865723215220463	0.09808744128249584	101.25525164665608	0.7810726054796802	0.06441478610460978	94.30146334271618	0.6592591071306456
24.363387806718706	0.10347096747597125	105.50684848885356	0.8926544062624915	0.05173119779557157	98.66426263710478	0.6859480712404469
23.71699265879324	0.10924524599950719	109.75844533105104	1.004236207045303	0.045385242815485956	102.71746229944176	0.7126370353502481
12.792134408148895	0.5526437527238907	245.11840180934104	11.158180078281145	108.20242257996381	242.56449039513973	1.563983909281709
12.742262311043623	0.5871555101549841	253.6540410384029	12.273998086109259	117.4949594955068	251.06878325606058	1.6161407807104244
12.70314227468177	0.6199291101522424	261.7296771082521	13.389816093937375	125.8490451845769	259.108636761203	1.6652806910331768
12.668838322403348	0.6511410853015032	269.40553577977784	14.505634101765487	131.80510260383375	266.75024764979014	1.7117989672106333
12.649619523398043	0.6809410772448864	276.72257684770744	15.621452109593601	137.18930556072803	274.03280903034465	1.7559693827879308
12.625578827812985	0.7094615764908471	283.6973660638568	16.73727011742172	142.5035281082216	280.9880748295598	1.7979135809894156
12.613189611900346	0.7368265153738458	290.32130709036545	17.853088125249833	147.34273066968737	287.6118773951306	1.8376007940358814
12.596907351534428	0.7631594304985789	296.55435630294664	18.968906133077947	152.06915889997555	293.8856849106818	1.8748119035482038
12.620750455376296	0.7885909600607529	302.3243170849087	20.084724140906058	155.60811381678423	299.7342832644513	1.9091371977593692
12.574737798635814	0.8132575073414523	307.5813468777778	21.200542148734172	160.77644574372917	305.14255832581466	1.940304129351474
12.570050673447428	0.8372900713482198	312.31411688530454	22.316360156562286	164.7888305121408	310.0346292167403	1.9682683620732653
12.572596414528297	0.8608016530233912	316.56985371361674	23.4321781643904	168.52817998552567	314.439834839075	1.993331289848967
12.557562722007322	0.8838795106473366	320.4223873227176	24.547996172218518	172.6623191713441	318.4270375879916	2.0159461404573342
12.551297816081576	0.9065853011384098	323.94764799962604	25.663814180046632	176.5191763192221	322.0598675231534	2.036573402932906
12.550434096938057	0.9289600529774927	327.2136614429314	26.779632187874743	180.19222320073794	325.40829499338275	2.0556236958128506
12.548212341326675	0.9510302835877549	330.2674004873572	27.89545019570286	183.86640969021562	328.52691647938224	2.0733797724211636
12.545477955811906	0.9728129404526734	333.1494221903847	29.011268203530975	187.5259026534346	331.4618368637	2.0900863608286406
12.544939817780127	0.994319103199606	335.8817331353983	30.12708621135909	191.09824326355985	334.23747250677036	2.105875997026233
12.547268193441264	1.0155562368342816	338.4870848098266	31.242904219187203	194.56147305154803	336.8789710005235	2.1208867501992463
12.548650303950664	1.0365297012010544	340.9800469832447	32.35872222701532	198.01038163739506	339.403401936408	2.135207279995852
12.55121386223028	1.0572436382625265	343.3698962596384	33.47454023484344	201.3865643663826	341.82332338468467	2.148894192484402
12.553161528253897	1.0777014818515747	345.6679022360754	34.590358242671556	204.7434495872226	344.14598036203205	2.162016623290788
12.557192916564125	1.0979063565180185	347.88298438089134	35.70617625049967	208.00418513320156	346.3831769201356	2.1746294085671227
12.563917998727156	1.1178611077889093	350.01820033495136	36.82199425832778	211.15072398657438	348.5394734813115	2.1867514147302507
12.564355924534459	1.137568548228972	352.0826798349083	37.937812266155895	214.4504967960248	350.6252190061271	2.198438812977867
12.568220236519732	1.1570313545036697	354.08156037183886	39.053630273984005	217.6172117759677	352.6397767980309	2.2097232076980533
12.573372170757828	1.1762522085783003	356.01733729820046	40.169448281812116	220.71435332890417	354.5917987561233	2.220619925087584
12.578113131360464	1.1952337810667417	357.895708268973	41.28526628964023	223.79398646587626	356.4855530851119	2.231163910221167
12.583953117624045	1.2139786978552582	359.72109476354655	42.401084297468344	226.81084790780005	358.324447862834	2.2413822180334435
12.5881224343688	1.2324895735459365	361.49709706858107	43.51690230529646	229.85098722747767	360.1127312415512	2.2512968118086305
12.595071943768223	1.250769008516769	363.2271742836863	44.63272031312458	232.77563199778257	361.8529139852542	2.260928747755207
12.601536732796472	1.2688195886231872	364.91463246444573	45.7485383209527	235.68788837046012	363.5490805326967	2.270298111420608
12.607501315037853	1.2866438832222042	366.56128201136875	46.86435632878081	238.5884543220745	365.2044382739949	2.2794157325533293
12.60859684413723	1.3042444201458983	368.1703001054622	47.980174336608926	241.61885475950564	366.82296000870184	2.2883008346676252
12.62903822719519	1.3216237355069798	369.7452614150065	49.095992344437036	243.99625503564593	368.401392727546	2.2969751143008343
12.626422527240337	1.338784355022903	371.2888440288006	50.211810352265154	247.08936736333513	369.9501840358511	2.3054547518855095
12.632791721462866	1.355728783810368	372.8009246843826	51.327628360093264	249.8587597209818	371.4669986925338	2.3137384883466328
12.639810176475844	1.3724594613346441	374.285320536936	52.44344636792138	252.57624475053234	372.95515092678414	2.321849539223142
12.644815307320657	1.3889788917442216	375.74479663483083	53.559264375749486	255.32943773805943	374.41510910478416	2.329804685620662
12.652410706490052	1.4052894918092989	377.17796551082523	54.6750823835776	257.96667395417245	375.8510566408142	2.3375946092295723
12.659047337225527	1.4213936969601255	378.59046406157063	55.79090039140572	260.606354271575	377.26197076678045	2.3452541735517243
12.659047337225527	1.4213936969601255	378.59046406157063	55.79090039140572	260.606354271575	377.26197076678045	2.3452541735517243
12.66045507158231	1.42538778209665	378.93910912566065	56.06985489336274	261.2700592942839	377.61254314857644	2.347140708027838
12.662299701558146	1.4293691669543729	379.28775418975056	56.348809395319776	261.91737457067467	377.9595573857611	2.349027242503953
12.664275890578832	1.4333378543015247	379.6347764238208	56.6277638972768	262.5585964152867	378.30645254582083	2.3509034610196378
12.666034469961444	1.437293923160239	379.9800710809213	56.90671839923384	263.20487037660445	378.6523067931529	2.3527686977224143
12.667443276666495	1.4412373899214048	380.32536573802173	57.185672901190856	263.86111958593784	378.99589008673684	2.35463393442519
12.671207207278943	1.4451682853051036	380.6680673153953	57.464627403147894	264.43571556373456	379.3389714411189	2.3564826259912777
12.670692662541212	1.449086667040092	381.01013571807465	57.74358190510491	265.15408644827687	379.6808845355787	2.3583272775883053
12.672420520033707	1.452992549527676	381.35191491497426	58.02253640706195	265.7945880688342	380.02108704772485	2.3601700763762734
12.674302713650098	1.4568859842394786	381.69088038953697	58.301490909018966	266.4272798455834	380.3612534117512	2.361994848933073
12.675411356590585	1.460767014484917	382.0298458640998	58.580445410976004	267.0848165767445	380.69869806231577	2.3638196214898723
12.677702221968506	1.4646356491865258	382.36775883346877	58.859399912933036	267.7003158849784	381.035588957138	2.365637620997133
12.676972210985483	1.468491956611251	382.70374386058137	59.13835441489007	268.41756622364375	381.3726397548495	2.3674432138687864
12.68049691492063	1.4723359629081267	383.0397288876939	59.41730891684709	268.9870221521028	381.7062084974342	2.36924880674044
12.682073688325199	1.4761676834230724	383.3740444655939	59.69626341880411	269.6211577178155	382.0401810605406	2.3710436038168368
12.684286974734581	1.479987189712919	383.7071706661637	59.975217920761146	270.2318044882549	382.372917416934	2.3728307095696266
12.686152298518987	1.48379449921905	384.04029686673346	60.25417242271817	270.8528289107752	382.7038837429291	2.3746178153224164
12.689040471355899	1.4875896356721225	384.3712705486636	60.53312692467521	271.43627366350876	383.0346270911823	2.376390926632537
12.689177456658935	1.4913726718836215	384.70165867482353	60.812081426632226	272.1127726833284	383.36436561011243	2.3781602309945997
12.68989922633035	1.49514360992169	385.03204680098344	61.091035928589264	272.7674490723528	383.6927429683152	2.3799295353566627
12.69330857001796	1.4989024944267957	385.35992100473584	61.36999043054628	273.3276090793552	384.02054621128013	2.3816823991212974
12.692296362436915	1.5026493786513382	385.6876909357639	61.64894493250332	274.0388411376672	384.34733136491593	2.3834345809611923
12.695786693778762	1.5063842709078277	386.0151944815637	61.927899434460336	274.5915446410568	384.6724109386448	2.38518500936268
12.697593588166995	1.510107226084701	386.34046522454923	62.206853936417374	275.2011453032926	384.99784190097455	2.3869207406946797
12.698579518878521	1.513818282395904	386.6657359675348	62.4858084383744	275.83764584196564	385.32123803767536	2.3886564720266796
12.700370915464028	1.517517454992889	386.99046869235053	62.76476294033144	276.44392175152547	385.6440830058489	2.390388636531089
12.702520568204969	1.521204799645278	387.31335838740813	63.043717442288454	277.0354964214102	385.9668466502706	2.3921085825459376
12.702238702947714	1.5248803508661417	387.6362480824658	63.32267194424548	277.7102180867292	386.28776432134	2.3938285285607863
12.704880586972862	1.528544123028823	387.95841588412213	63.60162644620251	278.2813663044674	386.6079508547065	2.3955436507513683
12.706454412878209	1.5321961775066992	388.2790418139413	63.88058094815954	278.8871771588997	386.92828092645175	2.3972484698712027
12.708243599270544	1.5358365412527266	388.5996677437604	64.15953545011656	279.4834473472229	387.24629357065334	2.3989532889910374
12.710213694010747	1.5394652335378711	388.9194647452537	64.4384899520736	280.0717336969457	387.56425959773765	2.400652520290704
12.71182803912067	1.5430823133713851	389.23794334876663	64.71744445403063	280.6705410038278	387.88211642050163	2.402342864246804
12.714254658746231	1.5466878058307107	389.5564219522796	64.99639895598766	281.23804722072583	388.197745373009	2.4040332082029034
12.714817531649	1.5502817335291723	389.8740308802855	65.27535345794469	281.8692210620997	388.5137679938266	2.405717632213687
12.716116888750216	1.553864152600597	390.1904777702326	65.5543079599017	282.47282082015545	388.8294066466273	2.4073941461457022
12.717907850491013	1.557435088964755	390.5069246601797	65.83326246185874	283.0565432746742	389.1430403726455	2.409070660077718
12.720568630533098	1.5609945658642999	390.82251724038844	66.11221696381577	283.60739496984695	389.45648070612737	2.410741295001694
12.721367257062543	1.5645426354616752	391.13704722455475	66.3911714657728	284.22189594012616	389.77011425740534	2.4124046175770033
12.725901468934234	1.568079327257746	391.451577208721	66.67012596772985	284.70266820137766	390.08113863559305	2.414067940152312
12.729040301639412	1.571604662354959	391.76531457592966	66.94908046968686	285.22992803765453	390.39245379171524	2.4157257412816335
12.725884718999414	1.5751186946705573	392.078041681829	67.2280349716439	285.976477343882	390.7049888652991	2.417376504833472
12.726276957296115	1.578621449181682	392.39076878772835	67.50698947360091	286.5962965730926	391.0150006291162	2.41902726838531
12.727623444808613	1.5821129513577121	392.7028019087906	67.78594397555796	287.17936716973486	391.3248017180462	2.420673130650019
12.73057784354496	1.5855932513225972	393.01383941157275	68.06489847751497	287.7037039751461	391.63421048470775	2.422311961333056
12.731325393100732	1.5890623770859178	393.3248769143549	68.34385297947202	288.30366429731566	391.9423523327045	2.4239507920160923
12.733523309673751	1.5925203479812031	393.6353470222576	68.62280748142904	288.84947172954	392.25015950637936	2.4255855525794052
12.735207751257516	1.5959672230523994	393.9448074756161	68.90176198338607	289.410795649687	392.5581021397889	2.427213070541449
12.736587824175809	1.5994030228822826	394.2542679289746	69.1807164853431	289.9808316602721	392.8645174289381	2.428840588503493
12.73835662344976	1.602827770244901	394.5633069664817	69.45967098730013	290.5338667583143	393.17074918243003	2.4304650293952483
12.739722498833052	1.6062415175640352	394.8713022363442	69.73862548925715	291.09827047606836	393.4770638468878	2.4320818489637985
12.7377446231893	1.609644291881819	395.17929750620675	70.01757999121418	291.77716887319264	393.782790158701	2.4336986685323487
12.743412386068165	1.613036115705103	395.4870285776755	70.29653449317121	292.1858751842054	394.08659552133497	2.435313519312303
12.744132121036602	1.616417035011485	395.7936698784605	70.57548899512823	292.76433024557883	394.391480389789	2.4369202491946864
12.75070821380297	1.6197870800631813	396.10031117924547	70.85444349708526	293.1364062470282	394.69402065610694	2.4385269790770696
12.744740662326544	1.6231462770727125	396.4068490093824	71.13339799904229	293.94182022898235	394.9989250488038	2.4401329195206776
12.74872772768816	1.6264946634015713	396.71224694261207	71.41235250099933	294.3972395143673	395.30162678626203	2.4417301630165484
12.750025280406703	1.6298322771752347	397.01764487584165	71.69130700295635	294.94416169613476	395.60413572853037	2.4433274065124193
12.75150684249057	1.6331591401536258	397.32304280907124	71.97026150491338	295.47984107044624	395.90604489581426	2.4449246500082897
12.75329997304264	1.636475287660807	397.6273608693823	72.2492160068704	296.00216288745736	396.20787811934264	2.4465134245376485
12.754809178090955	1.639780761192663	397.9316254644442	72.52817050882744	296.5315715221948	396.5092478872662	2.448101779762664
12.758627642944505	1.643075581323263	398.23589005950606	72.80712501078446	296.97670999574416	396.80939091639743	2.44969013498768
12.75565231845213	1.646359781205002	398.53933055231204	73.08607951274149	297.6523104529874	397.11104613041215	2.4512718133616804
12.757877797364916	1.6496334032753035	398.8425713091692	73.36503401469851	298.14622459435293	397.4112574121027	2.4528518734811953
12.76081928650745	1.6528964690900259	399.14581206602634	73.64398851665555	298.6113061334424	397.71045940069433	2.45443193360071
12.760756937175229	1.6561490093726199	399.4484668987603	73.92294301861257	299.17623725042824	398.0103290074452	2.4560070577819397
12.763396184854958	1.6593910646992185	399.75079283241087	74.20189752056959	299.64424185195253	398.3095356224585	2.457579411253596
12.764202875320882	1.662622660452319	400.05311876606146	74.48085202252663	300.1713175135666	398.60818951578966	2.4591517647252528
12.766411292025479	1.6658438258659458	400.3550733975545	74.75980652448366	300.64758329397296	398.90651861565857	2.460720837993844
12.768040522017472	1.6690545982577478	400.6565930840499	75.0387610264407	301.13853831492514	399.20497174119214	2.4622860688179813
12.767521892114141	1.672255006370768	400.9581127705453	75.31771552839771	301.6985777830672	399.5031565204012	2.4638512996421196
12.770691255914745	1.675445077570991	401.259446692512	75.59667003035476	302.1300927650359	399.80034442209814	2.4654147893203513
12.772583328922115	1.6786248464422544	401.56026831634443	75.87562453231178	302.60175803041926	400.09781328002606	2.4669734772971763
12.77347862637392	1.681794347241925	401.86108994017684	76.1545790342688	303.101267757645	400.39502930674456	2.4685321652740013
12.774408869381835	1.6849536022322336	402.1618771610296	76.43353353622582	303.5954476721081	400.6919126082064	2.4700905054455355
12.798201045794213	1.6881026469248794	402.46210856370544	76.71248803818287	303.33935598384085	400.9835162974213	2.47164322643803
12.777457322568656	1.6912415123757942	402.76233996638126	76.99144254013989	304.53285026171125	401.28514004166846	2.473195947430524
12.783839958921547	1.6943702265790854	403.0625713690571	77.27039704209692	304.8394946497195	401.58005370103757	2.4747486684230178
12.785974610659693	1.6974888193631912	403.36239822667125	77.54935154405395	305.27862038865413	401.87593916302126	2.4762968678537978
12.781858257314065	1.7005973243583627	403.66214695628855	77.82830604601098	305.91477201234477	402.17321505293813	2.4778441940553795
12.783158042548102	1.7036957702781534	403.9618956859058	78.10726054796801	306.3708643039017	402.46870191395436	2.479391520256961
12.784776202031324	1.706784182687889	404.26141665928503	78.38621504992503	306.8144906710457	402.7641069248256	2.480935918265061
12.78582752992592	1.7098625967010046	404.5607900206071	78.66516955188207	307.2703955969002	403.0596371954427	2.4824784184693183
12.787084218345006	1.7129310384073542	404.8601633819291	78.94412405383909	307.7164358757829	403.3547191852759	2.4840209186735756
12.78883280032021	1.7159895390250255	405.1594387594246	79.22307855579612	308.14249875395893	403.64959581481287	2.4855618627365015
12.789020510211563	1.7190381278218663	405.4585438654955	79.50203305775315	308.6126887306356	403.9448323597245	2.487100102614356
12.79114900787551	1.7220768340100843	405.75764897156637	79.7809875597102	309.0190723133681	404.23940346831176	2.4886383424922105
12.792229550908635	1.725105685689302	406.0567355632082	80.05994206166721	309.4530845696699	404.53404326761637	2.49017615791501
12.793944422749533	1.7281247118685112	406.3556793868521	80.33889656362425	309.8639658804842	404.8285271690614	2.491710700290722
12.795144351659443	1.7311339433617714	406.65462321049597	80.61785106558126	310.2860570599597	405.12306017762654	2.493245242666434
12.796553174209533	1.7341334071162735	406.9535670341399	80.89680556753831	310.69787831916926	405.41733615745716	2.494779785042146
12.796626719476734	1.7371231316277442	407.2524642660257	81.17576006949533	311.1451519250054	405.71192395187325	2.4963116403812236
12.798875706867344	1.740103145704929	407.55135369148377	81.45471457145234	311.5238058669196	406.00598261717727	2.497843045508542
12.800478062507038	1.7430734786001547	407.8502431169418	81.73366907340937	311.91813900709957	406.30003779179344	2.4993744506358597
12.801900883885775	1.74603410301766	408.1584317678547	82.0126235753664	312.3127905249294	406.59411480501535	2.500951728792291
12.804765567875354	1.7489848129554388	408.47304210840764	82.29157807732344	312.66370596986224	406.88781067757765	2.5025606851091493
12.804466357439685	1.7519256085824217	408.78765244896056	82.57053257928045	313.09947240085927	407.1822152663942	2.5041696414260084
12.805731605933286	1.7548564780979528	409.1107208225074	82.84948708123748	313.4892930721846	407.476191945965	2.5058204041192718
12.806764950429445	1.75777719173055	409.4428095153133	83.12844158319453	313.87816403793556	407.77018092067607	2.507515752458217
12.808275821740802	1.760687731871845	409.77489820811917	83.40739608515156	314.25314669882374	408.06883455115894	2.509211100797162
12.813514102017026	1.763588074320129	410.1174314492014	83.68635058710858	314.51650607579546	408.3771178937145	2.5109581695494287
12.810847965840626	1.7664779654807763	410.46905477099585	83.96530508906562	315.0002862168939	408.6874001297954	2.5127502515199898
12.810814460568304	1.769357396032573	410.8206780927903	84.24425959102264	315.40474619359094	408.99956155641655	2.5145423334905517
12.813109531078968	1.7722262788619547	411.18866546784824	84.52321409297967	315.74125092072035	409.32562383393383	2.5164155881867702
12.815448034575446	1.7779316596143575	411.9387181760967	85.08112309689372	316.4654941317655	409.9810584644545	2.520231952989526
12.816367766796342	1.7807679225888071	412.3372246074637	85.36007759885075	316.83107304234045	410.32651022220637	2.522256793437973
12.81791955343818	1.783593004478517	412.7357310388307	85.63903210080777	317.17203943461664	410.67170413221487	2.5242816338864205
12.81918764654405	1.7864068331892426	413.15260358835184	85.9179866027648	317.51963917904055	411.02356218984437	2.526397860131617
12.820339030223998	1.7892090628708919	413.5795747648165	86.19694110472183	317.8663950520621	411.39028696096864	2.528564334941129
12.828711046830938	1.791999659392413	414.0176250773273	86.47589560667886	318.0164181346563	411.7546331550718	2.5307860130085844
12.822821917517238	1.7947782382419766	414.47744019044313	86.75485010863589	318.54565876501624	412.1387563298151	2.533116137068297
12.827804576168356	1.7975446913780426	414.9445938831728	87.03380461059292	318.77931965810933	412.5283086963179	2.5354828728961136
12.837546640641534	1.8002986118012625	415.4427269223815	87.31275911254995	318.886197715765	412.9188648011599	2.5380041629713426
12.825860695600436	1.8030397983020527	415.95029760931874	87.59171361450699	319.5536565194151	413.34206637057116	2.5405725915421637
12.826049735611466	1.8057677653745285	416.4937154702737	87.870668116464	319.90357926516475	413.7607328608773	2.543320067043219
12.827272377929821	1.80848223624499	417.05824804856394	88.14962261842105	320.2259008978172	414.2031703980625	2.5461731160152654
12.829239169526684	1.8111825559693338	417.6560076956143	88.42857712037807	320.52240683656083	414.6528985077945	2.5491923001490635
12.831538662958382	1.8138682925954768	418.3024168381654	88.70753162233508	320.80854359490104	415.1233146989469	2.552454962783593
12.831169648762309	1.8165386547726428	418.98657329433274	88.98648612429211	321.1610583251943	415.6109171893241	2.5559066261694516
12.833393982305783	1.8191926904262592	419.7337728531456	89.26544062624914	321.44087099106906	416.12059333454454	2.5596740724408673
12.833684912642234	1.821829291002217	420.57848072313	89.54439512820618	321.7681449694679	416.6512095468075	2.5639303039824055
12.833473239719298	1.8244467990506887	421.53936217562295	89.8233496301632	322.1039586604111	417.21689309469707	2.568769234518692
12.834811358068363	1.827042688316197	422.68599522176913	90.10230413212022	322.3953510162503	417.79815237642606	2.5745403175859627
12.834633618564597	1.8296123095982961	424.2863006674956	90.38125863407727	322.722178631668	418.4410050978999	2.58258946437798
12.837544185453462	1.8316371667160098	709.4915760175776	90.6602131360343	322.90219430250727	418.97857693416336	4.01591024676841
12.855627026918892	1.8317735261073083	715.6568189650453	90.93916763799132	322.46680454845585	419.1153319738396	4.046888002330632
12.835808273663186	1.8318601563262407	719.2481917384981	91.21812213994835	322.9722816318849	419.3263571573716	4.064927006343714
12.836533689529562	1.8319159930689781	722.0528121377794	91.49707664190538	322.96116392755346	419.558525669238	4.07900946012564
12.835558845634395	1.831948447683576	724.4435143508559	91.77603114386241	322.98902862296774	419.8242273675987	4.091009591635591
12.84151403573322	1.831961863352516	726.5592267431164	92.05498564581943	322.84369670660874	420.1473570088543	4.101625850342239
12.834801514193277	1.8319591775135622	728.4803188976032	92.33394014777646	323.0086329048515	420.5074421412167	4.111262363548633
12.833372032339264	1.831942540171874	730.2535552520499	92.61289464973349	323.04161323484504	420.903028694448	4.1201543112428745
12.832712718158445	1.8319136126164717	731.9000846578866	92.89184915169052	323.05406875411086	421.37100801752814	4.128407976686253
12.83342423097404	1.831873726472689	733.4528067602733	93.17080365364754	323.0313182442532	421.87737516771335	4.136188930611051
12.828688698382686	1.8317652744091018	736.322591046133	93.7287126575616	323.13429335987104	423.2375116514273	4.150562832132256
12.829021576917949	1.8316984149650801	737.6578863861102	94.00766715951863	323.1175053684604	424.17418341874765	4.157247473900377
12.827534795768228	1.8316240725645563	738.942525741865	94.28662166147566	323.14474450199003	425.61899656030243	4.163676524323886
12.826993210534415	1.831542849254214	740.1809862835283	94.56557616343271	323.14775811235774	712.1038353000782	4.16987250552865
12.825577382347559	1.831455267421945	741.3724829390194	94.84453066538973	323.1715967711552	716.6588708244392	4.175831376944306
12.824365538948351	1.8313617988588902	742.5259129580646	95.12348516734676	323.1896576911962	719.8139304932274	4.181597994127274
12.823161140115642	1.8312628681779628	743.6449598102113	95.40243966930377	323.20685328476	722.3895138561204	4.187190907124249
12.820944152792508	1.831158856150076	744.7322759041917	95.68139417126082	323.2484966487787	724.6188226027932	4.192623467297558
12.819644956692352	1.831050110323692	745.7902486000222	95.96034867321784	323.26682560427395	726.6130771276145	4.197907693918261
12.819194899099204	1.830936947755555	746.8210325317434	96.23930317517487	323.2635524781075	728.4333678735436	4.203054436602483
12.825116053221924	1.830819660557128	747.8265773126312	96.51825767713188	323.101750368039	730.096104446048	4.208073514542522
12.818302493603257	1.8306985187311442	748.8086513745692	96.79721217908893	323.255249550115	731.6947006706547	4.21297383631033
12.815057653518913	1.8305737652368024	749.7688625566019	97.07616668104595	323.31984669604714	733.196915049824	4.2177635033241225
12.813598034241977	1.830445633990179	750.7086759483537	97.35512118300298	323.3397288903158	734.6090039181939	4.222449899519419
12.812021557832464	1.8303143366698684	751.6294294060482	97.63407568496	323.3621202309668	735.9611885242327	4.227039769323823
12.811413127432104	1.8301800752964448	752.5323470877656	97.91303018691704	323.3600810292148	737.2550649079985	4.231539285677554
12.8074593516308	1.8300430337024056	753.4185512967961	98.19198468887407	323.44087343882046	738.5035301810251	4.235954109551394
12.81113243829885	1.829903386014792	754.2890728747909	98.47093919083109	323.3316326819973	739.688040038293	4.240289442176689
12.80574570938218	1.8297612974235928	755.143015227721	98.74989369278813	323.4474869677155	740.858153928397	4.244540712340656
12.806903795910632	1.8296169228964034	755.9817238536119	99.02884819474517	323.40015157054034	741.9748195230743	4.248714715238478
12.803006039424554	1.8294704059106497	756.8072424134791	99.30780269670218	323.47846133489674	743.0715194681812	4.252821796154025
12.801035978088073	1.8293218826008313	757.6203394408694	99.58675719865921	323.5085221053473	744.1326626929143	4.256865837793668
12.799334979948888	1.8291714852314112	758.4217256093797	99.86571170061625	323.53164775220165	745.1649214459779	4.260850431986802
12.797087593010616	1.8290193340253527	759.2112194828431	100.14466620257328	323.5681940638282	746.1723604323269	4.264774641833743
12.796442023299306	1.8288655439120156	759.9869327064494	100.4236207045303	323.56455521392246	747.1518234274764	4.268628853028346
12.794867443361554	1.8287102267296367	760.7527353287836	100.70257520648732	323.58391040154527	748.1109857984726	4.27243270607038
12.791808081628455	1.8285534941253603	761.5091658414054	100.98152970844436	323.64020261949463	749.052502218344	4.276188927184694
12.792725398931596	1.828395432525137	762.2563654002192	101.26048421040139	323.59691114956513	749.9657303330337	4.279898224166897
12.789010355531287	1.828236144278014	762.9908158736183	101.5394387123584	323.6693140630941	750.8708117082921	4.283542688009717
12.79057433459098	1.8280757184413459	763.7173135222852	101.81839321431544	323.6094633389712	751.7476391476138	4.287146694042883
12.785426071824617	1.8279142397518366	764.4362702910851	102.09734771627247	323.71677880394765	752.6225133615789	4.290712332221932
12.782483073876431	1.827751795516469	765.1454766519929	102.3763022182295	323.76853965861625	753.4777077699151	4.294228347245017
12.780876812518134	1.8275884593869933	765.8454570418112	102.65525672018653	323.78734697063175	754.3161038281459	4.297697389207329
12.78056352293693	1.8274243070877025	766.5390282127591	102.93421122214357	323.7742316473598	755.1368026293205	4.301133791370638
12.779227814893725	1.8272594119161663	767.2249819060961	103.21316572410059	323.7861642913985	755.9452612468509	4.304531394103439
12.776959034576091	1.8270938412721727	767.9013977730093	103.49212022605762	323.82099400723325	756.7437108792014	4.307880396064236
12.77475768117364	1.8269276635790879	768.5723709683139	103.77107472801464	323.8541039372533	757.5308579781594	4.311201656093841
12.77134444819248	1.82676093976531	769.2365483539261	104.05002922997168	323.91705779874013	758.3097126086088	4.314488273025785
12.771070048850486	1.8265937308024431	769.8919637892005	104.3289837319287	323.9025250635025	759.0693563942473	4.317730205119095
12.770200542016639	1.8264260961074	770.5427651851459	104.60793823388573	323.9025974020707	759.8196457195451	4.320948599644909
12.76751022234428	1.8262580921456628	771.1865063435083	104.88689273584275	323.9475958948194	760.5643800386251	4.324130972426891
12.76548719720954	1.8260897692787874	771.8231573304489	105.16584723779978	323.97608468541205	761.2994756209434	4.327277155069852
12.76395104902211	1.825921182088735	772.4559071394766	105.4448017397568	323.99250365092576	762.0212652651006	4.330403422286298
12.761721327431749	1.82575237992911	773.0804321438582	105.72375624171383	324.02606262700186	762.7362306188611	4.3334876895051035
12.75761330229658	1.8255834101178212	773.7002762466992	106.00271074367086	324.1061519749283	763.4472857191213	4.33654804310122
12.759721475203706	1.8254143203576774	774.31561705984	106.2816652456279	324.0322016166508	764.1383152566099	4.339585390451677
12.755863632963118	1.8252451525274385	774.9232572289949	106.56061974758492	324.10610948705505	764.8304840137786	4.342583379431546
12.762026188167056	1.8250759506158598	775.5280146222672	106.83957424954195	323.9313921596078	765.4997315478615	4.345566630555992
12.752063937270455	1.8249067552773741	776.1257742693181	107.11852875149897	324.15686179884904	766.1882786226868	4.348514099695268
12.749679656295228	1.824737606931367	776.7193590915916	107.39748325345602	324.1942923447	766.8551567824044	4.351440211717585
12.74945963545218	1.824568543158162	777.308699588684	107.67643775541303	324.1779311118155	767.5133837551862	4.354344611080297
12.745727610947446	1.8243996007741052	777.891701842157	107.95539225737006	324.24893337165463	768.1699563373755	4.357216571002289
12.744934696452384	1.8242308160936758	778.4726371285162	108.2343467593271	324.2468309474751	768.8140107433801	4.360077951561995
12.741839600752884	1.8240622222714353	779.0458313106199	108.51330126128413	324.30208844036537	769.457479399495	4.362899694343621
12.739327952942064	1.8238938547614953	779.6170451009268	108.79225576324114	324.3428709684636	770.0918996326259	4.365711291908473
12.737192995465957	1.8237257426595916	780.1824934157048	109.07121026519818	324.3743117518627	770.72004615205	4.368493353904071
12.73411591856806	1.8235579196655878	780.7444853887607	109.3501647671552	324.42932727819806	771.3457808843311	4.371257701250396
12.733429591324327	1.8233904135087098	781.3023943926748	109.62911926911224	324.4246882326112	771.9586556556118	4.374001122319127
12.729662468321271	1.8232232494720304	781.8556353080608	109.90807377106927	324.4970908224657	772.5731455816497	4.376720606788095
12.728631546116253	1.823056469594519	782.4062034040287	110.1870282730263	324.50114455674463	773.1773096491556	4.379426385816763
12.727241539109638	1.8228900861724748	782.9511370858153	110.46598277498333	324.5142149432663	773.7762829671094	4.382103259283004
12.724628800766443	1.8227241301358021	783.4945549467707	110.74493727694036	324.55751518334836	774.374111985373	4.384772356314598
12.722420993772845	1.8225586261958127	784.0316001092049	111.02389177889738	324.5905591431929	774.9631118192509	4.387408744360703
12.720808844004283	1.8223936001379222	784.5679425572713	111.30284628085441	324.6090141462858	775.5489462724756	4.390041525329918
12.718566016428163	1.8222290742353677	785.0976030040252	111.58180078281144	324.6430621446054	776.1293570141994	4.392639992955485
12.62796449104133	1.8162540522274753	804.055538376706	122.73998086109259	326.10442061308396	796.4371932531577	4.485097939548501
12.532375664519227	1.8118524304223542	820.8233725602115	133.89816093937375	327.8690008963854	813.2614768511929	4.565882205969331
12.435697344388773	1.8091350253757534	837.560642677633	145.0563410176549	329.85257906445804	829.5845891083709	4.645581694861255
12.340785840925053	1.8079259382278008	854.2979127950548	156.21452109593602	331.9655737924715	845.9034134248063	4.724381038726984
12.247644777880446	1.8079838101443637	871.0351829124767	167.37270117421716	334.18273231774305	862.2183019734267	4.802314694707327
12.158026349354312	1.809068464335095	887.7724530298984	178.53088125249832	336.4340587529035	878.5265366270106	4.8794157728144505
12.072164806346933	1.810962992516509	904.5097231473201	189.68906133077948	338.690541925562	894.8275767511096	4.9557138535277625
11.990503922082368	1.81348016003615	921.2469932647418	200.84724140906062	340.9240254804365	911.1202931859535	5.0312376587781396
11.910722636852398	1.8164624395354152	937.9842633821635	212.00542148734172	343.170139812371	927.4082228061914	5.106014226300227
11.834708087501934	1.8197794712970312	954.7215334995852	223.16360156562288	345.3734662598636	943.6878897469694	5.180068869588304
11.762547674628626	1.8233246638476104	971.4588036170069	234.32178164390402	347.5148919694799	959.9586035977808	5.253424663560869
11.694446101856997	1.8270116782901635	988.1960737344285	245.47996172218518	349.58376460650817	976.2193586994947	5.326105079273286
11.629505882336963	1.8307711701865732	1004.9333438518499	256.63814180046626	351.59165735089846	992.4713651673698	5.3981308586313625
11.566743049473995	1.8345478940614592	1021.670613969272	267.79632187874745	353.5569370729659	1008.7160974465929	5.469522661824536
11.506967884027206	1.8382982329222612	1038.4078840866935	278.9545019570286	355.45550803077117	1024.9518864739568	5.540299115737373
11.449567171854174	1.841988091703224	1055.1451542041154	290.1126820353098	357.29839436676184	1041.1794895529113	5.6104784746614085
11.394420837080355	1.8455911531023437	1071.882424321537	301.2708621135909	359.08535662880627	1057.3988538896062	5.680078241284969
11.341829366410668	1.849087425175992	1088.6196944389583	312.429042191872	360.8062530202985	1073.6088464856666	5.749114395465203
11.291011134205833	1.852462038376204	1105.35696455638	323.58722227015323	362.47938820906177	1089.8111274818323	5.817602915831533
11.242141606485763	1.855704281044463	1122.0942346738018	334.74540234843437	364.0991716780566	1106.0049522906925	5.885559034531628
11.195214878587011	1.8588067870017535	1138.8315047912233	345.9035824267155	365.6638035709949	1122.1900115043748	5.952996205875878
11.149688566079512	1.861764861396866	1155.568774908645	357.06176250499664	367.1860021030602	1138.367610833705	6.019928943434707
11.105256854650317	1.8645759662396202	1172.3060450260664	368.21994258327777	368.6756877460495	1154.5385289545059	6.086369156771226
11.063965880886093	1.86723927112572	1189.0433151434884	379.37812266155896	370.0764467650899	1170.6959624202073	6.152330030512063
11.023101980481588	1.8697552927770333	1205.7805852609097	390.5363027398401	371.46026898774085	1186.8482897034296	6.217823348257948
10.983746466673862	1.872125613009204	1222.517855378332	401.69448281812123	372.79845451508356	1202.9918130120643	6.282860436558114
10.945580324637389	1.8743526279792324	1239.2551254957534	412.85266289640236	374.09946644368716	1219.1273937856968	6.347452223410803
10.90838628619617	1.876439365378654	1255.9923956131754	424.01084297468344	375.3681995176875	1235.2556494207333	6.411609256397795
10.871356370646092	1.8783893244669045	1272.7296657305976	435.16902305296463	376.629313882755	1251.3795805052655	6.475341719813982
10.837722692241323	1.8802063470487027	1289.4669358480194	446.32720313124577	377.790518241385	1267.4864131662791	6.5386587681228585
10.80367157861201	1.8818945198314392	1306.2042059654418	457.48538320952696	378.9587530409768	1283.5908189887998	6.601570226223121
10.770803092125062	1.8834580830510088	1322.941476082864	468.64356328780804	380.09019873462245	1299.686347141293	6.664085011037566
10.738719952341002	1.884901372551915	1339.6787462002858	479.8017433660893	381.1958303571017	1315.7744798447968	6.726211513640284
10.70684085506333	1.886228761171142	1356.416016317707	490.95992344437036	382.29211565525134	1331.8577292250961	6.787958137302878
10.67730602901969	1.8874446181517583	1373.1532864351288	502.1181035226515	383.31653132160693	1347.9262345186821	6.849333142070472
10.647728349793043	1.8885532751110694	1389.8905565525506	513.2762836009326	384.3390424335643	1363.9906695233449	6.910343931972064
10.61892270008922	1.8895589998334872	1406.6278266699721	524.4344636792138	385.336066578301	1380.0472078069495	6.970997873149158
10.590597701095247	1.8904659780127424	1423.3650967873937	535.5926437574949	386.3162943072499	1396.0971781502606	7.031302411841427
10.5633270727998	1.8912782950415072	1440.1023669048154	546.7508238357761	387.2624742570972	1412.1375537341964	7.091264463164188
10.536456132434278	1.8919999245547654	1456.8396370222367	557.9090039140572	388.1943401776484	1428.1715555482108	7.150890743013452
10.510157586886704	1.8926347255919227	1473.576907139659	569.0671839923383	389.1067617510655	1444.1982190128415	7.210187775502165
10.484287816209438	1.8931864308325559	1490.314177257081	580.2253640706195	390.00427847582716	1460.218260822382	7.2691615160486
10.45920554842675	1.8936586443158705	1507.0514473745027	591.3835441489007	390.8757098478654	1476.2295613832914	7.327818287187082
10.434882384941737	1.8940548451000458	1523.7887174919244	602.5417242271818	391.72176488024394	1492.232085463174	7.386164171770017
10.411098966912164	1.8943783832570003	1540.525987609346	613.699904305463	392.54917202544584	1508.226972698822	7.44420464467614
10.386761102574193	1.8946324699018442	1557.2632577267675	624.858084383744	393.3932516124123	1524.2209668632327	7.501945088683303
10.367279771603197	1.8948202066305306	1574.0005278441897	636.0162644620251	394.07700957303	1540.179743680465	7.55939128312963
10.34163254033622	1.8949445595770382	1590.7377979616115	647.1744445403064	394.96340179067533	1556.173623536249	7.616547897447109
10.319820011120724	1.8950083759635932	1607.4750680790335	658.3326246185874	395.72249597847315	1572.1383168690104	7.673420345095951
10.297908420590142	1.8950143845734426	1624.2123381964552	669.4908046968686	396.48453918903186	1588.0992471654408	7.730013631611672
10.277675566954473	1.8949652004624742	1640.9496083138774	680.6489847751498	397.18855046816674	1604.0440398478945	7.786331832707603
10.256015439246681	1.8948633265952146	1657.6868784312992	691.8071648534309	397.9411112015299	1619.9944334719853	7.8423801453922
10.234726608249044	1.8947111599087543	1674.4241485487205	702.965344931712	398.68136273329355	1635.9379657495094	7.898162973329942
10.217926780155063	1.8945109908713582	1691.161418666142	714.1235250099932	399.26372747023055	1651.8437278093802	7.953684615512523
10.195687985511348	1.894265015313689	1707.8986887835647	725.2817050882744	400.03773072177205	1667.7857469538114	8.008949269486132
10.176024583344464	1.8939753300860607	1724.6359589009858	736.4398851665554	400.72087381408903	1683.7039526345955	8.063961034457165
10.156602756560167	1.8936439409459493	1741.3732290184075	747.5980652448367	401.39592296074096	1699.6158735954996	8.118723914281734
10.138343757579966	1.8932727663785291	1758.110499135829	758.7562453231178	402.02874761843987	1715.513910938958	8.173241820344158
10.11992889994669	1.892863639888662	1774.8477692532513	769.914425401399	402.66729687061286	1731.4086709235307	8.227518574329231
10.104098555003151	1.8924183146182256	1791.5850393706726	781.07260547968	403.2095420457303	1747.2767563802993	8.281557910892884
10.084163957361401	1.8919384649424884	1808.322309488094	792.2307855579612	403.9061769883368	1763.1756509486506	8.335363480235664
10.06637564607024	1.8914256980348931	1825.0595796055159	803.3889656362423	404.52282231622564	1779.051624042862	8.388938429241323
10.04926747053452	1.8908815401749708	1841.7968497229376	814.5471457145234	405.11418750163875	1794.917025322048	8.442286440561823
10.032089206951296	1.890307457620544	1858.5341198403596	825.7053257928047	405.7087783936012	1810.7785826775048	8.495411073766396
10.015537959045021	1.8897048492172654	1875.2713899577814	836.8635058710857	406.2796806075075	1826.6297905138101	8.548315011714811
9.999333267605834	1.8890750547649908	1892.008660075203	848.0216859493669	406.837486363957	1842.4731163359268	8.601001942126734
9.985260754631067	1.8884193518396948	1908.7459301926249	859.1798660276481	407.3103207847321	1858.2907672172566	8.653474637127607
9.96632724026114	1.8877389663663156	1925.4832003100464	870.3380461059293	407.9799990846564	1874.1522316106025	8.70573635608515
9.950340479517152	1.886962827085642	1942.2204704274682	881.4962261842104	408.5608503542949	1889.980055737801	8.757789711032174
9.935742969577687	1.8863087717603024	1958.9577405448897	892.6544062624915	409.08979259977866	1905.7889540463948	8.809638059165323
9.919173144552328	1.8855611534504344	1975.6950106623112	903.8125863407726	409.7320269771568	1921.614113123127	8.861283634302719
9.909820680185705	1.884793233727	1992.4322807797337	914.9707664190539	410.0455497679595	1937.3567644777472	8.912729527869798
9.890482266445654	1.884005993498384	2009.1695508971554	926.128946497335	410.8651156702708	1953.2033828923775	8.963978487222922
9.88329596500877	1.8832003693051156	2025.9068210145765	937.2871265756161	411.0887186509617	1968.9101505311005	9.015033060889554
9.862195358030354	1.8823772581955767	2042.6440911319983	948.4453066538972	412.0706357360696	1984.7693705653883	9.06589546860833
9.846722485765264	1.8815375183294376	2059.381361249421	959.6034867321786	412.7877113551996	2000.5610061628902	9.116568552524694
9.833145541631417	1.8806819704883524	2076.118631366843	970.7616668104596	413.4333587458284	2016.3261254710692	9.167054729177359
9.818543912998697	1.8797082521008375	2092.855901484265	981.9198468887407	414.17331207420654	2032.0990044020398	9.21735637008399
9.806595381925977	1.8789265638604598	2109.593171601686	993.0780269670219	414.7664463970498	2047.8350449578063	9.267475802830996
9.804104420594117	1.878028178413653	2126.3304417191084	1004.236207045303	414.70614087391436	2063.447259343759	9.31741531213107
9.779556628780826	1.8771169351725618	2143.06771183653	1015.3943871235842	416.3216530605017	2079.3316910548206	9.367177140849563
9.765264173184253	1.8761934948531904	2159.804981953952	1026.552567201865	417.2584929371975	2095.0834447501043	9.416763491000783
9.75232406010167	1.8752584905376146	2176.542252071373	1037.7107472801463	418.159351896796	2110.813414247773	9.466176524715278
9.74091942837861	1.874312529457264	2193.279522188794	1048.8689273584273	418.9860267387665	2126.518337694634	9.515418365179055
9.727195462979747	1.8733561895165094	2210.0167923062168	1060.0271074367085	420.2183330079437	2142.249780768981	9.564490920289597
9.714460681661713	1.8723900309369819	2226.754062423639	1071.1852875149898	421.54759463712054	2157.9635519835074	9.613396214302847
9.7026796514892	1.8714145843032726	2243.4913325410603	1082.3434675932708	423.0995623683259	2173.6595635714352	9.66213640696602
9.694560800352361	1.8704303632098345	2260.2286026584816	1093.501647671552	424.2687989139832	2189.298523284352	9.710713476046767
9.680918629647083	1.8694378559147604	2276.9658727759042	1104.659827749833	715.7645341571385	2205.011394189753	9.759129067437774
9.655451944350416	1.8674298420065694	2310.4404130107478	1126.9761879063956	727.6996217354468	2236.398802613867	9.855483678483667
9.650268850627949	1.866415217280588	2327.177683128169	1138.1343679846766	728.3247222865933	2251.9716122307414	9.903426136232472
9.631530266927207	1.8653940711645927	2343.91495324559	1149.2925480629576	734.627217464323	2267.746359190225	9.951214601954817
9.622093058538374	1.8643668020486763	2360.652223363012	1160.450728141239	736.6541919528327	2283.3742094346144	9.998850640016297
9.611358494224195	1.8633337891623412	2377.3894934804334	1171.6089082195201	738.996450895987	2299.01735637008	10.046335937881
9.599519285165611	1.8622662318739336	2394.1267635978543	1182.7670882978011	741.5372931110924	2314.6736703626125	10.093672189044891
9.590322404656119	1.8612519762670299	2410.8640337152765	1193.9252683760824	743.1288170571783	2330.2825810296613	10.140861044769132
9.579635326998094	1.860203863261202	2427.6013038326982	1205.0834484543634	745.0872459323242	2345.9109837565334	10.187903931631292
9.565893748621859	1.8591513787767893	2444.33857395012	1216.2416285326447	747.7996764113246	2361.5864155290496	10.234802791136651
9.554738233298481	1.8580948340380468	2461.075844067542	1227.399808610926	749.6887866719353	2377.214600982458	10.281558598922725
9.544683612493031	1.8570345230382617	2477.8131141849635	1238.557988689207	751.2283955766379	2392.8195029879603	10.328173304985603
9.533676334522193	1.8558942112828882	2494.5503843023857	1249.716168767488	752.9531982011227	2408.4365309542286	10.374648409167788
9.524486813302724	1.8549037322903865	2511.287654419808	1260.8743488457694	754.1869728406353	2424.01697199019	10.420985010856738
9.514026071608626	1.8538337886079168	2528.0249245372297	1272.0325289240504	755.6900589166105	2439.615464212465	10.467184752769446
9.506915285742208	1.8527611498099446	2544.762194654651	1283.1907090023315	756.3760745842917	2455.1481518527535	10.5132491196425
9.494686447820357	1.8516860573143197	2561.499464772073	1294.3488890806127	758.2288559024685	2470.770216276702	10.559179463244368
9.491370968839384	1.8506087432589045	2578.236734889495	1305.5070691588937	758.0148046933605	2486.220740960128	10.60497711562852
9.4795983371599	1.8495294308437666	2594.9740050069167	1316.665249237175	759.7151212409194	2501.825333037708	10.650643188290974
9.465001751659079	1.8484483317038087	2611.711275124338	1327.8234293154562	761.9862224990613	2517.4812907485725	10.696179211262137
9.46201490618842	1.8473656511189425	2628.4485452417603	1338.9816093937372	761.705774570207	2532.907217044731	10.741586465920731
9.446445348705769	1.8462815859000345	2645.185815359182	1350.1397894720183	764.1194538759992	2548.5758913439804	10.786866208208904
9.436301164062828	1.845196324396537	2661.923085476604	1361.2979695502997	765.3417500706915	2564.1338684631755	10.832019676159584
9.42977259078282	1.8441100471359806	2678.660355594026	1372.4561496285808	765.8004628272805	2579.613941965349	10.877048090228774
9.419948929671406	1.843022928531437	2695.3976257114477	1383.6143297068618	766.9293101019825	2595.156371996414	10.92195265362028
9.410025527563445	1.8419351355423663	2712.1348958288695	1394.772509785143	768.0622872892086	2610.6968224550606	10.966734552603109
9.401794999525688	1.8408468278917827	2728.8721659462913	1405.930689863424	768.8429119824876	2626.1973453790406	11.011394956821679
9.391782513799997	1.8397581590513425	2745.609436063714	1417.0888699417053	769.9670307651605	2641.7313782227066	11.055935019599104
9.382711983765045	1.8386692762730406	2762.3467061811357	1428.2470500199865	770.8935846282393	2657.241076173281	11.100355878233662
9.375369083130527	1.8375803218114506	2779.083976298558	1439.4052300982676	771.478329828587	2672.7083861459582	11.14465855224213
9.367252223495178	1.8364448888527336	2795.8212464159806	1450.5634101765488	772.2060876894839	2688.1878040080264	11.188844109809871
9.35688977667356	1.8354027336506835	2812.5585165334023	1461.72159025483	773.3561908995181	2703.71329653006	11.232913749418337
9.348639796019208	1.8343143553285584	2829.2957866508236	1472.879770333111	774.0937524043402	2719.187015406819	11.276868547807648
9.3400601130247	1.8332264167141226	2846.0330567682454	1484.0379504113923	774.8885766852297	2734.6638313994354	11.320709567064387
9.331972073805437	1.8321390321765245	2862.770326885667	1495.1961304896734	775.5871534667775	2750.12480419663	11.364437690077708
9.323582241272511	1.8310523119239976	2879.5075970030884	1506.3543105679544	776.3365675091839	2765.5883957671795	11.408053876683292
9.327942736742957	1.8299663622660964	2896.2448671205116	1517.5124906462356	774.7086184090393	2780.7411902324334	11.451559356039052
9.307002724074245	1.828881285800498	2912.982137237932	1528.6706707245164	777.7823962476313	2796.4977701687167	11.49495512178684
9.301207082894722	1.827797177807474	2929.719407355354	1539.828850802798	778.0464159202835	2811.8846383567284	11.538241698643134
9.290899334405543	1.8267141339680104	2946.4566774727755	1550.9870308810791	779.1265053916079	2827.378105504747	11.581420521008381
9.286911870630787	1.825632242992459	2963.193947590197	1562.14521095936	779.062075023247	2842.7093901008207	11.62449241110422
9.275305424825099	1.8245515903280711	2979.931217707619	1573.3033910376412	780.3672435469522	2858.228072186468	11.667458034614558
9.269585095595154	1.8234722591652168	2996.6684878250417	1584.4615711159224	780.6138224981844	2873.592910657727	11.710318743209623
9.267053562117015	1.8223943278256987	3013.405757942463	1595.6197511942034	780.2895980069866	2888.8690007792693	11.753074922003064
9.253014972439644	1.821317873213354	3030.143028059885	1606.7779312724847	782.0137064447141	2904.441027970412	11.795727920047838
9.244696082543712	1.8201977071009228	3046.8802981773074	1617.936111350766	782.7161105953716	2919.859966416487	11.838278250765622
9.239995115501854	1.8191696771351682	3063.6175682947296	1629.094291429047	782.7817904490922	2935.1774390319747	11.880727065132273
9.230045122157682	1.818018672238347	3080.35483841215	1640.2524715073282	783.76575586188	2950.631926008386	11.92307491541463
9.226068591104477	1.8170282154425796	3097.0921085295718	1651.4106515856095	783.7065184168308	2965.9188946727336	11.965322986321054
9.223211929535887	1.8159601677863786	3113.8293786469935	1662.5688316638903	783.4507003726362	2981.1681517606685	12.007471642881692
9.207988433611401	1.8148939871024354	3130.5666487644157	1673.7270117421715	785.3460596280829	2996.7588313022734	12.049522194562984
8.913920562928615	1.7647186851642984	3967.4301546355046	2231.6360156562287	800.1168332270497	3757.291660689294	14.041772494362373
8.801140680800003	1.7422420269778298	4385.861907571047	2510.5905176132574	803.2909139292992	4132.0090978386625	14.969744728585763
8.706202936024384	1.7214830731042408	4804.293660506591	2789.545019570286	804.6381535420816	4502.984789628227	15.860856212737156
8.621675722568176	1.7023179085893139	5222.7254134421455	3068.4995215273148	805.3097769511189	4870.533319510995	16.719773935129474
8.549882443243474	1.6846049462364847	5641.157166377691	3347.454023484343	804.8215816242187	5234.361614499247	17.5502347676885
8.484424534770032	1.6682045844148408	6059.588919313225	3626.4085254413717	804.146093098635	5594.894088594968	18.355288546067584
8.428345339973461	1.6529871339948055	6478.020672248765	3905.3630273984004	802.6608880760174	5951.733379054885	19.137464153291614
8.377574643892782	1.6388354414510908	6896.452425184303	4184.317529355429	800.9788976494718	6305.205716316383	19.8988876267039
8.332897123956965	1.625645120834497	7314.884178119841	4463.272031312457	798.8717907866751	6655.122843283562	20.641366922133876
8.292551981987796	1.6133237623117864	7733.315931055382	4742.226533269486	796.5784684816751	7001.6345681767825	21.36645585050542
8.255634450309268	1.6017897657289357	8151.747683990922	5021.181035226515	794.2036221726695	7344.852024707277	22.075501754266043
8.221178277055847	1.5909162788362923	8570.179436926463	5300.1355371835425	791.8793338924137	7684.909691436633	22.769682237674296
8.196323994982965	1.5808040355049833	8988.611189861998	5579.090039140572	788.0905965573301	8020.234043235491	23.45003416206641
8.166126781781125	1.571232216877549	9407.042942797538	5858.044541097601	785.8282855203915	8353.93319067378	24.117476115547735
8.13980739481202	1.5622055566809074	9825.474695733088	6136.9990430546295	783.1712614446744	8684.044607127984	24.77282707130632
8.120281205635845	1.5535768665879157	10243.906448668633	6415.953545011657	779.3824008758985	9009.622434012734	25.416820541551093
8.095856334316993	1.5456141828049474	10662.338201604183	6694.908046968686	777.0439590516867	9333.82790718929	26.0501170330119
8.076639064514232	1.5379740500346588	11080.769954539739	6973.862548925715	773.8213514255608	9653.814551159392	26.67331357468674
8.059651859992027	1.530727095826947	11499.201707475277	7252.817050882743	770.3293477258994	9970.340673768333	27.286952600675285
8.045050219926152	1.5238445233711513	11917.633460410812	7531.771552839771	766.4477589604658	10283.269168495925	27.891528234639
8.027762542179449	1.5173001940311872	12336.06521334636	7810.726054796801	763.5152191581221	10594.479959927086	28.487492367914
8.014244729900442	1.5110710112829944	12754.49696628191	8089.6805567538295	759.7363432917064	10901.553037916081	29.07525970376355
8.001441653716522	1.5051351945749456	13172.928719217472	8368.635058710857	755.8892217156305	11205.616108114855	29.65521164431023
7.989573097476677	1.4994734683233824	13591.360472153028	8647.589560667886	751.8488887833225	11506.56966474912	30.227700245748572
7.978331212774094	1.494068125114178	14009.792225088584	8926.544062624915	747.6459237246062	11804.548761386854	30.793051345467582
7.97357516288315	1.4889029846614443	14428.223978024129	9205.498564581943	740.6886563066553	12096.529125934096	31.351566966823974
7.963575151566962	1.4839632297214524	14846.655730959672	9484.453066538972	735.4847985375891	12388.423927041596	31.903527907671975
7.951368624144711	1.4792352621605944	15265.087483895226	9763.407568496	731.1697859869398	12678.967928635428	32.44919578035815
7.94413265034002	1.4747065791629943	15683.519236830765	10042.36207045303	722.6908715033373	12964.087315875355	32.988814726354924
7.936239892629858	1.4703656632226891	16101.950989766307	10321.316572410058	426.1517856886781	13246.945132830007	33.52261315307512
7.9284770303483265	1.4661412726571774	16520.382742701855	10600.271074367085	422.01761758907946	13527.131061367652	34.05080509813325