28.382674912641598	0.08186168569606778	35.01889990375193	0.11158180078281144	0.21926186974739212	29.42314902622758	0.2294761402266479
27.641770240697547	0.08321373215704085	56.00181385488425	0.22316360156562287	0.16964892259207845	45.838738242152175	0.36638318336958964
26.83433892584748	0.08412053650494968	72.04827648580353	0.33474540234843436	0.14312977282693629	59.51381247828058	0.4708744562489539
26.655930269292238	0.08653140692622104	81.10687321179608	0.44632720313124574	0.11056400213515243	70.98732377518685	0.5297225169962301
25.816045958412317	0.08964351049144294	90.14122176324858	0.5579090039140573	0.09426161745451377	78.92916323992486	0.5884123560085507
25.510632233044056	0.09351022418067965	97.0036548044586	0.6694908046968687	0.07703501150416726	86.10946335922631	0.6325701430208444
24.865723215220463	0.09808744128249584	101.25525164665608	0.7810726054796802	0.06441478610460978	94.30146334271618	0.6592591071306456
24.363387806718706	0.10347096747597125	105.50684848885356	0.8926544062624915	0.05173119779557157	98.66426263710478	0.6859480712404469
23.71699265879324	0.10924524599950719	109.75844533105104	1.004236207045303	0.045385242815485956	102.71746229944176	0.7126370353502481
12.792134408148895	0.5526437527238907	245.11840180934104	11.158180078281145	108.20242257996381	242.56449039513973	1.563983909281709
12.742262311043623	0.5871555101549841	253.6540410384029	12.273998086109259	117.4949594955068	251.06878325606058	1.6161407807104244
12.70314227468177	0.6199291101522424	261.7296771082521	13.389816093937375	125.8490451845769	259.108636761203	1.6652806910331768
12.668838322403348	0.6511410853015032	269.40553577977784	14.505634101765487	131.80510260383375	266.75024764979014	1.7117989672106333
12.649619523398043	0.6809410772448864	276.72257684770744	15.621452109593601	137.18930556072803	274.03280903034465	1.7559693827879308
12.625578827812985	0.7094615764908471	283.6973660638568	16.73727011742172	142.5035281082216	280.9880748295598	1.7979135809894156
12.613189611900346	0.7368265153738458	290.32130709036545	17.853088125249833	147.34273066968737	287.6118773951306	1.8376007940358814
12.596907351534428	0.7631594304985789	296.55435630294664	18.968906133077947	152.06915889997555	293.8856849106818	1.8748119035482038
12.620750455376296	0.7885909600607529	302.3243170849087	20.084724140906058	155.60811381678423	299.7342832644513	1.9091371977593692
12.574737798635814	0.8132575073414523	307.5813468777778	21.200542148734172	160.77644574372917	305.14255832581466	1.940304129351474
12.570050673447428	0.8372900713482198	312.31411688530454	22.316360156562286	164.7888305121408	310.0346292167403	1.9682683620732653
12.572596414528297	0.8608016530233912	316.56985371361674	23.4321781643904	168.52817998552567	314.439834839075	1.993331289848967
12.557562722007322	0.8838795106473366	320.4223873227176	24.547996172218518	172.6623191713441	318.4270375879916	2.0159461404573342
12.551297816081576	0.9065853011384098	323.94764799962604	25.663814180046632	176.5191763192221	322.0598675231534	2.036573402932906
12.550434096938057	0.9289600529774927	327.2136614429314	26.779632187874743	180.19222320073794	325.40829499338275	2.0556236958128506
12.548212341326675	0.9510302835877549	330.2674004873572	27.89545019570286	183.86640969021562	328.52691647938224	2.0733797724211636
12.545477955811906	0.9728129404526734	333.1494221903847	29.011268203530975	187.5259026534346	331.4618368637	2.0900863608286406
12.544939817780127	0.994319103199606	335.8817331353983	30.12708621135909	191.09824326355985	334.23747250677036	2.105875997026233
12.547268193441264	1.0155562368342816	338.4870848098266	31.242904219187203	194.56147305154803	336.8789710005235	2.1208867501992463
12.548650303950664	1.0365297012010544	340.9800469832447	32.35872222701532	198.01038163739506	339.403401936408	2.135207279995852
12.55121386223028	1.0572436382625265	343.3698962596384	33.47454023484344	201.3865643663826	341.82332338468467	2.148894192484402
12.553161528253897	1.0777014818515747	345.6679022360754	34.590358242671556	204.7434495872226	344.14598036203205	2.162016623290788
12.557192916564125	1.0979063565180185	347.88298438089134	35.70617625049967	208.00418513320156	346.3831769201356	2.1746294085671227
12.563917998727156	1.1178611077889093	350.01820033495136	36.82199425832778	211.15072398657438	348.5394734813115	2.1867514147302507
12.564355924534459	1.137568548228972	352.0826798349083	37.937812266155895	214.4504967960248	350.6252190061271	2.198438812977867
12.568220236519732	1.1570313545036697	354.08156037183886	39.053630273984005	217.6172117759677	352.6397767980309	2.2097232076980533
12.573372170757828	1.1762522085783003	356.01733729820046	40.169448281812116	220.71435332890417	354.5917987561233	2.220619925087584
12.578113131360464	1.1952337810667417	357.895708268973	41.28526628964023	223.79398646587626	356.4855530851119	2.231163910221167
12.583953117624045	1.2139786978552582	359.72109476354655	42.401084297468344	226.81084790780005	358.324447862834	2.2413822180334435
12.5881224343688	1.2324895735459365	361.49709706858107	43.51690230529646	229.85098722747767	360.1127312415512	2.2512968118086305
12.595071943768223	1.250769008516769	363.2271742836863	44.63272031312458	232.77563199778257	361.8529139852542	2.260928747755207
12.601536732796472	1.2688195886231872	364.91463246444573	45.7485383209527	235.68788837046012	363.5490805326967	2.270298111420608
12.607501315037853	1.2866438832222042	366.56128201136875	46.86435632878081	238.5884543220745	365.2044382739949	2.2794157325533293
12.60859684413723	1.3042444201458983	368.1703001054622	47.980174336608926	241.61885475950564	366.82296000870184	2.2883008346676252
12.62903822719519	1.3216237355069798	369.7452614150065	49.095992344437036	243.99625503564593	368.401392727546	2.2969751143008343
12.626422527240337	1.338784355022903	371.2888440288006	50.211810352265154	247.08936736333513	369.9501840358511	2.3054547518855095
12.632791721462866	1.355728783810368	372.8009246843826	51.327628360093264	249.8587597209818	371.4669986925338	2.3137384883466328
12.639810176475844	1.3724594613346441	374.285320536936	52.44344636792138	252.57624475053234	372.95515092678414	2.321849539223142
12.644815307320657	1.3889788917442216	375.74479663483083	53.559264375749486	255.32943773805943	374.41510910478416	2.329804685620662
12.652410706490052	1.4052894918092989	377.17796551082523	54.6750823835776	257.96667395417245	375.8510566408142	2.3375946092295723
12.659047337225527	1.4213936969601255	378.59046406157063	55.79090039140572	260.606354271575	377.26197076678045	2.3452541735517243
12.659047337225527	1.4213936969601255	378.59046406157063	55.79090039140572	260.606354271575	377.26197076678045	2.3452541735517243
12.66045507158231	1.42538778209665	378.93910912566065	56.06985489336274	261.2700592942839	377.61254314857644	2.347140708027838
12.662299701558146	1.4293691669543729	379.28775418975056	56.348809395319776	261.91737457067467	377.9595573857611	2.349027242503953
12.664275890578832	1.4333378543015247	379.6347764238208	56.6277638972768	262.5585964152867	378.30645254582083	2.3509034610196378
12.666034469961444	1.437293923160239	379.9800710809213	56.90671839923384	263.20487037660445	378.6523067931529	2.3527686977224143
12.667443276666495	1.4412373899214048	380.32536573802173	57.185672901190856	263.86111958593784	378.99589008673684	2.35463393442519
12.671207207278943	1.4451682853051036	380.6680673153953	57.464627403147894	264.43571556373456	379.3389714411189	2.3564826259912777
12.670692662541212	1.449086667040092	381.01013571807465	57.74358190510491	265.15408644827687	379.6808845355787	2.3583272775883053
12.672420520033707	1.452992549527676	381.35191491497426	58.02253640706195	265.7945880688342	380.02108704772485	2.3601700763762734
12.674302713650098	1.4568859842394786	381.69088038953697	58.301490909018966	266.4272798455834	380.3612534117512	2.361994848933073
12.675411356590585	1.460767014484917	382.0298458640998	58.580445410976004	267.0848165767445	380.69869806231577	2.3638196214898723
12.677702221968506	1.4646356491865258	382.36775883346877	58.859399912933036	267.7003158849784	381.035588957138	2.365637620997133
12.676972210985483	1.468491956611251	382.70374386058137	59.13835441489007	268.41756622364375	381.3726397548495	2.3674432138687864
12.68049691492063	1.4723359629081267	383.0397288876939	59.41730891684709	268.9870221521028	381.7062084974342	2.36924880674044
12.682073688325199	1.4761676834230724	383.3740444655939	59.69626341880411	269.6211577178155	382.0401810605406	2.3710436038168368
12.684286974734581	1.479987189712919	383.7071706661637	59.975217920761146	270.2318044882549	382.372917416934	2.3728307095696266
12.686152298518987	1.48379449921905	384.04029686673346	60.25417242271817	270.8528289107752	382.7038837429291	2.3746178153224164
12.689040471355899	1.4875896356721225	384.3712705486636	60.53312692467521	271.43627366350876	383.0346270911823	2.376390926632537
12.689177456658935	1.4913726718836215	384.70165867482353	60.812081426632226	272.1127726833284	383.36436561011243	2.3781602309945997
12.68989922633035	1.49514360992169	385.03204680098344	61.091035928589264	272.7674490723528	383.6927429683152	2.3799295353566627
12.69330857001796	1.4989024944267957	385.35992100473584	61.36999043054628	273.3276090793552	384.02054621128013	2.3816823991212974
12.692296362436915	1.5026493786513382	385.6876909357639	61.64894493250332	274.0388411376672	384.34733136491593	2.3834345809611923
12.695786693778762	1.5063842709078277	386.0151944815637	61.927899434460336	274.5915446410568	384.6724109386448	2.38518500936268
12.697593588166995	1.510107226084701	386.34046522454923	62.206853936417374	275.2011453032926	384.99784190097455	2.3869207406946797
12.698579518878521	1.513818282395904	386.6657359675348	62.4858084383744	275.83764584196564	385.32123803767536	2.3886564720266796
12.700370915464028	1.517517454992889	386.99046869235053	62.76476294033144	276.44392175152547	385.6440830058489	2.390388636531089
12.702520568204969	1.521204799645278	387.31335838740813	63.043717442288454	277.0354964214102	385.9668466502706	2.3921085825459376
12.702238702947714	1.5248803508661417	387.6362480824658	63.32267194424548	277.7102180867292	386.28776432134	2.3938285285607863
12.704880586972862	1.528544123028823	387.95841588412213	63.60162644620251	278.2813663044674	386.6079508547065	2.3955436507513683
12.706454412878209	1.5321961775066992	388.2790418139413	63.88058094815954	278.8871771588997	386.92828092645175	2.3972484698712027
12.708243599270544	1.5358365412527266	388.5996677437604	64.15953545011656	279.4834473472229	387.24629357065334	2.3989532889910374
12.710213694010747	1.5394652335378711	388.9194647452537	64.4384899520736	280.0717336969457	387.56425959773765	2.400652520290704
12.71182803912067	1.5430823133713851	389.23794334876663	64.71744445403063	280.6705410038278	387.88211642050163	2.402342864246804
12.714254658746231	1.5466878058307107	389.5564219522796	64.99639895598766	281.23804722072583	388.197745373009	2.4040332082029034
12.714817531649	1.5502817335291723	389.8740308802855	65.27535345794469	281.8692210620997	388.5137679938266	2.405717632213687
12.716116888750216	1.553864152600597	390.1904777702326	65.5543079599017	282.47282082015545	388.8294066466273	2.4073941461457022
12.717907850491013	1.557435088964755	390.5069246601797	65.83326246185874	283.0565432746742	389.1430403726455	2.409070660077718
12.720568630533098	1.5609945658642999	390.82251724038844	66.11221696381577	283.60739496984695	389.45648070612737	2.410741295001694
12.721367257062543	1.5645426354616752	391.13704722455475	66.3911714657728	284.22189594012616	389.77011425740534	2.4124046175770033
12.725901468934234	1.568079327257746	391.451577208721	66.67012596772985	284.70266820137766	390.08113863559305	2.414067940152312
12.729040301639412	1.571604662354959	391.76531457592966	66.94908046968686	285.22992803765453	390.39245379171524	2.4157257412816335
12.725884718999414	1.5751186946705573	392.078041681829	67.2280349716439	285.976477343882	390.7049888652991	2.417376504833472
12.726276957296115	1.578621449181682	392.39076878772835	67.50698947360091	286.5962965730926	391.0150006291162	2.41902726838531
12.727623444808613	1.5821129513577121	392.7028019087906	67.78594397555796	287.17936716973486	391.3248017180462	2.420673130650019
12.73057784354496	1.5855932513225972	393.01383941157275	68.06489847751497	287.7037039751461	391.63421048470775	2.422311961333056
12.731325393100732	1.5890623770859178	393.3248769143549	68.34385297947202	288.30366429731566	391.9423523327045	2.4239507920160923
12.733523309673751	1.5925203479812031	393.6353470222576	68.62280748142904	288.84947172954	392.25015950637936	2.4255855525794052
12.735207751257516	1.5959672230523994	393.9448074756161	68.90176198338607	289.410795649687	392.5581021397889	2.427213070541449
12.736587824175809	1.5994030228822826	394.2542679289746	69.1807164853431	289.9808316602721	392.8645174289381	2.428840588503493
12.73835662344976	1.602827770244901	394.5633069664817	69.45967098730013	290.5338667583143	393.17074918243003	2.4304650293952483
12.739722498833052	1.6062415175640352	394.8713022363442	69.73862548925715	291.09827047606836	393.4770638468878	2.4320818489637985
12.7377446231893	1.609644291881819	395.17929750620675	70.01757999121418	291.77716887319264	393.782790158701	2.4336986685323487
12.743412386068165	1.613036115705103	395.4870285776755	70.29653449317121	292.1858751842054	394.08659552133497	2.435313519312303
12.744132121036602	1.616417035011485	395.7936698784605	70.57548899512823	292.76433024557883	394.391480389789	2.4369202491946864
12.75070821380297	1.6197870800631813	396.10031117924547	70.85444349708526	293.1364062470282	394.69402065610694	2.4385269790770696
12.744740662326544	1.6231462770727125	396.4068490093824	71.13339799904229	293.94182022898235	394.9989250488038	2.4401329195206776
12.74872772768816	1.6264946634015713	396.71224694261207	71.41235250099933	294.3972395143673	395.30162678626203	2.4417301630165484
12.750025280406703	1.6298322771752347	397.01764487584165	71.69130700295635	294.94416169613476	395.60413572853037	2.4433274065124193
12.75150684249057	1.6331591401536258	397.32304280907124	71.97026150491338	295.47984107044624	395.90604489581426	2.4449246500082897
12.75329997304264	1.636475287660807	397.6273608693823	72.2492160068704	296.00216288745736	396.20787811934264	2.4465134245376485
12.754809178090955	1.639780761192663	397.9316254644442	72.52817050882744	296.5315715221948	396.5092478872662	2.448101779762664
12.758627642944505	1.643075581323263	398.23589005950606	72.80712501078446	296.97670999574416	396.80939091639743	2.44969013498768
12.75565231845213	1.646359781205002	398.53933055231204	73.08607951274149	297.6523104529874	397.11104613041215	2.4512718133616804
12.757877797364916	1.6496334032753035	398.8425713091692	73.36503401469851	298.14622459435293	397.4112574121027	2.4528518734811953
12.76081928650745	1.6528964690900259	399.14581206602634	73.64398851665555	298.6113061334424	397.71045940069433	2.45443193360071
12.760756937175229	1.6561490093726199	399.4484668987603	73.92294301861257	299.17623725042824	398.0103290074452	2.4560070577819397
12.763396184854958	1.6593910646992185	399.75079283241087	74.20189752056959	299.64424185195253	398.3095356224585	2.457579411253596
12.764202875320882	1.662622660452319	400.05311876606146	74.48085202252663	300.1713175135666	398.60818951578966	2.4591517647252528
12.766411292025479	1.6658438258659458	400.3550733975545	74.75980652448366	300.64758329397296	398.90651861565857	2.460720837993844
12.768040522017472	1.6690545982577478	400.6565930840499	75.0387610264407	301.13853831492514	399.20497174119214	2.4622860688179813
12.767521892114141	1.672255006370768	400.9581127705453	75.31771552839771	301.6985777830672	399.5031565204012	2.4638512996421196
12.770691255914745	1.675445077570991	401.259446692512	75.59667003035476	302.1300927650359	399.80034442209814	2.4654147893203513
12.772583328922115	1.6786248464422544	401.56026831634443	75.87562453231178	302.60175803041926	400.09781328002606	2.4669734772971763
12.77347862637392	1.681794347241925	401.86108994017684	76.1545790342688	303.101267757645	400.39502930674456	2.4685321652740013
12.774408869381835	1.6849536022322336	402.1618771610296	76.43353353622582	303.5954476721081	400.6919126082064	2.4700905054455355
12.798201045794213	1.6881026469248794	402.46210856370544	76.71248803818287	303.33935598384085	400.9835162974213	2.47164322643803
12.777457322568656	1.6912415123757942	402.76233996638126	76.99144254013989	304.53285026171125	401.28514004166846	2.473195947430524
12.783839958921547	1.6943702265790854	403.0625713690571	77.27039704209692	304.8394946497195	401.58005370103757	2.4747486684230178
12.785974610659693	1.6974888193631912	403.36239822667125	77.54935154405395	305.27862038865413	401.87593916302126	2.4762968678537978
12.781858257314065	1.7005973243583627	403.66214695628855	77.82830604601098	305.91477201234477	402.17321505293813	2.4778441940553795
12.783158042548102	1.7036957702781534	403.9618956859058	78.10726054796801	306.3708643039017	402.46870191395436	2.479391520256961
12.784776202031324	1.706784182687889	404.26141665928503	78.38621504992503	306.8144906710457	402.7641069248256	2.480935918265061
12.78582752992592	1.7098625967010046	404.5607900206071	78.66516955188207	307.2703955969002	403.0596371954427	2.4824784184693183
12.787084218345006	1.7129310384073542	404.8601633819291	78.94412405383909	307.7164358757829	403.3547191852759	2.4840209186735756
12.78883280032021	1.7159895390250255	405.1594387594246	79.22307855579612	308.14249875395893	403.64959581481287	2.4855618627365015
12.789020510211563	1.7190381278218663	405.4585438654955	79.50203305775315	308.6126887306356	403.9448323597245	2.487100102614356
12.79114900787551	1.7220768340100843	405.75764897156637	79.7809875597102	309.0190723133681	404.23940346831176	2.4886383424922105
12.792229550908635	1.725105685689302	406.0567355632082	80.05994206166721	309.4530845696699	404.53404326761637	2.49017615791501
12.793944422749533	1.7281247118685112	406.3556793868521	80.33889656362425	309.8639658804842	404.8285271690614	2.491710700290722
12.795144351659443	1.7311339433617714	406.65462321049597	80.61785106558126	310.2860570599597	405.12306017762654	2.493245242666434
12.796553174209533	1.7341334071162735	406.9535670341399	80.89680556753831	310.69787831916926	405.41733615745716	2.494779785042146
12.796626719476734	1.7371231316277442	407.2524642660257	81.17576006949533	311.1451519250054	405.71192395187325	2.4963116403812236
12.798875706867344	1.740103145704929	407.55135369148377	81.45471457145234	311.5238058669196	406.00598261717727	2.497843045508542
12.800478062507038	1.7430734786001547	407.8502431169418	81.73366907340937	311.91813900709957	406.30003779179344	2.4993744506358597
12.801900883885775	1.74603410301766	408.1584317678547	82.0126235753664	312.3127905249294	406.59411480501535	2.500951728792291
12.804765567875354	1.7489848129554388	408.47304210840764	82.29157807732344	312.66370596986224	406.88781067757765	2.5025606851091493
12.804466357439685	1.7519256085824217	408.78765244896056	82.57053257928045	313.09947240085927	407.1822152663942	2.5041696414260084
12.805731605933286	1.7548564780979528	409.1107208225074	82.84948708123748	313.4892930721846	407.476191945965	2.5058204041192718
12.806764950429445	1.75777719173055	409.4428095153133	83.12844158319453	313.87816403793556	407.77018092067607	2.507515752458217
12.808275821740802	1.760687731871845	409.77489820811917	83.40739608515156	314.25314669882374	408.06883455115894	2.509211100797162
12.813514102017026	1.763588074320129	410.1174314492014	83.68635058710858	314.51650607579546	408.3771178937145	2.5109581695494287
12.810847965840626	1.7664779654807763	410.46905477099585	83.96530508906562	315.0002862168939	408.6874001297954	2.5127502515199898
12.810814460568304	1.769357396032573	410.8206780927903	84.24425959102264	315.40474619359094	408.99956155641655	2.5145423334905517
12.813109531078968	1.7722262788619547	411.18866546784824	84.52321409297967	315.74125092072035	409.32562383393383	2.5164155881867702
12.815448034575446	1.7779316596143575	411.9387181760967	85.08112309689372	316.4654941317655	409.9810584644545	2.520231952989526
12.816367766796342	1.7807679225888071	412.3372246074637	85.36007759885075	316.83107304234045	410.32651022220637	2.522256793437973
12.81791955343818	1.783593004478517	412.7357310388307	85.63903210080777	317.17203943461664	410.67170413221487	2.5242816338864205
12.81918764654405	1.7864068331892426	413.15260358835184	85.9179866027648	317.51963917904055	411.02356218984437	2.526397860131617
12.820339030223998	1.7892090628708919	413.5795747648165	86.19694110472183	317.8663950520621	411.39028696096864	2.528564334941129
12.828711046830938	1.791999659392413	414.0176250773273	86.47589560667886	318.0164181346563	411.7546331550718	2.5307860130085844
12.822821917517238	1.7947782382419766	414.47744019044313	86.75485010863589	318.54565876501624	412.1387563298151	2.533116137068297
12.827804576168356	1.7975446913780426	414.9445938831728	87.03380461059292	318.77931965810933	412.5283086963179	2.5354828728961136
12.837546640641534	1.8002986118012625	415.4427269223815	87.31275911254995	318.886197715765	412.9188648011599	2.5380041629713426
12.825860695600436	1.8030397983020527	415.95029760931874	87.59171361450699	319.5536565194151	413.34206637057116	2.5405725915421637
12.826049735611466	1.8057677653745285	416.4937154702737	87.870668116464	319.90357926516475	413.7607328608773	2.543320067043219
12.827272377929821	1.80848223624499	417.05824804856394	88.14962261842105	320.2259008978172	414.2031703980625	2.5461731160152654
12.829239169526684	1.8111825559693338	417.6560076956143	88.42857712037807	320.52240683656083	414.6528985077945	2.5491923001490635
12.831538662958382	1.8138682925954768	418.3024168381654	88.70753162233508	320.80854359490104	415.1233146989469	2.552454962783593
12.831169648762309	1.8165386547726428	418.98657329433274	88.98648612429211	321.1610583251943	415.6109171893241	2.5559066261694516
12.833393982305783	1.8191926904262592	419.7337728531456	89.26544062624914	321.44087099106906	416.12059333454454	2.5596740724408673
12.833684912642234	1.821829291002217	420.57848072313	89.54439512820618	321.7681449694679	416.6512095468075	2.5639303039824055
12.833473239719298	1.8244467990506887	421.53936217562295	89.8233496301632	322.1039586604111	417.21689309469707	2.568769234518692
12.834811358068363	1.827042688316197	422.68599522176913	90.10230413212022	322.3953510162503	417.79815237642606	2.5745403175859627
12.834633618564597	1.8296123095982961	424.2863006674956	90.38125863407727	322.722178631668	418.4410050978999	2.58258946437798
12.837601890964855	1.831636948342124	710.1609962108834	90.6602131360343	322.90074672497315	418.97847149908523	4.019274335229218
12.836201739100748	1.831768928089577	717.4607870159367	90.93916763799132	322.9514379882072	419.12712677685136	4.055952582661618
12.836926296447658	1.8318485436292624	721.6967788964239	91.21812213994835	322.94330856197746	419.32191419614657	4.077229211765091
12.836251484109066	1.8318956194720213	725.0243019581794	91.49707664190538	322.9656020347619	419.5521706890379	4.09393719230708
12.836116005801683	1.831917925418568	727.8517459458687	91.77603114386241	322.9715282981078	419.8123565517598	4.108129421613796
12.833705874139419	1.831920016686239	730.3592640999617	92.05498564581943	323.0310120828758	420.1381539162753	4.120711655082976
12.834366150958921	1.8319049774625913	732.6291490634435	92.33394014777646	323.01267408334627	420.4869726053799	4.132097624585185
12.833733834860196	1.8318750621646387	734.7234592197275	92.61289464973349	323.02435063068333	420.8719597487759	4.142599442259893
12.83188307854256	1.8318320155184187	736.6762174574764	92.89184915169052	323.0644558454724	421.33434733011205	4.1523882097849265
12.83597276387916	1.831777233631809	738.5132013853109	93.17080365364754	322.9564946479999	421.8199695435147	4.161593591332833
12.831119188276935	1.8317118611668177	740.2542991164994	93.44975815560458	323.06793903282943	422.434682251418	4.170315652480526
12.829875019393551	1.831636861199797	741.9075151822124	93.7287126575616	323.08910459181175	423.14358142382395	4.178594595560621
12.828413452545677	1.8315530724486067	743.4901615123591	94.00766715951863	323.1145504009024	424.03569196207815	4.186517593030695
12.83878258835039	1.8314611920131028	745.0100643799391	94.28662166147566	322.84662838514936	425.33693669404175	4.194124027170965
12.826715515338032	1.8313618534782394	746.4717707254243	94.56557616343271	323.1322216657804	712.0939677630968	4.201436743019543
12.82606254147253	1.8312556067857264	747.8835049522231	94.84453066538973	323.13487558044824	717.9543305093027	4.208497172316291
12.824312401347363	1.8311429504280308	749.2512686406994	95.12348516734676	323.16386752252816	721.8192585702352	4.215335546579813
12.822019203036161	1.8310243226961078	750.5737944310935	95.40243966930377	323.2055669534316	724.9331257479779	4.221945393990235
12.821933353094954	1.8309001301987573	751.860571184029	95.68139417126082	323.1919311860739	727.5998029346166	4.228374591598898
12.82920756784968	1.8307707329942673	753.113886145381	95.96034867321784	322.99532720917125	729.942003943697	4.23463465011705
12.81932542340717	1.8306364671076318	754.332827362992	96.23930317517487	323.2230567015952	732.1648174110868	4.240720905877805
12.817907313622532	1.8304976361792342	755.5215807519259	96.51825767713188	323.2405737561387	734.1776801630937	4.246654475285841
12.820007537448438	1.8303545210959562	756.6833617905097	96.79721217908893	323.1702979177494	736.0428607451945	4.252451580724105
12.815047409627132	1.8302073871985036	757.8197319666332	97.07616668104595	323.2746241771522	737.8302210461769	4.258120085286379
12.812683329631788	1.8300564703417086	758.9321350209997	97.35512118300298	323.3141139611747	739.5169068203521	4.263667260262878
12.812012566960437	1.8299019954175089	760.0219078494979	97.63407568496	323.31112550721286	741.1207880694535	4.269099839929599
12.80898532207622	1.8297441749745162	761.0902902162269	97.91303018691704	323.3662492284479	742.6602534627376	4.274424070360649
12.808231131749197	1.829583201395963	762.1384334258395	98.19198468887407	323.3645110678544	744.1367201602719	4.279645753010677
12.807686470361077	1.8294192589506875	763.1674080830119	98.47093919083109	323.35717444196774	745.5541119189483	4.284770283709692
12.806122010716502	1.8292525176403767	764.1782110492103	98.74989369278813	323.3748365349793	746.9298698490184	4.289802687623915
12.804608057474367	1.8290831451463692	765.1717716919919	99.02884819474517	323.3909117041233	748.2628554525439	4.294747650661306
12.802906308269216	1.8289112886960428	766.1489575093772	99.30780269670218	323.4113508213438	749.5536365961774	4.299609547736531
12.800879174571493	1.8287370926893594	767.110579201008	99.58675719865921	323.43960578806633	750.8110435382524	4.304392468255763
12.799697868571876	1.8285606945748534	768.0573952485495	99.86571170061625	323.4465122625529	752.0338112480523	4.309100239135224
12.797998157304965	1.8283822225118629	768.9901160598648	100.14466620257328	323.46607511896684	753.2271376746348	4.313736445627475
12.796178608998863	1.82820179906866	769.909407724676	100.4236207045303	323.4883848207264	754.3900318905067	4.318304450195243
12.796133660769199	1.8280195388495315	770.8158954235498	100.70257520648732	323.466171541049	755.5222121668817	4.322807409643056
12.792869186753936	1.827835553593517	771.7101665269765	100.98152970844436	323.5241054701093	756.6387080068474	4.327248290691448
12.790948176517398	1.8276499445512673	772.5927734169221	101.26048421040139	323.5483070870146	757.7285358393599	4.331629884156466
12.789430947499117	1.82746281847298	773.4642360594207	101.5394387123584	323.5622293601678	758.7955762012498	4.335954817878046
12.786702969632119	1.8272742658803653	774.3250443534657	101.81839321431544	323.6062524563938	759.8451665302617	4.340225568524179
12.785955715977302	1.8270843740802265	775.1740363159438	102.09734771627247	323.6005635360518	760.8702987856583	4.344436208412582
12.784077112529529	1.8268932349459157	776.0125237844392	102.3763022182295	323.6230204550715	761.8798852743579	4.348593393357323
12.782694856910215	1.826700930436483	776.8415965567611	102.65525672018653	323.6329001347871	762.8708110882246	4.35270265587437
12.781385243250227	1.826507537243108	777.6616522725685	102.93421122214357	323.64081251369385	763.8450344458943	4.3567660087733255
12.778829205701662	1.8263131344206631	778.4730668544771	103.21316572410059	323.6798145947848	764.80650521104	4.360785355654071
12.776839503974676	1.8261177931532715	779.2755387094221	103.49212022605762	323.70406309721403	765.7516655258399	4.364759149075901
12.77457678671357	1.8259215824517714	780.06782361604	103.77107472801464	323.7349327638642	766.6832241179881	4.368681033258732
12.771883116186917	1.8257245706288685	780.852449013691	104.05002922997168	323.77633442858263	767.6021954946785	4.372563874800688
12.771758858537037	1.8255268205606114	781.6297226039295	104.3289837319287	323.7543316598369	768.5024878609745	4.376409234245507
12.769381885429155	1.8253283942332617	782.3999361712479	104.60793823388573	323.78776131866624	769.3955494307642	4.3802185920744385
12.767548935666525	1.8251293505932802	783.1607211765853	104.88689273584275	323.8077053490022	770.2756686156791	4.383979854655628
12.765440869665769	1.824929746682452	783.9143979547542	105.16584723779978	323.83437410914553	771.1434539215674	4.387704845122097
12.76344706183168	1.824729637444615	784.6618014592854	105.4448017397568	323.85816590534466	771.9997858593251	4.391397817442681
12.761700615776364	1.8245290755827757	785.4031722820586	105.72375624171383	323.8757916709525	772.8452648653549	4.395059994617218
12.759667944877076	1.8243281112615208	786.135427849696	106.00271074367086	323.9004454013684	773.6814851657753	4.398675624514188
12.757744643529012	1.8241267940683878	786.8619545731676	106.2816652456279	323.9223545133183	774.5080310011243	4.402261989215033
12.75527356154076	1.8239251690694775	787.5831155599453	106.56061974758492	323.9577941026361	775.3266640527372	4.405820939741443
12.75425686876943	1.823723284962455	788.2975112356891	106.83957424954195	323.9571807377387	776.1313462890454	4.409345317630849
12.751666262837551	1.8235211841971284	789.0048985889636	107.11852875149897	323.99554071733485	776.9303710168405	4.412833867695518
12.749352151812856	1.8233189051101615	789.707514270214	107.39748325345602	324.02704137900895	777.7208215496624	4.416298018014956
12.746745154214564	1.8231164923530534	790.4049005251068	107.67643775541303	324.0658108848879	778.5041796125322	4.419735424520358
12.745586848148967	1.8229139940611556	791.0947137355338	107.95539225737006	324.0686060159907	779.2766730823843	4.4231340870654
12.742013756226983	1.82271142236862	791.7802855467266	108.2343467593271	324.1313937337301	780.0442576914861	4.42651104342518
12.741424819004157	1.822508837415063	792.461453516622	108.51330126128413	324.120010821917	780.7991812579883	4.429865460992424
12.740115508446351	1.8223062670505772	793.1351059959502	108.79225576324114	324.12651930543933	781.5490396914126	4.433181399623745
12.736415408486133	1.8221037472725765	793.8049913563515	109.07121026519818	324.1925540487747	782.2964565609155	4.436478043955345
12.735414082218465	1.821901309051671	794.4706782360219	109.3501647671552	324.1914065570261	783.0299186311012	4.439753183960042
12.734007698607895	1.8216989830812629	795.1294491559871	109.62911926911224	324.2003461063726	783.7584142419199	4.442992887096632
12.731050303589754	1.82149680501597	795.7848779604157	109.90807377106927	324.2479874001353	784.4842845538127	4.4462154598926915
12.7286461472691	1.8212948012259165	796.4357717983155	110.1870282730263	324.2818731511944	785.201383764296	4.449414786735721
12.727489167150607	1.8210929991517326	797.0808213078235	110.46598277498333	324.2846429495161	785.9096844238995	4.452584144081361
12.724673371587388	1.8208914301738996	797.7229102290792	110.74493727694036	324.3288876388621	786.6161418730717	4.45573831627036
12.722393646344178	1.820690120442489	798.3596542009376	111.02389177889738	324.3597853312789	787.315621982974	4.4588650688542515
12.72062146161503	1.8204890947184498	798.9920366436543	111.30284628085441	324.3780267960741	788.0069777870401	4.4619694378204215
12.72397868965967	1.8202883796627722	799.6218015752132	111.58180078281144	324.26782990591147	788.6847158073206	4.46506037329542
12.628603324258199	1.81272781756661	822.0498213196113	122.73998086109259	325.6552496436023	812.718873436198	4.574475355299806
12.532872306685146	1.8065314144516333	840.8729612760391	133.89816093937375	327.2082448518773	832.3911215651	4.665223916450234
12.433044765763675	1.8019468351758727	857.7649433227233	145.0563410176549	329.04849749943884	849.5001415609979	4.745729370718044
12.336862905683958	1.7989291918350712	874.5022134401452	156.21452109593602	330.98090180900573	865.8156007005689	4.824612168336782
12.24371750249659	1.797288410694522	891.2394835575665	167.37270117421716	333.0009802561097	882.12552094612	4.90264509686187
12.152138381597489	1.7968018557866663	907.9767536749881	178.53088125249832	335.1186271560615	898.4320392071105	4.979860408873518
12.063764545220291	1.7972565559928086	924.71402379241	189.68906133077948	337.2723912992023	914.7326558672361	5.056286049469363
11.978373064819975	1.7984624951650299	941.4512939098316	200.84724140906062	339.4462542760219	931.0275039404917	5.131950381769707
11.898332576138541	1.800255882551386	958.1885640272536	212.00542148734172	341.5637622584385	947.3120582847305	5.206879203604471
11.821515712312534	1.8024983906142606	974.9258341446752	223.16360156562288	343.6632353119847	963.589460434903	5.281096964307939
11.747895326553694	1.80507474378879	991.6631042620968	234.32178164390402	345.7301084105003	979.8593781206027	5.3546267049305625
11.677122927344701	1.8078898224758637	1008.4003743795187	245.47996172218518	347.7654058810078	996.1221191879818	5.427489752563096
11.608273092664591	1.810865737957611	1025.1376444969403	256.63814180046626	349.7821395796737	1012.3791286508127	5.499707784416618
11.545183743075526	1.8139391703759444	1041.8749146143618	267.79632187874745	351.6741179441735	1028.621983064545	5.571299308177077
11.488365276349091	1.817058951451501	1058.6121847317834	278.9545019570286	353.4230995211452	1044.847985052869	5.642283543910436
11.424403443066872	1.8201840429702616	1075.3494548492051	290.1126820353098	355.3666281737467	1061.0887795512308	5.7126781123710275
11.367672640636874	1.823281775449804	1092.0867249666267	301.2708621135909	357.13368221288465	1077.3099150320986	5.7824997312315345
11.313456529043231	1.826326381336571	1108.8239950840482	312.429042191872	358.8414223167614	1093.5221478419792	5.851764430932474
11.261571012167286	1.8292977701063742	1125.5612652014697	323.58722227015323	360.49217041977647	1109.7255350527212	5.9204875911512325
11.211049925341753	1.8321805052411768	1142.2985353188917	334.74540234843437	362.10856763260205	1125.922441902666	5.988683243183171
11.161764839972749	1.8349629592411982	1159.0358054363137	345.9035824267155	363.69148169658115	1142.1131171501233	6.056365764272073
11.120760698110379	1.8376366167354863	1175.7730755537352	357.06176250499664	365.0556767825127	1158.2755495412046	6.12354827954812
11.0741345683667	1.840195493390219	1192.510345671157	368.21994258327777	366.56673818760356	1174.4520213674828	6.190243712242028
11.027879875821679	1.84263565929027	1209.247615788579	379.37812266155896	368.0651264558731	1190.6247157927462	6.256463558047039
10.986483150786224	1.8449548501811537	1225.9848859060007	390.5363027398401	369.4329141673802	1206.7782872461903	6.322220052507308
10.94563027764905	1.8471521348831943	1242.7221560234225	401.69448281812123	370.7809517544272	1222.9266917200566	6.387524241601845
10.906533711245396	1.84922766430775	1259.4594261408445	412.85266289640236	372.0805185444472	1239.0655025732367	6.452386788846784
10.869551859930251	1.8511824325791653	1276.196696258266	424.01084297468344	373.31688013650006	1255.1929507520317	6.516817992420551
10.831862112429778	1.8530181113280222	1292.9339663756875	435.16902305296463	374.5707067342071	1271.319598364615	6.580827801355064
10.796292669866089	1.8547368961217439	1309.6712364931097	446.32720313124577	375.76377219396034	1287.4344365406541	6.644425543048599
10.760993240148736	1.8563413843962107	1326.4085066105317	457.48538320952696	376.9447222834991	1303.5446322432256	6.70762019603322
10.727393020314656	1.857834477535049	1343.1457767279533	468.64356328780804	378.0756706474604	1319.6441136945764	6.770421179385789
10.695544507021005	1.8592192948274398	1359.8830468453752	479.8017433660893	379.1542552406786	1335.7321848737058	6.83283614604995
10.663513181695206	1.8604991146319492	1376.620316962797	490.95992344437036	380.2357703490678	1351.8172166787622	6.89487415020886
10.631562981369838	1.861677311838638	1393.3575870802183	502.1181035226515	381.3131752403359	1367.8982245232037	6.956542092798709
10.601362207995493	1.8627573180617718	1410.09485719764	513.2762836009326	382.336638314705	1383.9672573739101	7.017848251560708
10.57277267180054	1.863742585277534	1426.8321273150614	524.4344636792138	383.31055525344493	1400.0244648427426	7.078799877324624
10.544514204189566	1.8646365568080663	1443.569397432483	535.5926437574949	384.2725640717643	1416.0759218813266	7.139403952322122
10.517117175917742	1.8654426472225307	1460.306667549905	546.7508238357761	385.2068556708552	1432.1188541623526	7.199667258734308
10.488686030110623	1.8661642171962045	1477.0439376673262	557.9090039140572	386.17119559653275	1448.1633375536526	7.2595963861163275
10.462117534814196	1.8668045675577136	1493.7812077847477	569.0671839923383	387.0775701467133	1464.1938478044806	7.319197738485804
10.437049781677644	1.8673669240947988	1510.5184779021693	580.2253640706195	387.93616177802085	1480.2117934956436	7.378477541092924
10.410747880267357	1.8678544305235831	1527.255748019591	591.3835441489007	388.83217169344067	1496.232704253946	7.437441846889073
10.386156491437468	1.8682701415561918	1543.9930181370125	602.5417242271818	389.6732772904489	1512.2395631852485	7.4960965427097275
10.360557315291356	1.868617021292614	1560.730288254434	613.699904305463	390.5459382645045	1528.248515405112	7.554447111515941
10.337446568458349	1.8688979355467579	1577.4675583718551	624.858084383744	391.3380363411461	1544.2380541409382	7.612498762726115
10.31408614215537	1.8691156593622709	1594.204828489277	636.0162644620251	392.1376740898674	1560.2249102510095	7.670257411780397
10.291228940348287	1.8692728642788454	1610.9420986066987	647.1744445403064	392.92055898688653	1576.204335258938	7.727727363636
10.26862886495256	1.8693721297999195	1627.6793687241202	658.3326246185874	393.6948528738679	1592.1778990304945	7.784914489530681
10.247193214114871	1.8694159384501419	1644.4166388415415	669.4908046968686	394.42993047298654	1608.139292529475	7.841822677139082
10.225348057373315	1.8694066792482553	1661.1539089589633	680.6489847751498	395.17810845800597	1624.0992919537389	7.898457341339276
10.203294368368818	1.8693466475442921	1677.8911790763846	691.8071648534309	395.93403333091567	1640.056758988937	7.954822956187263
10.183270368713242	1.8692380498041679	1694.6284491938065	702.965344931712	396.6204858153772	1655.995506261245	8.010923470275873
10.16279777504617	1.869083004992795	1711.3657193112276	714.1235250099932	397.32267558503037	1671.9330010964713	8.066763538382535
10.142995073937056	1.8688835477934715	1728.1029894286494	725.2817050882744	398.0009279494774	1687.8611727897232	8.122347363117465
10.123190920109801	1.868641626360011	1744.8402595460711	736.4398851665554	398.67987287566655	1703.7851236362267	8.177678977579184
10.104434928042664	1.8683591125766772	1761.5775296634927	747.5980652448367	399.3218774017454	1719.6963958487306	8.232762322322976
10.084949305042667	1.8680378003771916	1778.3147997809147	758.7562453231178	399.99026791241477	1735.609335372932	8.287601248116616
10.065680764657497	1.8676794097934009	1795.0520698983362	769.914425401399	400.65177226181993	1751.516395736463	8.342199518595827
10.047893070103648	1.8672855886853077	1811.7893400157575	781.07260547968	401.2596405914833	1767.4066122449326	8.396560812823713
10.035074541526798	1.8668579159906578	1828.5266101331795	792.2307855579612	401.68109699475383	1783.2484011215809	8.450688727758322
10.013309905558755	1.8663979061845755	1845.263880250601	803.3889656362423	402.43863447247685	1799.1648974003251	8.504586618775752
9.994448533176019	1.865907007752277	1862.0011503680225	814.5471457145234	403.0890471541907	1815.0518482876125	8.558257733454463
9.979300258063713	1.8653866096082174	1878.738420485444	825.7053257928047	403.5977445302474	1830.9001489018672	8.611705710788735
9.960978096621856	1.864838045064132	1895.475690602866	836.8635058710857	404.2298034933514	1846.7738766620928	8.66493381963144
9.948159526355985	1.8642625865479774	1912.2129607202876	848.0216859493669	404.6473966787828	1862.5900408521566	8.717944574496693
9.929786410895725	1.8636614534162392	1928.9502308377096	859.1798660276481	405.28362532889986	1878.4558771097888	8.770741792007447
9.916395209752064	1.8630358168673575	1945.687500955131	870.3380461059293	405.72292385344815	1894.2675564140268	8.823327930558646
9.895799964342903	1.8623867991492646	1962.4247710725529	881.4962261842104	406.452230119731	1910.1485252725538	8.875706296767493
9.88018383363456	1.8617154706063264	1979.1620411899744	892.6544062624915	406.9831776825343	1925.9744971213265	8.927879344233242
9.867938538636308	1.8610228616004965	1995.8993113073961	903.8125863407726	407.37655979555524	1941.759933895962	8.97985038206012
9.84876372744168	1.8602185041439139	2012.6365814248184	914.9707664190539	408.060694731184	1957.6157001633517	9.03162143912392
9.837135500969291	1.8595776988860178	2029.3738515422408	926.128946497335	408.44789980629815	1973.3846264475185	9.083195714813975
9.821246776528012	1.8588269941014985	2046.1111216596623	937.2871265756161	409.0271254437488	1989.1962766693155	9.134575791120882
9.805223091208408	1.8580587092674532	2062.848391777084	948.4453066538972	409.6427926098335	2005.0056474845212	9.185763870173728
9.79283129608173	1.857273673406027	2079.5856618945063	959.6034867321786	410.0968692617576	2020.7686111887206	9.236762580353613
9.778731400604059	1.8564726857124954	2096.3229320119276	970.7616668104596	410.6544605376219	2036.5469098395615	9.287574462270655
9.762187046498077	1.8555767580788292	2113.0602021293503	981.9198468887407	411.3656080349371	2052.350649384836	9.338201857982938
9.750486559376402	1.8548258677865854	2129.7974722467716	993.0780269670219	411.82993668139574	2068.091174573124	9.388647066697327
9.736459775644013	1.853981472253164	2146.5347423641933	1004.236207045303	412.45811993592713	2083.855829088431	9.438912345788212
9.721790686116995	1.8531239913409545	2163.272012481615	1015.3943871235842	413.1488021115316	2099.6245945155065	9.488999911786577
9.71211408235125	1.852254069671442	2180.009282599036	1026.552567201865	413.55091342478113	2115.324556826734	9.538911941340453
9.6965585441795	1.8513723265728061	2196.7465527164572	1037.7107472801463	414.368450109673	2131.096540042825	9.588650572147769
9.682304350454725	1.8503786401418902	2213.4838228338795	1048.8689273584273	415.14565409008094	2146.8477774566254	9.638217903862428
9.67882790559859	1.8495188526806454	2230.2210929512994	1060.0271074367085	415.1389190961291	2162.4478054827155	9.687615998974634
9.659963438155394	1.8486619746684485	2246.9583630687207	1071.1852875149898	416.35650146872416	2178.2534539263766	9.736846883666257
9.64549226535222	1.847738635457944	2263.695633186142	1082.3434675932708	417.31954902336673	2193.995489763489	9.785912548642091
9.63296759602574	1.8468062086397845	2280.4329033035647	1093.501647671552	418.1885531682793	2209.7062013304844	9.834814887251508
9.62280909322642	1.8458651742839094	2297.170173420986	1104.659827749833	418.8733948919125	2225.3782291632924	9.8835555230219
9.613275474744668	1.8449159952289584	2313.907443538408	1115.8180078281143	419.56069477146906	2241.0357984185603	9.932136657090112
9.596621890099618	1.8439591152172043	2330.644713655829	1126.9761879063956	421.3759746320392	2256.7950073174816	9.980560147468971
9.585189596896985	1.8429949584723786	2347.381983773251	1138.1343679846766	422.77136717885054	2272.4724151364376	10.02882743111471
9.574601465744106	1.8420239380312506	2364.1192538906716	1149.2925480629576	424.63212667158376	2288.1323152126274	10.07694046053249
9.555151374931482	1.8400628500582268	2397.593794125515	1171.6089082195201	721.0993626897014	2319.410329811417	10.172710603707785
9.545742972854356	1.8390735227398278	2414.331064242938	1182.7670882978011	725.8306741458753	2335.036596096149	10.220371152664127
9.52856674908333	1.8379802300623587	2431.0683343603596	1193.9252683760824	734.2890779681484	2350.7854938640717	10.26788379738539
9.521207704363414	1.8370790368220953	2447.8056044777813	1205.0834484543634	736.0860070888522	2366.36920021847	10.31525071652655
9.507825827382064	1.8360745325483299	2464.542874595204	1216.2416285326447	740.6350185899964	2382.0488521332077	10.36247284542126
9.496929845713435	1.8350656014096507	2481.2801447126253	1227.399808610926	743.6495178646627	2397.6827686427173	10.409552334701445
9.486856163567131	1.834052539327381	2498.017414830047	1238.557988689207	746.1287274360344	2413.2981724107203	10.456490152125646
9.476125810418246	1.8330356292987404	2514.7546849474684	1249.716168767488	748.7171527311535	2428.920638802374	10.503288100317373
9.469865548598879	1.8320151448174564	2531.491955064891	1260.8743488457694	749.5303502305711	2444.4588640254487	10.549947721902601
9.454999734093091	1.8309264364499538	2548.229225182313	1272.0325289240504	753.3949369736456	2460.147085201433	10.596469933582117
9.446980226343587	1.8299599860794329	2564.966495299734	1283.1907090023315	754.7274383426986	2475.7072553950798	10.642856586466197
9.435654690888834	1.8289348081845744	2581.703765417156	1294.3488890806127	757.1126930977553	2491.3237903430254	10.689109035251871
9.42708858837799	1.827885980433539	2598.441035534577	1305.5070691588937	758.5298225027036	2506.8844818176735	10.735228527914023
9.41592970935334	1.8268679092188667	2615.178305651998	1316.665249237175	760.7157326598169	2522.489924127405	10.78121620131543
9.406420515506179	1.8258311260430589	2631.9155757694202	1327.8234293154562	762.3370098828979	2538.05970612162	10.827073613519518
9.404020654030996	1.8247923991944788	2648.6528458868424	1338.9816093937372	761.7919810484366	2553.485021064557	10.872802026778293
9.389139056603286	1.8237519250274141	2665.390116004264	1350.1397894720183	764.958700396921	2569.1514818472624	10.91840268547154
9.380156604638557	1.8227098943789857	2682.1273861216864	1361.2979695502997	766.3299957767408	2584.6971378308963	10.963876816435999
9.371614847000513	1.8216664880402829	2698.8646562391073	1372.4561496285808	767.549694280482	2600.2292470312823	11.009225629287116
9.361454167723371	1.8206218864427532	2715.601926356528	1383.6143297068618	769.197591051026	2615.790253725937	11.054450316733588
9.35540209011772	1.8195762531097233	2732.3391964739503	1394.772509785143	769.6927184434857	2631.261093723331	11.09955205488484
9.340988625316397	1.818529752234165	2749.0764665913725	1405.930689863424	772.4286110827721	2646.9040111665345	11.14453200355166
9.337567688310706	1.8174825395729683	2765.8137367087943	1417.0888699417053	772.2096196484808	2662.308533141127	11.189391306540173
9.323768963856724	1.8164347633014761	2782.5510068262147	1428.2470500199865	774.7074559286038	2677.9323378129575	11.234131091939297
9.318763026613485	1.8153865691063948	2799.2882769436364	1439.4052300982676	774.9006621392757	2693.3601728186854	11.278752472401878
9.310356271491115	1.8143380893767653	2816.0255470610587	1450.5634101765488	775.9634650523661	2708.85775640634	11.323256545419689
9.297382142903151	1.8132894713141323	2832.762817178481	1461.72159025483	778.1603401155106	2724.454371224743	11.367644393592359
9.289280821080714	1.8122408281020808	2849.5000872959013	1472.879770333111	779.112417623603	2739.9373652216277	11.411917084890524
9.281081153078269	1.8111922869399941	2866.2373574133235	1484.0379504113923	780.0796547957585	2755.418116470708	11.456075672913249
9.27217199551942	1.8101439665536931	2882.9746275307443	1495.1961304896734	781.2105628262151	2770.9111082099157	11.500121197139867
9.26454569983106	1.8090959791316528	2899.711897648167	1506.3543105679544	782.0206633155074	2786.3696197974514	11.544054410357763
9.259298565676668	1.8080484317084817	2916.449167765588	1517.5124906462356	782.2563125702547	2801.766217638427	11.58787653271764
9.247985162201061	1.8070014308036457	2933.18643788301	1528.6706707245164	783.9345982733471	2817.3045338206207	11.631588598540239
9.24227186469923	1.8059550760603498	2949.923708000432	1539.828850802798	784.2769912591139	2832.7024276552474	11.67519159385352
9.228259112177792	1.8038646858766934	2983.3982482352753	1562.14521095936	785.5621586203094	2863.546512234848	11.762073423936837
9.217027710502423	1.8017779842710269	3016.8727884701193	1584.4615711159224	786.1884413781968	2894.299504719683	11.848529910804558
9.205946980535563	1.800736228440188	3033.610058587541	1595.6197511942034	787.7660787714608	2909.810304867249	11.891600826726165
9.194989922807748	1.7996956413623024	3050.3473287049633	1606.7779312724847	789.2969573673629	2925.3155142201285	11.934568153745118
9.185902670794697	1.798656298064716	3067.084598822385	1617.936111350766	790.3898513547925	2940.768487089617	11.977432440455628
9.179574610840023	1.7976182661002047	3083.8218689398063	1629.094291429047	790.8558447898367	2956.143618796486	12.020195025379435
9.170700952117386	1.7965816282726093	3100.5591390572285	1640.2524715073282	791.8904879380078	2971.583216194403	12.062856195219629
9.166515571255871	1.7955464376800976	3117.29640917465	1651.4106515856095	791.877465819288	2986.890040607458	12.10541733253661
9.156135314691317	1.7945127633966482	3134.0336792920716	1662.5688316638903	793.2406384455148	3002.36344700554	12.14787876679841
9.14953570815775	1.7934806650630246	3150.7709494094934	1673.7270117421715	793.7623848085198	3017.7278216230543	12.190241789150132
8.855133427824812	1.7446955879272503	3987.6344552805776	2231.6360156562287	813.1328765032537	3779.0957869143404	14.197709002272765
8.740406857086407	1.7227343093731473	4406.066208216128	2510.5905176132574	817.7381716957539	4154.416210177841	15.132996629177395
8.644934633067349	1.7024050193218192	4824.497961151665	2789.545019570286	819.7442630700732	4525.996842366033	16.03123988155433
8.559504040847914	1.683601473994041	5242.929714087211	3068.4995215273148	820.9590556360765	4894.243892293164	16.89711638832509
8.49167014271148	1.6661953968665613	5661.361467022755	3347.454023484343	819.6995276360885	5258.407277310081	17.734374361361663
8.422674555247958	1.6500573318419365	6079.793219958305	3626.4085254413717	819.7607025783941	5619.995981534983	18.546073939443676
8.371371682377966	1.6350654293468048	6498.22497289384	3905.3630273984004	817.0201864052532	5977.062615721475	19.334754072121836
8.316118298211201	1.6211086759746671	6916.656725829391	4184.317529355429	816.0397192422337	6331.894611574591	20.102549407272946
8.27111683479404	1.608087551660351	7335.088478764932	4463.272031312457	813.6152069548293	6682.741324057549	20.85127657217505
8.229519235184684	1.5959135611634676	7753.520231700477	4742.226533269486	811.1704791858225	7030.391516679283	21.58249669623132
8.192615091457625	1.5845082725030097	8171.951984636011	5021.181035226515	808.3240406801756	7374.6064781732985	22.297564015998717
8.159214003987191	1.573802238580697	8590.383737571568	5300.1355371835425	805.2716206887804	7715.499283277456	22.99766244962044
8.128685037991355	1.5637339281513358	9008.815490507113	5579.090039140572	802.0946188305044	8053.133962973994	23.68383455420143
8.100533451785779	1.554248731047015	9427.24724344265	5858.044541097601	798.8547980391905	8387.571670764002	24.357004182802633
8.076958687646059	1.545298080449928	9845.678996378203	6136.9990430546295	794.8986762089202	8718.208000919529	25.01799497451691
8.052473058852378	1.5368386759295143	10264.11074931374	6415.953545011657	791.6378612947144	9046.381439272953	25.66754489968977
8.034057600921216	1.5288318111648302	10682.542502249265	6694.908046968686	787.0702119360203	9370.154393758698	26.306318478501773
8.011512661250755	1.5212426512831196	11100.974255184805	6973.862548925715	784.0873356169009	9692.482628583115	26.93491668306293
7.993761856610406	1.514040436221677	11519.406008120352	7252.817050882743	780.0253861807067	10010.660709215857	27.553885068049677
7.979544516953526	1.5071966441072289	11937.837761055895	7531.771552839771	775.1053430333036	10324.898020384258	28.163721149371767
7.951241030011203	1.4944855894710087	12774.701266926992	8089.6805567538295	765.8061779653946	10945.139283882976	29.3577783125375
7.93683163203825	1.4885744423647596	13193.13301986253	8368.635058710857	761.5480197065236	11251.398938830027	29.94280088110336
7.924589557870191	1.4829335766068283	13611.564772798081	8647.589560667886	756.5464307067062	11554.09483329402	30.520301980995445
7.9119392389568715	1.4775456485999499	14029.996525733623	8926.544062624915	751.7928697781603	11854.37643531552	31.090609456305184
7.902978481720275	1.4723947998288422	14448.428278669147	9205.498564581943	745.0921133396881	12150.220207835746	31.65402755880083
7.893367279386427	1.4674664997347966	14866.860031604696	9484.453066538972	738.210174291677	12443.736672662342	32.210839084108315
7.884644322894776	1.462747406159621	15285.29178454023	9763.407568496	729.5633857253633	12734.147284875118	32.761307442299724
7.876828992156684	1.4582252446983892	15703.723537475777	10042.36207045303	715.0593796193962	13021.41217047518	33.30567861807954
7.8695940492359835	1.4538887043120348	16122.155290411345	10321.316572410058	422.40037095744185	13305.703565663793	33.84418258127349
7.862478225338964	1.4497273394627794	16540.587043346884	10600.271074367085	420.0735547391003	13587.322272793686	34.37703487443049