28.382674912641598	0.08186168569606778	35.01889990375193	0.11158180078281144	0.21926186974739212	29.42314902622758	0.2294761402266479
27.641770240697547	0.08321373215704085	56.00181385488425	0.22316360156562287	0.16964892259207845	45.838738242152175	0.36638318336958964
26.83433892584748	0.08412053650494968	72.04827648580353	0.33474540234843436	0.14312977282693629	59.51381247828058	0.4708744562489539
26.655930269292238	0.08653140692622104	81.10687321179608	0.44632720313124574	0.11056400213515243	70.98732377518685	0.5297225169962301
25.816045958412317	0.08964351049144294	90.14122176324858	0.5579090039140573	0.09426161745451377	78.92916323992486	0.5884123560085507
25.451051158211904	0.09350046837589743	97.0036548044807	0.6694908046968687	0.07779391829530728	86.16443379375457	0.6325701430209831
24.855847209691294	0.09808655508433774	101.2552516467268	0.7810726054796802	0.06453063827295169	94.31189347921516	0.6592591071310896
24.32310177534585	0.10346828854058623	105.5068484889729	0.8926544062624915	0.05211600959731342	98.68570597484772	0.6859480712411962
23.664735266102962	0.10924348253205567	109.75844533121902	1.004236207045303	0.045913258416911996	102.74687754579361	0.7126370353513027
23.16953222644875	0.11527397762293376	114.01004217346512	1.1158180078281146	0.039822476608935356	106.73892702634842	0.7393259994614093
21.085639411504353	0.14498324271397853	155.90785775491716	1.6737270117421714	0.024579935186544496	125.83977345392998	1.007105674007798
20.005104083901845	0.1593378085548415	171.57305132810038	2.231636015656229	0.022551073915638906	165.4093124538368	1.1076069269584288
16.183190446528954	0.19687056122931446	186.3409137350352	3.347454023484343	0.10792207838711798	182.98857978986848	1.2018718368989978
14.348394041657519	0.23954219695994375	199.4030996473659	4.463272031312458	0.8616188913887134	196.6662835374833	1.2847600053290777
13.4319532189566	0.2828444739218807	211.10252864537003	5.579090039140572	6.1664181795319655	208.63501874023845	1.3585951425864136
12.914766013279989	0.3252012912831808	221.78460787565672	6.694908046968686	18.183264001672644	219.4352246697054	1.4256638771084518
12.60184805291816	0.36604238127006494	231.67868214257538	7.810726054796801	38.566193518344285	229.375287505677	1.4874824634750266
12.403079471017584	0.40518636947284276	240.9409219855875	8.926544062624917	62.42040956825144	238.64422034753207	1.5450849921695344
12.270997063891086	0.44261881896450517	249.65441436227215	10.042362070453029	81.6464663435753	247.3554685138641	1.5990334929674461
12.181203049780411	0.4784104693417999	257.880639377759	11.158180078281145	97.09570384742528	255.56586694262015	1.6497473707751402
12.118984640175023	0.5126549640017599	265.69370329275864	12.273998086109259	106.0016368643523	263.3533056543357	1.6977148119508492
12.075101045009923	0.5454482794129292	273.1525371184713	13.389816093937375	115.25205795563402	270.7795823864282	1.7433245883106785
12.044923098019046	0.5768834238055177	280.3020687646779	14.505634101765487	124.46155138197132	277.89130456940154	1.7868733630932574
12.023175343167022	0.6070481368087831	287.17898422937736	15.621452109593601	136.29621410492928	284.7274603458462	1.8286036721622652
12.011647566614808	0.636024034251564	293.8124474713159	16.73727011742172	166.9917710402322	291.3167172170953	1.8687088450308438
11.99752518747084	0.6638882280813406	300.2157800629274	17.853088125249833	172.3583024905678	297.68308463494304	1.9072840217320894
11.989142041380923	0.6907141832370042	306.4081317760672	18.968906133077947	176.69024983040427	303.83594066965844	1.9444580355412175
11.980817497023176	0.7165684139554366	312.40917284206444	20.084724140906058	180.87244000471185	309.7976283507562	1.9803603209947946
11.981769440409558	0.7415408065518909	317.85075026672786	21.200542148734172	184.70889437052068	315.5067297842579	2.0128085548166124
11.98052588091296	0.7658240657535084	322.73747418563204	22.316360156562286	188.49798587963986	320.4459919007957	2.0418522882994674
11.98087700727186	0.7894986410134354	327.3271202035726	23.4321781643904	192.16610526257023	325.0933335644673	2.0690428732033346
11.983368703966551	0.8126215426418587	331.63889747933047	24.547996172218518	195.70036388545887	329.46300894678035	2.094506588442596
11.983361129998453	0.8352416092015413	335.69436901363014	25.663814180046632	199.2158118350855	333.57825002027727	2.118381881269392
11.986568559605859	0.8574001165019091	339.5189994388769	26.779632187874743	202.58226013116916	337.45722926747106	2.1408294995183472
11.990594986772646	0.8791317229567865	343.13318109531104	27.89545019570286	205.86465337471688	341.12397238587755	2.1619775130638286
11.99474336186981	0.9004654250589891	346.5589607697935	29.011268203530975	209.08764057600132	344.5971156575772	2.1819634602621347
11.998880108104714	0.9214257131303174	349.81416361852314	30.12708621135909	212.26017341486522	347.89623980708814	2.2008984518183525
12.004046765690392	0.9420332894297114	352.9147257206204	31.242904219187203	215.35978116306782	351.03568192932636	2.218881143066963
12.00935940712397	0.9623055971668981	355.87668869713536	32.35872222701532	218.41226821677495	354.0345841408669	2.2360105421309946
12.01373220929861	0.9822575502054511	358.71261284789193	33.47454023484344	221.44962879889027	356.90291191726345	2.252364051144331
12.022222087608494	1.0019019279277859	361.43529316849595	34.590358242671556	224.33955339532764	359.6539511300181	2.268020406097102
12.028487727064963	1.0212498361594409	364.0544080573869	35.70617625049967	227.25363505741257	362.29937054639333	2.2830390853895355
12.035154681201604	1.0403110166002385	366.5790000241607	36.82199425832778	230.1219806198398	364.84752413014826	2.297475606675215
12.04090602481727	1.0590941067498831	369.01747019359914	37.937812266155895	232.98428032280614	367.307324548309	2.3113815136770457
12.049069341076411	1.077606850190876	371.37717132256495	39.053630273984005	235.747650955069	369.68573745533246	2.3248018835307818
12.056530994395432	1.0958562155740181	373.661888984968	40.169448281812116	238.50109624988454	371.98735941368886	2.3377597847408875
12.063468709767365	1.1138485835471352	375.8812687882988	41.28526628964023	241.23940499247726	374.22132195063654	2.3503144442756843
12.070442988955968	1.1315898288618544	378.0363699919892	42.401084297468344	243.9468362132822	376.3904780571406	2.3624721041734342
12.078261160551873	1.1490853926025288	380.13527619596243	43.51690230529646	246.59715019021374	378.5015548322563	2.374282398771127
12.085965864551321	1.1663403446523815	382.1798125290136	44.63272031312458	249.2179804083029	380.5554730490028	2.3857563017030925
12.092191360903394	1.1833594962446403	384.1738660139418	45.7485383209527	251.85204920617196	382.5593977762934	2.3969175383755994
12.100293705880388	1.2001473652398886	386.121771751849	46.86435632878081	254.4006481828357	384.5154062711928	2.4077926379567685
12.108392619875776	1.2167082535381404	388.026296544273	47.980174336608926	256.9198974216259	386.42683158484164	2.418398433420139
12.117649590691263	1.2330462798502824	389.89005636249067	49.095992344437036	259.3750342130015	388.2960394616622	2.428750833489166
12.122755988438907	1.2491653903372586	391.7155216828293	50.211810352265154	261.92924159046026	390.1268504575443	2.438864856868534
12.133635038645442	1.265069388856017	393.50502280735714	51.327628360093264	264.27831348056804	391.9193731525916	2.4487546663134725
12.138105699385221	1.2807619464956657	395.26075514142445	52.44344636792138	266.7995442327171	393.6787311692117	2.458433602368839
12.14868399562623	1.2962466158264678	396.984784405498	53.559264375749486	269.10368389779745	395.40385639775315	2.4679142166448114
12.152298314224145	1.3115268471363026	398.67905176342884	54.6750823835776	271.6019408272944	397.1001801360987	2.4772083045236455
12.15928161570404	1.326605994435627	400.3453406196385	55.79090039140572	273.9692176271928	398.7668632932522	2.4863267282705515
12.15928161570404	1.326605994435627	400.3453406196385	55.79090039140572	273.9692176271928	398.7668632932522	2.4863267282705515
12.161541359824058	1.3303447566862818	400.7575949177818	56.06985489336274	274.5407684877145	399.18010983717744	2.4885791918028404
12.163462026919722	1.3340711899113884	401.16850682752994	56.348809395319776	275.1219490099848	399.58978484814804	2.490823204545079
12.16531229999189	1.3377853760082956	401.57712538767186	56.6277638972768	275.7033283372075	399.99939943511293	2.493052779874042
12.166710932222754	1.3414873385663308	401.9852933981032	56.90671839923384	276.2978036385744	400.4063891811823	2.4952795151984666
12.169202354458205	1.345177144150953	402.3903542603227	57.185672901190856	276.8559006691584	400.81216985431155	2.49748666485939
12.170846400419093	1.3488548370069056	402.7954151225421	57.464627403147894	277.4397157594863	401.2163991367754	2.4996938145203136
12.172545488213192	1.352520457012776	403.1974780717839	57.74358190510491	278.01990307674635	401.6187975303769	2.5018820417043566
12.17405344163215	1.3561740714740043	403.59905815163137	58.02253640706195	278.6051456985889	402.02048366466045	2.5040672210731296
12.175613004273801	1.3598157045498311	403.99868672664996	58.301490909018966	279.18758179873277	402.4194069500135	2.506240065478878
12.180438220100244	1.3634454326820882	404.3968618347751	58.580445410976004	279.66138386931306	402.81747401349253	2.5084037228920417
12.17950925138722	1.3670632741674682	404.7941636455685	58.859399912933036	280.3216113137028	403.2138998529443	2.5105618523123514
12.184070050293268	1.3706692998666263	405.18900850724634	59.13835441489007	280.80157048812924	403.6086001433565	2.5127044291863987
12.18337556239641	1.3742635448740477	405.5838533689241	59.41730891684709	281.4512325458679	404.0026828692808	2.5148470060604464
12.184950512117146	1.377846058100944	405.97567418499654	59.69626341880411	282.0254018436241	404.39480060164954	2.5169704112637534
12.184687382758325	1.3814168935887194	406.3672624595435	59.975217920761146	282.65885834684184	404.7865872974638	2.5190923422136464
12.188548191484243	1.3849760781512843	406.75702870743413	60.25417242271817	283.1552210516228	405.1748229355519	2.5212027034343927
12.1900273947488	1.3885236846477749	407.1454330075101	60.53312692467521	283.72820838760686	405.5636744882365	2.523304416391255
12.19396743698747	1.392059734865154	407.53323587786747	60.812081426632226	284.2188705192119	405.94907126058905	2.5254023039008944
12.19355890411908	1.3955842906721012	407.9185277886563	61.091035928589264	284.8517397861303	406.3351986197913	2.5274842202288523
12.195166141440655	1.3990973933818782	408.30381969944517	61.36999043054628	285.41621663961547	406.71928397717295	2.5295661365568103
12.196685947281937	1.4025990774894432	408.68670369986927	61.64894493250332	285.9825706562362	407.10176366537297	2.531632710244798
12.197469692759833	1.4060894089991498	409.06895379813454	61.927899434460336	286.5723222375778	407.48422806972087	2.5336952448569368
12.19895705643476	1.4095684068823022	409.45011189471273	62.206853936417374	287.1365967879172	407.8636434745473	2.535750808698787
12.202399815180705	1.413036139082226	409.82938976772266	62.4858084383744	287.6345483314707	408.24254367445894	2.5377943701721977
12.2031050939844	1.4164926377668066	410.2086676407325	62.76476294033144	288.22289257655007	408.6202742077099	2.5398379316456077
12.203694043304811	1.4199379452030785	410.5852721810117	63.043717442288454	288.81319588528476	408.99691660575957	2.5418643951252102
12.207244051783345	1.4233721160162653	410.96164644532985	63.32267194424548	289.30307582610055	409.37229648202674	2.5438893858150955
12.208319689901248	1.4267951759855344	411.3367401503145	63.60162644620251	289.8750319014584	409.745872996031	2.5459061698649412
12.2105694707384	1.430207189990199	411.71027847045224	63.88058094815954	290.4053493313402	410.11913892947666	2.5479129860177694
12.212085340048635	1.43360818473286	412.08381679059	64.15953545011656	290.9594850385695	410.4906482179904	2.5499198021705975
12.21367119482896	1.436998206414799	412.45469656280494	64.4384899520736	291.5101740509821	410.8612183997495	2.551909544744734
12.216855160943204	1.4403773072883812	412.8254656697314	64.71744445403063	292.004633491413	411.2308873863271	2.553898576610406
12.217017092305127	1.4437455110592738	413.19502838147366	64.99639895598766	292.60066807650713	411.5990268255786	2.5558798437342976
12.215117122850746	1.4471028816952693	413.56309409098066	65.27535345794469	293.2657288074262	411.9677068923367	2.5578514756773174
12.218587895103534	1.4504494467119686	413.9311598004876	65.5543079599017	293.74616934607803	412.33322011401214	2.5598231076203373
12.220934238613323	1.4537852493521648	414.2968237524418	65.83326246185874	294.26365858539015	412.69804858277195	2.5617792453629455
12.22194333391883	1.4571103408760393	414.66225098335997	66.11221696381577	294.8256298062311	413.06298735521426	2.5637338559725724
12.22511195617169	1.4604247452932873	415.0267714275387	66.3911714657728	295.3115665043989	413.42492784245917	2.5656826025630135
12.228514270654644	1.4670217045751937	415.75247701206604	66.94908046968686	296.38048879392727	414.14823351567264	2.5695585269617367
12.229741740790534	1.470304325183591	416.11339061638677	67.2280349716439	296.92878119191766	414.50806937136747	2.571483916982094
12.22894555390224	1.4735764440669283	416.4737321489444	67.50698947360091	297.5457522624866	414.8684365513707	2.573405598136255
12.232054464878276	1.4768380784597275	416.8336566080953	67.78594397555796	298.02679406513454	415.2254481916167	2.5753245681216295
12.235409520076365	1.48333010765212	417.54944182523116	68.34385297947202	299.08324754182456	415.939058149336	2.579136092167555
12.237590758450546	1.486560564404959	417.90602926706924	68.62280748142904	299.5916357905235	416.2936102679871	2.5810333463492494
12.239585208472258	1.4897807176793367	418.2615344617266	68.90176198338607	300.1052712182954	416.64820649211464	2.5829235458098743
12.24083814656743	1.4929905941972608	418.6170396563839	69.1807164853431	300.6436411763916	417.0014283616371	2.584813745270499
12.24117398282149	1.4961902322178353	418.97044740640825	69.45967098730013	301.2118899907421	417.35404173606844	2.5866902323678502
12.245086812430507	1.499379683994025	419.32362588903004	69.73862548925715	301.6546721658884	417.7057017981466	2.588565220594689
12.245217238140453	1.5025589692066403	419.6762721731962	70.01757999121418	302.22789224442147	418.0560466709894	2.59043671881426
12.245855752196496	1.5057281425407316	420.02718385472326	70.29653449317121	302.7818033607657	418.4062143663774	2.5922968419992856
12.248561748498679	1.5088872403479987	420.3780955362503	70.57548899512823	303.26256232417444	418.7551500879959	2.5941569651843106
12.249006050839723	1.5120362877860958	420.7278000991416	70.85444349708526	303.82082152869197	419.1030678377613	2.5960091469203967
12.256725187084015	1.515175341834302	421.0765041166848	71.13339799904229	304.12240463311696	419.4490426328842	2.597854746221619
12.252560930103726	1.5183044285256146	421.42520813422806	71.41235250099933	304.8403826958399	419.79686966729497	2.5997003455228413
12.252731438832424	1.5214235838838366	421.7721118291818	71.69130700295635	305.4042483434992	420.1426142595638	2.6015340606968635
12.256307572932782	1.5245328590806058	422.11866656295933	71.97026150491338	305.84720612063404	420.48744535802115	2.6033654723398247
12.257734931557064	1.5276322746992719	422.46499643678334	72.2492160068704	306.36455899752815	420.8309829430202	2.6051953943796065
12.258987259021612	1.5307218785805288	422.80945952688825	72.52817050882744	306.8865393047146	421.1742493491742	2.6070129497577432
12.260767224642233	1.533801709881275	423.1539226169931	72.80712501078446	307.38907566639756	421.5171504816583	2.6088305051358796
12.261812587204957	1.5368717923823498	423.4976602126724	73.08607951274149	307.9157654373597	421.8583452891299	2.6106432364506587
12.262266609270021	1.5399321782247406	423.8400885756699	73.36503401469851	308.46246428339344	422.1996946822291	2.612447262224524
12.262382820606973	1.5429828982173739	424.1825169386674	73.64398851665555	309.02040266596873	422.5404482681503	2.6142512879983886
12.26635927935817	1.5460239795593542	424.52378791414276	73.92294301861257	309.43880549118705	422.8787829683299	2.6160475876412197
12.268070130708775	1.5490554744228764	424.86423775949464	74.20189752056959	309.9372227906736	423.21771908689664	2.617838405836557
12.26902211625625	1.5520774108714817	425.2046876048465	74.48085202252663	310.4610683679426	423.55578315383417	2.6196292240318955
12.270639051661307	1.5550898189255	425.5436125942181	74.75980652448366	310.9599789807336	423.89273004806233	2.6214098209366985
12.272001525612477	1.558092751745766	425.88213944053354	75.0387610264407	311.46710111621167	424.22973911482694	2.623187749041363
12.273852788091345	1.5610862237500578	426.220666286849	75.31771552839771	311.95476627049305	424.5652143185586	2.6249656771460272
12.275201847181389	1.5640702818158159	426.5573610426453	75.59667003035476	312.45978001334254	424.9002689651814	2.62673127100525
12.276484663234337	1.5670449655261474	426.894019733756	75.87562453231178	312.9655698349028	425.23533657036427	2.6284966220649606
12.277611788580334	1.570010298745346	427.23040923679076	76.1545790342688	313.47582790317693	425.5687725634799	2.6302601525365663
12.2791230304366	1.5729663240845926	427.5652539576493	76.43353353622582	313.97134819367153	425.9018740449281	2.632013235249497
12.280856381694585	1.5759130782949962	427.9000986785079	76.71248803818287	314.45697070117643	426.23486706639375	2.633766317962428
12.27975413159991	1.578850584970928	428.23442182230474	76.99144254013989	315.0247883642517	426.56682810393164	2.635515856028483
12.28218633462881	1.5817788892825906	428.56750611470477	77.27039704209692	315.43343831261103	426.8978245466657	2.637256974838677
12.284826305362882	1.5846980251629013	428.90059040710486	77.54935154405395	315.8336771105259	427.22849808829596	2.638998093648871
12.285867077045939	1.5876080168786357	429.2329497542429	77.82830604601098	316.2825453950783	427.55807480478296	2.6407342605318274
12.288184654249383	1.590508910103638	429.56432653235987	78.10726054796801	316.6885026546234	427.88729739497734	2.642463715721429
12.287724041021947	1.5934007342751633	429.8957033104769	78.38621504992503	317.181043787144	428.21684653943726	2.644193170911031
12.288672164042941	1.5962835159238635	430.2261970693979	78.66516955188207	317.62583326010736	428.54470001730454	2.645916561839139
12.291838931983321	1.5991573045715832	430.55591863514894	78.94412405383909	317.9973541161877	428.8719397448	2.6476346496194467
12.292352402220597	1.602022118970976	430.88564020089996	79.22307855579612	318.45142247780916	429.1993496822289	2.649352737399755
12.293943551134767	1.6048779956127834	431.21436235541097	79.50203305775315	318.86878446439755	429.5253286860261	2.6510639224009007
12.295687685965087	1.607724973506244	431.5424804136325	79.7809875597102	319.27873220100076	429.85125886612695	2.6527709350022266
12.295822581269206	1.610563081055512	431.87059847185407	80.05994206166721	319.7377964253884	430.17699290891045	2.654477947603553
12.299270453175202	1.613392347853896	432.1976389081622	80.33889656362425	320.08893307706717	430.50081353582755	2.6561774722828217
12.299367206504343	1.6162128163649458	432.52420458160503	80.61785106558126	320.5442330072329	430.8255528420236	2.6578736980431583
12.301087278950819	1.6190245100786873	432.8507702550478	80.89680556753831	320.9456800264234	431.14915650730217	2.6595699238034953
12.301742141545157	1.6218274618461295	433.1762148863732	81.17576006949533	321.37849355512935	431.4721519635386	2.6612583101047176
12.303224267671986	1.6246217106523417	433.50127873051224	81.45471457145234	321.7828284509079	431.79491303743555	2.66294403355721
12.304570623930276	1.6274072835046065	433.8263425746513	81.73366907340937	322.18902623261414	432.1170113453903	2.6646297570097026
12.30575541010288	1.6301842083196452	434.15027346346136	82.0126235753664	322.5982426113314	432.43831513051447	2.6663075039612543
12.30549125264189	1.6329525278993462	434.47388548112065	82.29157807732344	323.0501994343015	432.76001818661064	2.667983005920467
12.308319385389403	1.6357122649841982	434.7974974987799	82.57053257928045	323.4034085626227	433.0801744301756	2.66965850787968
12.30960823636642	1.6384634507750349	435.11999297669377	82.84948708123748	323.8017945785164	433.399953808327	2.6713260923248114
12.310918770878672	1.6412061243420566	435.442202632484	83.12844158319453	324.198344255438	433.7197216032749	2.672991649971795
12.31237756309989	1.6439403097628178	435.7644122882743	83.40739608515156	324.5866054539332	434.03880853700525	2.6746572076187785
12.313345819372724	1.6466660368768193	436.08554707368387	83.68635058710858	324.9895696013591	434.3572312083778	2.6763150849307498
12.314519550230813	1.6493833448289434	436.4064033082525	83.96530508906562	325.3818457930368	434.67559117908934	2.6779709718968947
12.31563153844226	1.6520922587760922	436.72725954282106	84.24425959102264	325.77589121194785	434.99339685305125	2.679626858863039
12.31701288250599	1.6547928043430613	437.0471048562787	84.52321409297967	326.1571999876211	435.3103061324334	2.681275463645357
12.31850558162698	1.6574850263279948	437.3666561003704	84.80216859493669	326.534604705394	435.62717811828645	2.68292195009504
12.319876587720184	1.6601689415119252	437.68620734446205	85.08112309689372	326.9123702062197	435.94360181493346	2.684568436544723
12.318531675523111	1.6628445833162924	438.00483102188366	85.36007759885075	327.37210991226533	436.2599332425311	2.686208183316761
12.321834026281213	1.6655119864923333	438.32312521021083	85.63903210080777	327.6865533113458	436.574939943055	2.6878455360287763
12.323074702945487	1.668171179115018	438.64141939853806	85.9179866027648	328.06203518608794	436.8901602530451	2.6894828887407916
12.324416980703884	1.670822183978108	438.9588860022732	86.19694110472183	328.43302732079195	437.2044285838092	2.6911141726090992
12.325460263249326	1.6734650429239275	439.2759705871949	86.47589560667886	328.80964335352746	437.5187749871454	2.6927426550568705
12.326766778952493	1.6760997773710653	439.59305517211664	86.75485010863589	329.1780829132898	437.83279455672584	2.6943711375046417
12.326842927589485	1.6787264142401852	439.90942609993715	87.03380461059292	329.5790834866228	438.14616975039206	2.6959943348202384
12.341592316199286	1.6813449923621588	440.2253480649449	87.31275911254995	329.5354829444177	438.4553311567898	2.697614207250813
12.330099999922492	1.6839555333930198	440.5412700299528	87.59171361450699	330.2835521293827	438.77190079352823	2.6992340796813874
12.331545383742792	1.6865580654500432	440.8566036220116	87.870668116464	330.6381719201555	439.08367603409863	2.7008495486833466
12.332772229656802	1.689152624863244	441.1714094950215	88.14962261842105	330.99763283339746	439.3955075097051	2.7024610681951637
12.333587695927553	1.6917392353262537	441.48621536803137	88.42857712037807	331.3663127776192	439.70745058751686	2.704072587706981
12.332806348091381	1.694317921271611	441.800567011845	88.70753162233508	331.7820834435979	440.01873736688907	2.705680669152611
12.33574918622251	1.6968887204163658	442.11430287829387	88.98648612429211	332.08279945002835	440.32891244385615	2.7072840897720463
12.34071346285315	1.6994516562410682	442.4280387447428	89.26544062624914	332.3226687413198	440.6384911507999	2.7088875103914813
12.338176902156722	1.7020067534634462	442.74146097824956	89.54439512820618	332.78351925010645	440.94932392841827	2.7104885281734137
12.338839536650546	1.7045540458717328	443.05417249399505	89.8233496301632	333.146882795978	441.25904140896847	2.7120841009300904
12.338773554565195	1.707093561100211	443.36688400974055	90.10230413212022	333.53040729378614	441.5689661774863	2.7136796736867677
12.341372795004945	1.7096253223460678	443.67942662248964	90.38125863407727	333.8320061920837	441.87739042123275	2.7152739354372577
12.342536856236176	1.7121493613726613	443.9911590265115	90.6602131360343	334.1755551892505	442.1858910850584	2.7168619084381307
12.341895608441089	1.7146657056367975	444.30289143053346	90.93916763799132	334.56859766147494	442.4949148205422	2.718449881439004
12.344800562752354	1.7171743784488962	444.61460156305765	91.21812213994835	334.85646176486495	442.8023789539315	2.720037679121766
12.344845363791864	1.719675412101524	444.9253996899596	91.49707664190538	335.22664491925605	443.11018231258987	2.7216182976239653
12.34692169981547	1.7221688334885867	445.2361978168614	91.77603114386241	335.5342568527379	443.41738250343025	2.7231989161261643
12.347714733276902	1.7246546657675341	445.54699594376336	92.05498564581943	335.87901894334175	443.72464123968257	2.7247795346283636
12.349748332390403	1.7271329367426713	445.8570283505978	92.33394014777646	336.184482226894	444.03087848654934	2.7263540330984775
12.350035620260254	1.7296036782618591	446.1669366429075	92.61289464973349	336.5391407271942	444.33762407896694	2.7279275395809113
12.351162485660396	1.7320669124105328	446.4768449352173	92.89184915169052	336.86865152334775	444.64400430794393	2.729501046063345
12.352104688823912	1.73452266290835	446.78617564712846	93.17080365364754	337.1996852243607	444.9496246048755	2.73106985946543
12.352893584334616	1.7369709634666926	447.09523816739585	93.44975815560458	337.53496103255026	445.2552843999636	2.73263649369915
12.353307495717527	1.7394118381778212	447.4043006876632	93.7287126575616	337.87828156645304	445.5610513432959	2.734203127932869
12.355525176566418	1.7418453068464603	447.71296910893733	94.00766715951863	338.16794181739556	445.8654819398255	2.7357665020172366
12.355927902581067	1.7442714045314847	448.0212295516266	94.28662166147566	338.5094619051778	446.1703638677986	2.737326501134548
12.356514615456014	1.7466901545131068	448.3294899943159	94.56557616343271	338.84144582697155	446.47518539766605	2.73888650025186
12.358433959604227	1.7491015777452532	448.6375332723221	94.84453066538973	339.1349926616468	446.7790415800491	2.740444667417005
12.35952826046824	1.7515057057013257	448.9450349754985	95.12348516734676	339.450878006954	447.0828659260081	2.741998265979334
12.36040189225692	1.7539025630974547	449.25253667867486	95.40243966930377	339.7696847130807	447.3867503070964	2.7435518645416623
12.36094722513927	1.7562921726268168	449.5599897947609	95.68139417126082	340.0976397700443	447.69039219906676	2.745105044367167
12.362423362772708	1.7586745616013448	449.86677575156835	95.96034867321784	340.396722264023	447.9932932521639	2.746652474431663
12.363394374287587	1.7610497568019523	450.1735617083758	96.23930317517487	340.70806755669037	448.29634057610946	2.7481999044961585
12.365679381619481	1.7634177804384294	450.4803476651832	96.51825767713188	340.98197758736114	448.59885979854	2.749747334560654
12.365414052271053	1.7657786583980772	450.78657043719767	96.79721217908893	341.32477048331316	448.90152328575886	2.751289795449861
12.366027253990662	1.7681324162938215	451.09268330712615	97.07616668104595	341.64150968534693	449.203913381106	2.752831286634742
12.36655780765487	1.77047907869902	451.3987961770546	97.35512118300298	341.96014493444994	449.50632506298274	2.754372777819624
12.36796415556706	1.772818669809613	451.70453494483473	97.63407568496	342.25033902220974	449.8078341594024	2.7559108813938344
12.367985408484147	1.7751512158096603	452.01001706477496	97.91303018691704	342.5790009975484	450.1096839574822	2.7574466609424673
12.369826405669546	1.7774767397283202	452.3154991847151	98.19198468887407	342.85573071110537	450.4109705502437	2.7589824404911
12.377892949897157	1.779795265495154	452.6207826504805	98.47093919083109	342.9564827745296	450.70993248124915	2.760516368653934
12.373534622809661	1.7821068184446138	452.9256760455637	98.74989369278813	343.4018209199029	451.01245003974196	2.762046661497637
12.372575125291064	1.7844114233833737	453.23056944064683	99.02884819474517	343.7515445708353	451.31391755305845	2.7635769543413393
12.372887432367051	1.786709102409781	453.5354245003857	99.30780269670218	344.0629690153504	451.61479802420484	2.765106878267568
12.374431996920228	1.7889998794841937	453.83977089460575	99.58675719865921	344.34012901945755	451.91485845208626	2.766631907087136
12.375703465928629	1.7912837801267645	454.1441172888257	99.86571170061625	344.6230266717381	452.2149972025058	2.768156935906704
12.376769734269693	1.7935608281271227	454.4484636830457	100.14466620257328	344.90911283767684	452.51519244353165	2.769681964726272
12.377414303021594	1.7958310438775873	454.7524099426405	100.4236207045303	345.2065742390797	452.81493885956456	2.7712030018097815
12.376955390403243	1.7980944561665868	455.05625076925645	100.70257520648732	345.5321078056621	453.1150192392338	2.772722987095729
12.379133253029488	1.8003510792487154	455.36009159587246	100.98152970844436	345.78346952026516	453.4142687156505	2.774242972381676
12.380277883804377	1.8026009491858677	455.6636993091076	101.26048421040139	346.062745254315	453.71347294124826	2.775760535667968
12.380949979080114	1.8048440822134413	455.9670757208237	101.5394387123584	346.3530061541955	454.0126452238579	2.777275695779473
12.382278510908229	1.8070805006729946	456.2704521325398	101.81839321431544	346.62314386624524	454.3116014475668	2.778790855890978
12.382448529191366	1.80931022675437	456.57374300358435	102.09734771627247	346.9245734778677	454.610752481731	2.7803050851478734
12.38364616011134	1.811533285815423	456.87669588250395	102.3763022182295	347.19625849326263	454.9092395769797	2.781815636370424
12.383258519499938	1.8137496993028122	457.17964876142355	102.65525672018653	347.5085006475869	455.2082232517216	2.783326187592974
12.385094104209688	1.8159594923583033	457.4826016403432	102.93421122214357	347.76042677649514	455.5064935117557	2.7848367388155237
12.384804285764751	1.8181626838571894	457.7852129929817	103.21316572410059	348.0680487941383	455.80498502901133	2.7863433703902225
12.387166962167514	1.8203593006828775	458.0877829603331	103.49212022605762	348.3019426245446	456.10261692468924	2.7878495269919505
12.388026544689255	1.8225493594087838	458.39035292768443	103.77107472801464	348.5759248776109	456.4007215803826	2.789355683593679
12.388572824591762	1.8247328845840805	458.6927255163758	104.05002922997168	348.85737541337517	456.69865946632956	2.7908594402064066
12.389753454132986	1.82690990095145	458.9949505437099	104.3289837319287	349.11876676240024	456.9962299933509	2.792361402574335
12.390378731962853	1.8290804317670137	459.297175571044	104.60793823388573	349.39477399519166	457.2939742440182	2.7938633649422635
12.39120063377719	1.8312444890907351	459.59932606349855	104.88689273584275	349.66522417510083	457.5915510481588	2.7953643563564423
12.392119529284287	1.83340210489058	459.90124465717406	105.16584723779978	349.9294201045999	457.88880994378525	2.7968623268629584
12.392754170956698	1.8355532982669234	460.20316325084957	105.4448017397568	350.2009549343652	458.1861542126461	2.798360297369474
12.394386037561928	1.8376980891285264	460.5050818445251	105.72375624171383	350.44564873004936	458.4831673369726	2.7998582678759902
12.39455413662292	1.8398364999700678	460.80675913023583	106.00271074367086	350.72649073403954	458.78035267225675	2.801352813115131
12.395163538064075	1.8419685545214617	461.10841119833685	106.2816652456279	350.9945236950539	459.0773440114676	2.8028470004006647
12.395826424520198	1.844094270506464	461.41006326643776	106.56061974758492	351.2609370491277	459.37431517700895	2.804341187686199
12.39711690424424	1.8462136694639881	461.71158850931835	106.83957424954195	351.5087660527333	459.6709255323023	2.8058333754656415
12.402651699036081	1.8483267764068194	462.01301373242376	107.11852875149897	351.64293515474577	459.9659771778745	2.8073239863493433
12.398347967423016	1.8504336077695227	462.3144389555291	107.39748325345602	352.0360522352005	460.26425953295166	2.8088145972330456
12.39748168091073	1.852534187511245	462.6158258111958	107.67643775541303	352.3373963857072	460.56138200980337	2.810304517819467
12.412843467003162	1.8546285352239986	462.9170636509433	107.95539225737006	352.210650121999	460.8528803769459	2.8117917573490576
12.400934896111043	1.8567166713344214	463.2183014906908	108.2343467593271	352.7984810326987	461.15341658117256	2.8132789968786485
12.401715627574264	1.8587986185248122	463.5195393304383	108.51330126128413	353.0533985211227	461.4497374093237	2.814766236408239
12.403227999471687	1.8608743953506905	463.8206523212057	108.79225576324114	353.2864485948728	461.74565370628886	2.816250805857794
12.406815202780063	1.862944023358936	464.12174202860155	109.07121026519818	353.4643388077359	462.0407962856729	2.8177348773580224
12.403765751049631	1.865007522586274	464.42283173599736	109.3501647671552	353.81524074998686	462.3381548318411	2.819218948858251
12.404384168539288	1.8670649116436278	464.7238697691849	109.62911926911224	354.06895383588073	462.6342233304037	2.820701615152662
12.40533866677091	1.8691162140313407	465.02485039265594	109.90807377106927	354.311719686341	462.93004862299506	2.8221827202723584
12.407037741789422	1.8732006334062823	465.626804767357	110.46598277498333	354.801976197095	463.52173661055946	2.8251446598150562
12.40894083296287	1.87523379099767	465.9277151605405	110.74493727694036	355.0168710053441	463.8170901732073	2.826622998572761
12.407580452579515	1.877260940902613	466.22862555372416	111.02389177889738	355.31530173308784	464.1135215978124	2.8281013373304655
12.408719724192753	1.879282100135603	466.5295359469077	111.30284628085441	355.5490080923808	464.4090973315122	2.82957967608817
12.408516601773682	1.8812972936789685	466.83042375048313	111.58180078281144	355.81580952436224	464.70507350062394	2.8310561770346383
12.436184988468577	1.957225644982682	478.8952573917723	122.73998086109259	364.7360918813612	476.5350834781636	2.889700089481134
12.4525262240954	2.0247623690824654	491.1551418573187	133.89816093937375	372.59582073451764	488.5063465806543	2.948193481424806
12.465516772735132	2.0848632956689817	503.8111332216143	145.0563410176549	379.4860365493911	500.8045608053848	3.0075060868854107
12.473311514254053	2.1383261898597246	517.0715841794133	156.21452109593602	385.6501370687369	513.6211169283021	3.0685888478856596
12.476017014413964	2.1858179968863247	531.1598517565193	167.37270117421716	391.2249825135821	527.1570703725745	3.1324141821176017
12.477308554367982	2.2278990356647683	546.3090333722478	178.53088125249832	396.2289861754547	541.6218229139777	3.19995523757259
12.470090160566297	2.26504587607937	562.7512481578149	189.68906133077948	400.9013142180886	557.2306659540227	3.2721361883181608
12.462120303814888	2.297675218054558	580.6580239981631	200.84724140906062	405.118474573067	574.1523150827064	3.349587346076005
12.452505189474644	2.32617061821871	600.0675916646397	212.00542148734172	408.9487466810168	592.4629216109207	3.4323456567356683
12.437103346937022	2.35090807195292	620.8069932639057	223.16360156562288	412.5312143236767	612.078927271025	3.519567670588403
12.420900379826382	2.3722722750536507	642.4810319583863	234.32178164390402	415.78904561763625	632.7068121897386	3.609523740928928
12.406361775817073	2.390656898593646	664.5902425411431	245.47996172218518	418.69937366265555	653.9129574258966	3.700127058612554
12.382753775415416	2.4064477324875764	686.699401273136	256.63814180046626	421.56582780419825	675.2878954493227	3.7896271347817962
12.361736691968877	2.420002478510621	708.520998209153	267.79632187874745	424.13840964088087	696.4899855422345	3.8769251010591637
12.338696928655033	2.43163775496828	729.9111961219995	278.9545019570286	426.5638561890102	717.340058867012	3.9615257538664324
12.31496024426875	2.441625586778951	750.8180199778787	290.1126820353098	428.83693135371544	737.7515985470535	4.043305495657648
12.290462693817021	2.45019598775903	771.2503698318756	301.2708621135909	430.9828223352531	757.7041407770765	4.122377395452352
12.266404541346192	2.457542052707914	791.2319114483054	312.429042191872	432.9884087351003	777.2149451338959	4.198904874983741
12.23962213134289	2.4638262470668377	810.7869397401839	323.58722227015323	434.9559822378748	796.3125929967791	4.2730455378724495
12.216020190760347	2.469185741732549	829.9423234757851	334.74540234843437	436.7390212724371	815.0073161427582	4.344960907497528
12.189887158301033	2.473736788966816	848.7300871407369	345.9035824267155	438.5054073173246	833.3368734349528	4.414823397500238
12.164146815187502	2.477578229205156	867.178513194863	357.06176250499664	440.1851613344972	851.3254019878319	4.482786238076395
12.138178809533189	2.480794614427665	885.3083710015864	368.21994258327777	441.804532981077	868.9976710367262	4.548970261851936
12.11256339127236	2.483458672561484	903.1378025044628	379.37812266155896	443.35347092809207	886.3705203591431	4.613480786460887
12.08673234483408	2.485633244812442	920.6848533253013	390.5363027398401	444.8555238354462	903.4626839641072	4.676419943314939
12.061327431630309	2.4873728127649377	937.9734873131014	401.69448281812123	446.29700865493356	920.2880733645746	4.737906833500839
12.03599480004666	2.488724742638391	955.018915019033	412.85266289640236	447.69346989642094	936.8694871133573	4.7980262157783935
12.010492731150034	2.4897304443933694	971.832960686526	424.01084297468344	449.05641375458515	953.2218581512504	4.8568479230716814
11.985538460989169	2.4904262707122533	988.4266513935623	435.16902305296463	450.3678989480748	969.3538669444558	4.9144369554130645
11.961027644164286	2.4908442402835753	1004.8099492588422	446.32720313124577	451.6337353261136	985.2757919315753	4.9708517784606085
11.936510247327574	2.4910126354777544	1020.9970392901045	457.48538320952696	452.8711371766625	1000.9982585272745	5.026164186519818
11.912152735420516	2.4909564871652705	1036.9987556794276	468.64356328780804	454.0777952909993	1016.5324234480003	5.080432446144992
11.888117218500787	2.490698023972185	1052.8223755064091	479.8017433660893	455.2506302688794	1031.8889515396943	5.133700272313588
11.864471915881724	2.4902570465581615	1068.4752192293563	490.95992344437036	456.3892365128195	1047.0748972873582	5.186011370309669
11.840870832297353	2.4896512442769096	1083.9636758517595	502.1181035226515	457.5071605870545	1062.0978303712238	5.23740399002833
11.817728677368375	2.4888964563874487	1099.2945680632852	513.2762836009326	458.59177390256906	1076.9623299092418	5.287917474596807
11.79492328102619	2.4880068850920827	1114.479728171147	524.4344636792138	459.64871131874577	1091.6745935419126	5.337605875075142
11.772503721284833	2.4869952843800918	1129.5261179108568	535.5926437574949	460.67743352514884	1106.2426001335577	5.386506336286826
11.750117363928132	2.4858731272995147	1144.438415003044	546.7508238357761	461.69173832159134	1120.677245692038	5.434647620253978
11.72818837937597	2.4846507678802223	1159.2206962143362	557.9090039140572	462.67744564458997	1134.9816751148269	5.482054918517849
11.706214475569181	2.4833375646836866	1173.8775002962923	569.0671839923383	463.65392154946306	1149.1618808248957	5.528755862071793
11.684891776616725	2.4819419976611194	1188.4126526936832	580.2253640706195	464.59627803330073	1163.2187814247602	5.574773902991559
11.663771891182158	2.4804717566998558	1202.8318273088012	591.3835441489007	465.52182490407614	1177.1579098699126	5.6201375378881995
11.642846122829761	2.478933828090244	1217.1421101149235	602.5417242271818	466.431720829239	1190.9828383197314	5.664879551224963
11.622257122345946	2.4773345579576524	1231.3465560905838	613.699904305463	467.3211436927716	1204.6991182997306	5.709019025322817
11.601919587146762	2.47567972382674	1245.448216484466	624.858084383744	468.1939309525867	1218.312350309197	5.752575054294239
11.581806486694587	2.473974593830633	1259.4500208871066	636.0162644620251	469.05168875196586	1231.825626626867	5.795565914191818
11.561682208532835	2.4722239816724176	1273.3542863876055	647.1744445403064	469.9044337522251	1245.242435954837	5.838006309606877
11.542265473741763	2.470432284376421	1287.1639995321034	658.3326246185874	470.7236108261339	1258.5621119439697	5.8799146151994375
11.522840592455035	2.468603531154883	1300.8826588521415	669.4908046968686	471.53860319308126	1271.7904287804724	5.921307898926353
11.503716004475756	2.466741412359785	1314.5171191776387	680.6489847751498	472.3371915868872	1284.928103369346	5.962215099301906
11.484999806741063	2.464849309154189	1328.0695677563706	691.8071648534309	473.11502700203675	1297.9774958920912	6.00264963431121
11.465845575145545	2.4629303199268446	1341.5418801111675	702.965344931712	473.9082236530557	1310.9492040155224	6.04262371735803
11.448251156676728	2.4609872900679304	1354.9358900554817	714.1235250099932	474.63201091696544	1323.8351875314083	6.082149238593281
11.430098085357441	2.4590228331139814	1368.2533909144618	725.2817050882744	475.377008962478	1336.6480100342694	6.12123777486142
11.41497320050171	2.457039353968523	1381.496112078987	736.4398851665554	475.9866567795274	1349.3700801614093	6.159900459468772
11.39427595480531	2.455039066165865	1394.6653847643727	747.5980652448367	476.8394377915798	1362.0505280425152	6.198146094992584
11.376879563005843	2.4530240120234197	1407.7648156139285	758.7562453231178	477.54544836897054	1374.64182923482	6.235991810369273
11.359611222056087	2.450996074679557	1420.797949795028	769.914425401399	478.24415990392856	1387.1626581357032	6.273452394413534
11.34281073411194	2.4489569887489844	1433.7663106186296	781.07260547968	478.92027185131997	1399.6129098130857	6.310537781295164
11.325950126963097	2.446908352755278	1446.6709200351288	792.2307855579612	479.5983631495044	1411.9995481695412	6.347255009675429
11.309281378361469	2.4448516437315457	1459.5132887001498	803.3889656362423	480.2666940968931	1424.3232009146948	6.383613881437563
11.29291372067472	2.4427882222987902	1472.2945460838566	814.5471457145234	480.920361450121	1436.5843420162496	6.4196219406417825
11.276811205333127	2.4407193463820716	1485.01573512483	825.7053257928047	481.5612884709193	1448.7843011644147	6.455286187181864
11.260730954032	2.4386461799421326	1497.6780036251537	836.8635058710857	482.2006454885043	1460.9257330754904	6.490614172891797
11.24491604437907	2.436569797846672	1510.282774658222	848.0216859493669	482.8274402342679	1473.0081883588473	6.525614191797807
11.230436348466165	2.434491195872939	1522.8337512557814	859.1798660276481	483.38904127814743	1485.025591006789	6.5603004632711865
11.213358156976163	2.4324112962210704	1535.3324824192566	870.3380461059293	484.07790447785345	1497.0048466320368	6.594680871646667
11.198793471178414	2.430330952491438	1547.779814980171	881.4962261842104	484.64387190685886	1508.9130980361786	6.628761289344247
11.183599749773954	2.428250948965888	1560.176710307563	892.6544062624915	485.24088800362614	1520.7747264651275	6.6625482124349285
11.168843394814806	2.426172012038868	1572.5240499803922	903.8125863407726	485.8169780014359	1532.5838008674623	6.696047626666053
11.153924581623034	2.424094815055216	1584.8225405446374	914.9707664190539	486.4015549940285	1544.3456757483566	6.72926446514408
11.139488044398401	2.42201997738154	1597.0729067984134	926.128946497335	486.9625583146092	1556.056249293748	6.762203735150763
11.125098189523545	2.4199480742720545	1609.27619318975	937.2871265756161	487.52172206504133	1567.7195223387566	6.794872243946518
11.110882990594723	2.417879636652173	1621.4327601950397	948.4453066538972	488.07285246675565	1579.3353796997715	6.827272693813992
11.096842870595966	2.415815156460681	1633.5463197033973	959.6034867321786	488.6157049808118	1590.9043203117662	6.8594192873002795
11.083081530363941	2.4137550904548752	1645.6186572751465	970.7616668104596	489.14487202084337	1602.4262355417814	6.891318566217859
11.069257151286314	2.411699861062585	1657.6505026368045	981.9198468887407	489.67845364580995	1613.9044761152913	6.922975660852744
11.055584005582665	2.409649853805115	1669.642498655021	993.0780269670219	490.20519418898164	1625.3384829047561	6.954395143945892
11.041716163325614	2.407605427523008	1681.5950489163004	1004.236207045303	490.74389990414574	1636.7343191385582	6.985580134902408
11.028948620047549	2.405566906577632	1693.5087087982674	1015.3943871235842	491.22393678956956	1648.0825725919638	7.0165346319827
11.018697388789354	2.4035345964848105	1705.384107377903	1026.552567201865	491.5655089251507	1659.3718043814347	7.047263039182584
11.0028293407559	2.4015087732373694	1717.2217463459444	1037.7107472801463	492.2196000994511	1670.6695038985947	7.077768978525606
10.98775521843391	2.3994896900880196	1729.0221215810025	1048.8689273584273	492.8327419376934	1681.9239517983794	7.108056013294228
10.977591557971806	2.3974775831695663	1740.7857566440516	1060.0271074367085	493.1715229594044	1693.10024703964	7.138127734351436
10.965322227647103	2.395472667049886	1752.5144167539022	1071.1852875149898	493.62933526617763	1704.2579234375655	7.167990848742649
10.952334730674599	2.3934751391338485	1764.2092095833245	1082.3434675932708	494.1304039908081	1715.3860198887878	7.197650318676321
10.939294082390491	2.3914851793911875	1775.870566015296	1093.501647671552	494.6359873828204	1726.4794730297315	7.227109335911179
10.927633127623881	2.3895029531300134	1787.4989123228213	1104.659827749833	495.0639901152551	1737.5258852729153	7.256371041900836
10.915530561694766	2.387528610216851	1799.094670236884	1115.8180078281143	495.5188406666138	1748.5422795054264	7.285438528705593
10.903467841760582	2.385562283495523	1810.65812525892	1126.9761879063956	495.97306953049707	1759.5261835569675	7.314314059274545
10.891984571656183	2.383604096869015	1822.189701058243	1138.1343679846766	496.3948967281744	1770.4727228903314	7.343000700485818
10.880013154206454	2.3816541600531536	1833.6898908195137	1149.2925480629576	496.8468418241733	1781.392347188428	7.371501906602719
10.86796366403745	2.379712571408224	1845.159064594199	1160.450728141239	497.30633922400443	1792.281588529772	7.3998203819706285
10.857045915501663	2.3777794197554556	1856.5973326311348	1171.6089082195201	497.6987437622166	1803.1292903022522	7.427957291194601
10.845360217490619	2.375854784507311	1868.0056068219014	1182.7670882978011	498.1395898401629	1813.953832253475	7.455917714193329
10.834368271506149	2.3739387345890095	1879.3855802194382	1193.9252683760824	498.53999438403383	1824.741632856096	7.483706751811731
10.823098806585216	2.37203133421491	1890.7379361072185	1205.0834484543634	498.95866879093035	1835.5023210506424	7.5113279674142985
10.812245274395607	2.3701326383887187	1902.0629627540222	1216.2416285326447	499.3541885843745	1846.2293693886054	7.538783596335224
10.80134572640845	2.3682426917926778	1913.3609489644489	1227.399808610926	499.753890209499	1856.9278163469519	7.56607586269922
10.790624265452665	2.366361535218652	1924.632146428708	1238.557988689207	500.14403875785973	1867.5958547929836	7.593206751861273
10.779889312673866	2.3644892010909424	1935.876988337704	1249.716168767488	500.5374132927699	1878.2369434305754	7.6201793244604215
10.769391910703858	2.3626257165567144	1947.0954548318575	1260.8743488457694	500.9170291722331	1888.8491494532036	7.646993909862795
10.758705012040114	2.3607711007245844	1958.2881122247752	1272.0325289240504	501.31079042333903	1899.4372714207848	7.6736543348501565
10.747834976919354	2.3589253698793073	1969.455171200638	1283.1907090023315	501.71866114473363	1910.0015890093443	7.70016228073528
10.738087858246944	2.3570885340723597	1980.5966821773086	1294.3488890806127	502.055322894201	1920.5281040225564	7.7265184695860984
10.727808741030726	2.3552605990385427	1991.713125437873	1305.5070691588937	502.428638475072	1931.035057597263	7.752726163855633
10.717707559422669	2.3534415670966924	2002.8058718815819	1316.665249237175	502.7922658637358	1941.5149446437379	7.778789818578979
10.707616530020516	2.35163143614206	2013.8763263850703	1327.8234293154562	503.1566621423344	1951.9698609706209	7.804713928177065
10.69772834230734	2.3498302032980187	2024.9246066387607	1338.9816093937372	503.51000994815854	1962.3978475422068	7.8304996156431
10.687878695633328	2.348037858539749	2035.9509645224787	1350.1397894720183	503.8626667952392	1972.8009889675016	7.85614885078689
10.678234682917926	2.3462543909730664	2046.9556399249648	1361.2979695502997	504.2029883472497	1983.1775674957928	7.881663514414453
10.66800234976654	2.3444797846333607	2057.9388241104557	1372.4561496285808	504.58536436497076	1993.537187387513	7.9070451733500855
10.658972438970991	2.3427140201811443	2068.900707009793	1383.6143297068618	504.8883224310888	2003.8601800855995	7.932295375813861
10.649840496409544	2.3409570773956725	2079.84147723357	1394.772509785143	505.1994395739588	2014.162812062922	7.9574156516774766
10.64001338496942	2.3392089309921174	2090.7613220851276	1405.930689863424	505.56008290402514	2024.4524869464078	7.982407512715992
10.630720162871349	2.337469555977557	2101.660427573403	1417.0888699417053	505.88646441214905	2034.7145352403325	8.007272452855482
10.620726126821024	2.335738923973986	2112.5389784256336	1428.2470500199865	506.2630148421511	2044.9644331172176	8.032011948416727
10.612514616679487	2.3340170037877392	2123.3971580999087	1439.4052300982676	506.5172636522833	2055.171385121256	8.056627458354955
10.6033322134275	2.332303762158178	2134.2355199134745	1450.5634101765488	506.8417494853823	2065.369817830563	8.081121262126997
10.594302602088083	2.3305991684527294	2145.0552083873536	1461.72159025483	507.1570386461499	2075.545877710217	8.105496949312773
10.585541694918286	2.328903184930711	2155.856401386541	1472.879770333111	507.45483851510375	2085.6983151210184	8.129755749745453
10.576458081211683	2.327215779407125	2166.639199924533	1484.0379504113923	507.7778293448622	2095.8348145933764	8.153898629770065
10.568776036176365	2.325536910553645	2177.4038397313006	1495.1961304896734	508.0025880447438	2105.9328845777186	8.177927394889691
10.559030530467863	2.3238665390508446	2188.1504778608373	1506.3543105679544	508.3767300704182	2116.0386405063573	8.20184334448562
10.550497587440033	2.322204627644898	2198.8792703877734	1517.5124906462356	508.665420726492	2126.1085104251456	8.225647763007197
10.541862061249725	2.3205511320355807	2209.5902686891545	1528.6706707245164	508.9642986694281	2136.1610586069582	8.249341275483275
10.533219001774205	2.318906009866999	2220.2836108891815	1539.828850802798	509.2653245155037	2146.1955211890486	8.272925043347392
10.524461837829653	2.3172692174905127	2230.959552256141	1550.9870308810791	509.5763435475612	2156.2137818597394	8.296400944581316
10.516468649359828	2.315640712892965	2241.6182087923767	1562.14521095936	509.83322561999034	2166.203496351452	8.319769983275307
10.508272381657074	2.3140204475262984	2252.259529473818	1573.3033910376412	510.10729899481316	2176.1784632865715	8.343032130924524
10.500074510505934	2.3124083778079028	2262.8838863006713	1584.4615711159224	510.3829956462428	2186.135728542228	8.366189958469752
10.49136459164408	2.3108044568158763	2273.4915930991147	1595.6197511942034	510.6984663553207	2196.083116543611	8.389244537281483
10.483848632185435	2.309208637716654	2284.0835840000145	1606.7779312724847	510.9267038776749	2205.9958837126405	8.412198408433914
10.475992805886403	2.307620874928689	2294.660231378775	1617.936111350766	511.18248605139013	2215.89636734545	8.435053953685975
10.468048571833782	2.3060411202064905	2305.2213422704453	1629.094291429047	511.4464305662724	2225.781179672219	8.457810208118037
10.460044219482947	2.304469325097772	2315.7673472340125	1640.2524715073282	511.71648384289927	2235.6497979053383	8.480470184845801
10.452299040208699	2.302905444030686	2326.2980920769446	1651.4106515856095	511.96857207563824	2245.497817780277	8.50303316166879
10.444049032748437	2.3013494266219996	2336.8139123346496	1662.5688316638903	512.2619012508211	2255.3369032141322	8.525501524899296
10.436983132099975	2.2998012249776667	2347.3146898201758	1673.7270117421715	512.4657187692609	2265.1412217047373	8.54787477803906
10.115349541767054	2.231288858521125	2857.534823476876	2231.6360156562287	522.0458078834587	2737.5349085701932	9.567393963685864
9.99257350930266	2.202546945694193	3108.971606811842	2510.5905176132574	524.8592320699595	2965.3799246918807	10.028146785620512
9.885059684976714	2.1767241694594546	3360.40839014681	2789.545019570286	526.9847998808924	3191.4233037115937	10.4665453023749
9.789032282497606	2.153371540232253	3611.8451734817763	3068.4995215273148	528.6627996953779	3415.7271145540344	10.885473111634514
9.709423736673358	2.132126353985299	3863.281956816744	3347.454023484343	529.2497778184861	3638.021344601783	11.287245061742574
9.638135378626542	2.112695373137882	4114.718740151709	3626.4085254413717	529.494772760049	3858.5426817161815	11.673754067715313
9.569166037095922	2.0948396174012225	4366.155523486674	3905.3630273984004	529.9985316402208	4077.5847626214572	12.046569626633197
9.510986275987525	2.0783624035428154	4617.592306821642	4184.317529355429	529.7683718984136	4294.658852466872	12.407011203302837
9.46094268070098	2.0631002436805437	4869.02909015661	4463.272031312457	529.0422403398255	4509.814756889066	12.75620022314308
9.414705957816418	2.0489159519406464	5120.465873491578	4742.226533269486	528.2675007730726	4723.291392229798	13.095099200254138
9.367221278326166	2.03569340591965	5371.9026568265435	5021.181035226515	527.9878843854817	4935.511117968635	13.424541191813443
9.330483668460037	2.0233335182323855	5623.339440161507	5300.1355371835425	526.8108325501131	5145.424445583408	13.745253817373
9.292508172274479	2.0117511123399003	5874.776223496476	5579.090039140572	526.0721596269453	5354.068797982873	14.057875850376684
9.258320491289036	2.0008724828620745	6126.21300683144	5858.044541097601	525.1789653283928	5560.965026477591	14.362972900381385
9.228238644632185	1.9906334495173226	6377.649790166408	6136.9990430546295	524.075742559379	5766.025067957954	14.661047503407012
9.20283174216275	1.9809778178625939	6629.086573501376	6415.953545011657	522.6842836379193	5969.106971351778	14.952548847225508
9.174362878245748	1.9718561221245121	6880.523356836341	6694.908046968686	521.8528745334058	6171.221759768574	15.237880874249088
9.151807019987238	1.963224615145436	7131.960140171306	6973.862548925715	520.5663872646123	6371.137013001955	15.517407733216285
9.126323303538156	1.9550444322260199	7383.396923506273	7252.817050882743	519.7903171706885	6570.145150190878	15.791459442857073
9.106531352427224	1.947280906350297	7634.833706841236	7531.771552839771	518.5625602959782	6766.880027427796	16.0603360761985
9.087373570303535	1.9399029935591605	7886.270490176202	7810.726054796801	517.4299492895641	6962.128390711375	16.324311127376983
9.070818916091806	1.932882796919312	8137.707273511167	8089.6805567538295	516.1697050457519	7155.515949264933	16.58363533529551
9.051014073555539	1.9261951601067728	8389.14405684614	8368.635058710857	515.3986197808664	7348.202781672475	16.838538840229273
9.035294420720167	1.9198173317920237	8640.580840181106	8647.589560667886	514.3228502584777	7538.721065065929	17.08923346333208
9.024018513879392	1.9137286723808677	8892.017623516063	8926.544062624915	512.904989161808	7726.870424461408	17.33591457869168
9.007046166992478	1.907910406751167	9143.454406851031	9205.498564581943	512.2002379404149	7914.995003764704	17.578763182624154
8.993696749120149	1.902345410625001	9394.891190186005	9484.453066538972	511.2252164450297	8100.937602569	17.817947088554607
8.981657206723245	1.8970180302416626	9646.327973520978	9763.407568496	510.2171674870802	8285.211438008453	18.053622376185228
8.971528932440927	1.891913912962296	9897.764756855944	10042.36207045303	509.1109047278712	8467.619517774056	18.285934267485793
8.963523687609765	1.887019889002635	10149.201540190908	10321.316572410058	507.8832475315168	8648.045796650971	18.515018431768322
8.951648953294447	1.8823238264626916	10400.638323525878	10600.271074367085	507.1303211028428	8828.286757078593	18.741001347508483
