28.382674912641598	0.08186168569606778	35.01889990375193	0.11158180078281144	0.21926186974739212	29.42314902622758	0.2294761402266479
27.641770240697547	0.08321373215704085	56.00181385488425	0.22316360156562287	0.16964892259207845	45.838738242152175	0.36638318336958964
26.83433892584748	0.08412053650494968	72.04827648580353	0.33474540234843436	0.14312977282693629	59.51381247828058	0.4708744562489539
26.655930269292238	0.08653140692622104	81.10687321179608	0.44632720313124574	0.11056400213515243	70.98732377518685	0.5297225169962301
25.816045958412317	0.08964351049144294	90.14122176324858	0.5579090039140573	0.09426161745451377	78.92916323992486	0.5884123560085507
24.32310177534585	0.10346828854058623	105.5068484889729	0.8926544062624915	0.05211600959731342	98.68570597484772	0.6859480712411962
23.664735266102962	0.10924348253205567	109.75844533121902	1.004236207045303	0.045913258416911996	102.74687754579361	0.7126370353513027
23.16953222644875	0.11527397762293376	114.01004217346512	1.1158180078281146	0.039822476608935356	106.73892702634842	0.7393259994614093
20.981879911141256	0.14583324363103617	130.83859027418072	1.6737270117421714	0.025062561140070674	125.8870504465983	0.8460654140758408
18.399625322237736	0.1773630171506015	142.6098200346908	2.231636015656229	0.04450890524835242	138.59400659099583	0.9215262111142777
15.325975085681385	0.23695113495820078	233.9836679187116	3.347454023484343	0.3000516779275523	160.21342404415068	1.5023809295372863
14.804911993426215	0.2456736564971928	250.43182907102923	4.463272031312458	0.7810593544941627	247.02107988617172	1.6066969760930276
14.101792708993234	0.2617390149401597	258.5876189309589	5.579090039140572	2.5362907566894126	255.7344238322998	1.658166440017865
13.465723824659102	0.28286311301844985	266.3320654160397	6.694908046968686	6.074531140357664	263.66940289819684	1.706834344645231
12.955105871417086	0.30706892378259387	273.7231170642012	7.810726054796801	12.827353308665833	271.2012266711821	1.753092311689074
12.564967981659597	0.33304647815483535	280.80630110849773	8.926544062624917	24.216370740917636	278.380344045619	1.7972483788168867
12.269576221999799	0.3599478046608025	287.6184818237463	10.042362070453029	40.60953072027914	285.2541337137091	1.8395522686001993
12.057545152711766	0.38722525579557066	294.18643650134385	11.158180078281145	58.55783003777134	291.8557218045129	1.8801870441785402
11.892465917202795	0.4145259972769446	300.52277682170694	12.273998086109259	75.5629873741108	298.21398740229347	1.9192459830395106
11.74755014847147	0.44162212219602287	306.64956573720247	13.389816093937375	90.03520540794958	304.3554530695795	1.9568789232149628
11.643788460316507	0.4683649508751859	312.5871615807817	14.505634101765487	100.1756569720457	310.29318337946404	1.9932231873632154
11.571800003492026	0.4947447094597404	317.6965946506193	15.621452109593601	107.8252766996725	315.6920519984975	2.024393560575113
11.512214184615576	0.5208159317480788	322.46086295343025	16.73727011742172	116.07673942182274	320.5247479007177	2.05336109402626
11.462551989768484	0.5465575326861656	326.929468378295	17.853088125249833	124.50669870107212	325.05997878842527	2.0804425659574184
11.429975705163924	0.5719605491610803	331.12249450277716	18.968906133077947	130.06396998220666	329.3149073170987	2.1057720097551393
11.411775573766276	0.5970226192936628	335.0656150769578	20.084724140906058	135.25821286903377	333.31154402816475	2.1295166057450228
11.387499385776302	0.621744769733153	338.78152295494004	21.200542148734172	140.6493781741976	337.08119473800167	2.151822888066578
11.3692759959289	0.6461297632105102	342.2947308600587	22.316360156562286	145.88173490468424	340.6422149887253	2.1728477230990078
11.367604027080546	0.6701811925206119	345.62436308853665	23.4321781643904	150.57285301208475	344.01195602642036	2.192713455131579
11.35490088996572	0.6939031736664734	348.78899126301627	24.547996172218518	155.5660672289256	347.21596742687655	2.211538143805282
11.349577996611243	0.7172998643151082	351.80565186080423	25.663814180046632	162.401385513092	350.26713902347075	2.229429597110635
11.353420328479213	0.7403752953741223	354.68744904029023	26.779632187874743	241.1052937922266	353.17694208014774	2.246470602412429
11.368474497642504	0.7631335040041	357.44885201224724	27.89545019570286	246.00506547994112	355.96175070925494	2.262752408482071
11.365481812846049	0.7855784191173303	360.1011280886189	29.011268203530975	249.93701264413167	358.6394307451983	2.2783459805500446
11.36963739092903	0.8077139579161507	362.6536746590002	30.12708621135909	253.08592294742567	361.21281594705533	2.293310432448669
11.374983940896596	0.8295440229432232	365.11524852563963	31.242904219187203	256.1687441168378	363.69239961334944	2.3077008014134006
11.38347252419512	0.8510725154694206	367.4939674921468	32.35872222701532	259.1391821516829	366.08598873776	2.3215680772688994
11.39264343594084	0.8723033525655958	369.7972383978611	33.47454023484344	262.05687598454745	368.4018867188322	2.3349587637834843
11.403353853713723	0.8932404359437163	372.0280113362714	34.590358242671556	264.9000621141855	370.64672245841984	2.347891192576533
11.414430665238624	0.9138876885504165	374.1959640002688	35.70617625049967	267.6998020075883	372.8229928963971	2.360426239188991
11.426928384160448	0.9342490624881892	376.30228602516013	36.82199425832778	270.4286813118041	374.93975503799504	2.372571103613302
11.436531316163205	0.9543284946455305	378.3545230740737	37.937812266155895	273.19820819091746	376.99863394012385	2.384373235885613
11.450514322967143	0.974129917016249	380.354279673207	39.053630273984005	275.82225373628745	379.00439974934267	2.3958424631007116
11.465673021642408	0.9936573074876384	382.30563496267575	40.169448281812116	278.3825191483335	380.9614140818208	2.4070043074759573
11.476307814571033	1.0129145988601294	384.21259638778236	41.28526628964023	281.02901906575835	382.87344750265606	2.4178838706328154
11.489159714710334	1.0319057213393183	386.0778318809118	42.401084297468344	283.58646721519153	384.7413791668735	2.428497765704936
11.504149389518938	1.050634594222883	387.9038630572848	43.51690230529646	286.0556148243632	386.56902882557347	2.438861688001127
11.515507001205812	1.0691051225656416	389.69307054467663	44.63272031312458	288.59179518614184	388.360132869927	2.4489904499440067
11.528513982993049	1.0873211859352725	391.44769927476744	45.7485383209527	291.05392718392045	390.11572086671515	2.4588980156984714
11.54165331451944	1.10528663637692	393.1698637127787	46.86435632878081	293.4816203606897	391.83827397959396	2.46859753534884
11.554535460439217	1.1230052968964133	394.86155300691456	47.980174336608926	295.88522916786036	393.52988444001966	2.478101378512812
11.567740786173662	1.1404809535784535	396.5245862480917	49.095992344437036	298.24926187937837	395.1922313889447	2.4874208885287112
11.583655606351419	1.1577173743162297	398.1606592617742	50.211810352265154	300.5060876126896	396.82526571411296	2.496566651269749
11.594600516668887	1.1747182890763501	399.7714220976719	51.327628360093264	302.8740157621787	398.4334548088377	2.5055489320946496
11.605850476358691	1.1914873815900142	401.3574896510075	52.44344636792138	305.2050595732876	400.01716942808207	2.514371304231543
11.619050386661208	1.2080282716761213	402.92027596434804	53.559264375749486	307.4518727186656	401.5775186867377	2.523042504783439
11.631875188834522	1.2243445560248687	404.4620036561973	54.6750823835776	309.6816790883428	403.1151639114744	2.5315765822835847
11.644218549920744	1.2404397849325597	405.98393120348356	55.79090039140572	311.8976818583238	404.63173440990346	2.539981373235807
11.644218549920744	1.2404397849325597	405.98393120348356	55.79090039140572	311.8976818583238	404.63173440990346	2.539981373235807
11.645712032207523	1.2444294592023752	406.3603313046115	56.06985489336274	312.49432568909845	405.00882202358014	2.542055844281958
11.6507527166604	1.2484055967133663	406.73670556892966	56.348809395319776	312.9733981300442	405.38271205210026	2.5441301460581314
11.652121553099228	1.2523682307138893	407.1114331360962	56.6277638972768	313.50607568982963	405.75688496572116	2.546193637768902
11.656639085251816	1.2563174420055003	407.48497145623395	56.90671839923384	313.95269832839824	406.1292216451438	2.5482493224350375
11.658262206541854	1.260253260570588	407.85809890124665	57.185672901190856	314.47334661907104	406.50045946481765	2.550302304146114
11.658665050966828	1.2641757543939174	408.22886800817304	57.464627403147894	315.0213537089492	406.871979593294	2.552339771455192
11.665338910771295	1.2680849743739095	408.5996371150995	57.74358190510491	315.40307551902913	407.2394033888249	2.5543772387642703
11.66827599921158	1.271980959520285	408.9685291304373	58.02253640706195	315.87856321257493	407.6075189304333	2.5564023303157364
11.67271410918939	1.2758637866403444	409.3365948399442	58.301490909018966	316.3126092051393	407.97399906114504	2.558421973992023
11.675076412078486	1.279733484740209	409.704083616611	58.580445410976004	316.797574482492	408.3395051463653	2.560437805130381
11.677558116884029	1.2835901236593985	410.06951084752916	58.859399912933036	317.2760832769957	408.7049780500378	2.5624400129822624
11.681182921367496	1.2874337469477874	410.4349380784474	59.13835441489007	317.72268588350903	409.06756973374854	2.564442220834144
11.683303582358413	1.2912644013381567	410.7985080631063	59.41730891684709	318.20395905426506	409.4304485080335	2.5664321257540528
11.686073841272586	1.2950821559378474	411.16136085537	59.69626341880411	318.6668744397286	409.7919582273429	2.5684172797858076
11.689696802355403	1.2988870427757315	411.5237045607748	59.975217920761146	319.1029914359056	410.1518701416918	2.570399052924387
11.692042956267914	1.3026791233924995	411.88404609333236	60.25417242271817	319.57043615375676	410.51207615824563	2.5723675294468853
11.69543761418083	1.306458450893793	412.24438762588994	60.53312692467521	320.00694827398445	410.86966541937227	2.574336005969383
11.69852070361331	1.3102250624681027	412.60310628998457	60.812081426632226	320.44904332018575	411.2271452073848	2.576293676210157
11.701087085753798	1.3139790295719525	412.9609988985525	61.091035928589264	320.90129730928743	411.58381406683105	2.578245845950463
11.704175159837698	1.3177203840279432	413.31864934302735	61.36999043054628	321.33695575600916	411.93880469468604	2.580196398683244
11.707037260738888	1.3214491847928256	413.6741545376847	61.64894493250332	321.7760221232088	412.2938418986459	2.5821326268931224
11.709594436471011	1.3251654868644762	414.02965973234205	61.927899434460336	322.2190670176821	412.6470213212258	2.584068855103
11.715848465577976	1.328869321312175	414.3839571461041	62.206853936417374	322.56576196187154	412.99882575136724	2.5859969949827493
11.715700937818044	1.332560762724526	414.7371356287258	62.4858084383744	323.0719788077208	413.3516795603649	2.587917641546046
11.718584789115297	1.3362398425131599	415.0903141113476	62.76476294033144	323.49928740592713	413.7019175119212	2.589838288109343
11.718930518158686	1.3399066117742315	415.44141664979634	63.043717442288454	323.9861923961637	414.0527523790438	2.591744989711769
11.724757425661728	1.3435611318153324	415.79232833132335	63.32267194424548	324.3333687781869	414.40095560721056	2.5936504092506696
11.727541488597646	1.3472034321366717	416.14259601651526	63.60162644620251	324.7528059375443	414.74890243443076	2.5955514888658384
11.732811792260271	1.3508335798927598	416.4913000340585	63.88058094815954	325.10847154674315	415.09624815587813	2.5974420308459827
11.732466164085977	1.354451615956876	416.84000405160174	64.15953545011656	325.60123487224257	415.4428452979252	2.599332572826127
11.73977779645421	1.3580575786666973	417.1873175574164	64.4384899520736	325.90018352521827	415.78745452044143	2.601213712367251
11.741672118684775	1.3616515362020436	417.5338722911939	64.71744445403063	326.33131917963806	416.1327693169831	2.603089721201698
11.738796729453501	1.3652335191250617	417.88042702497137	64.99639895598766	326.8801230362458	416.477624187305	2.6049657300361457
11.743685406864993	1.3688035813739865	418.22492832414633	65.27535345794469	327.23014424229154	416.8206168660873	2.606827804471067
11.746437098838863	1.3723617746881198	418.56939141425124	65.5543079599017	327.63280588925704	417.16287533828194	2.608689619623104
11.748981609332946	1.3759081334392913	418.91325185629853	65.83326246185874	328.0359802775719	417.5042969270909	2.6105473299790063
11.750200263830099	1.3794427196678725	419.25568021929604	66.11221696381577	328.47120649293004	417.84603201627885	2.6123952860637836
11.7543955688972	1.382965574721908	419.59810858229355	66.3911714657728	328.828152791194	418.18522972449	2.614243242148561
11.75703085470833	1.3864767346929978	419.93936865185736	66.67012596772985	329.2226057224113	418.52454729858016	2.616083209386081
11.759603625629396	1.389976264153911	420.2798184972092	66.94908046968686	329.6148238440456	418.86356667408575	2.6179176362710774
11.762146100102944	1.3934641971033714	420.6202683425611	67.2280349716439	330.0060491139851	419.2008885288683	2.619752063156074
11.763222108813864	1.396940577591152	420.95905509692506	67.50698947360091	330.42986935285404	419.5385589065801	2.6215750706794982
11.76666807020467	1.400405464682303	421.29758194324046	67.78594397555796	330.7936121406577	419.87485550843223	2.6233962935837987
11.77075556259041	1.4038588876774012	421.63588566774115	68.06489847751497	331.1392723825218	420.2098326807701	2.62521597777872
11.771365911595417	1.407300901951632	421.9725443588519	68.34385297947202	331.5665272940154	420.54564678409804	2.627024317371103
11.776630084328714	1.410731555413157	422.3092030499626	68.62280748142904	331.87931702555653	420.87911199679064	2.628832656963487
11.776927597980237	1.414150878365775	422.6452187486348	68.90176198338607	332.3083988723433	421.2130930945987	2.63063654193593
11.779492924225217	1.4175589319314434	422.98006346949336	69.1807164853431	332.68203428766094	421.5465171860691	2.6324323144317616
11.784006179810419	1.42095575342172	423.31490819035184	69.45967098730013	333.004052294577	421.87789022868645	2.634228086927594
11.785887828130914	1.4243413794142232	423.6487492031846	69.73862548925715	333.38901612789545	422.2096245086804	2.636016872100769
11.787101765689952	1.4277158733895765	423.9818334955846	70.01757999121418	333.7860711092165	422.54143707177894	2.6378003893576896
11.793423876625717	1.4310792637493892	424.3149177879847	70.29653449317121	334.0590177802434	422.87028493012633	2.6395839066146105
11.793537611786283	1.4344315933094638	424.646692928044	70.57548899512823	334.47862206088206	423.20064340787786	2.6413582636045043
11.795002918816472	1.4377729192025501	424.978069706161	70.85444349708526	334.86273355211335	423.53029154259036	2.6431298332169093
11.798912084654742	1.4411032717824526	425.30944648427806	71.13339799904229	335.18753144254964	423.8579730312105	2.6449014028293143
11.800014431173071	1.4444226959226472	425.6392601713067	71.41235250099933	335.57481579019293	424.1863380234902	2.6466619762837396
11.80226753017381	1.4477312431615308	425.9689817370577	71.69130700295635	335.934551411879	424.5137891267728	2.6484219016760466
11.806184695593846	1.4510289459128258	426.2985376360853	71.97026150491338	336.25063720619966	424.83976360441676	2.65018065497031
11.808675629272885	1.4543158519021142	426.62665569430686	72.2492160068704	336.5993787588314	425.1660824932369	2.651929235489009
11.811333932326537	1.4575920074116604	426.9547737525284	72.52817050882744	336.94207887206596	425.49153137900214	2.6536778160077086
11.813454253021419	1.4608574422585365	427.28251325713444	72.80712501078446	337.2943542946574	425.8162972107991	2.6554237020697142
11.814581525234896	1.4641122119606378	427.60907893057725	73.08607951274149	337.669457896512	426.1413041692791	2.657161233074194
11.817624874017612	1.4673563534134366	427.93564460402	73.36503401469851	337.99509010629265	426.4648487908944	2.658898764078673
11.820775402121104	1.4705899007011305	428.2616602978658	73.64398851665555	338.31776226322387	426.7877577266312	2.6606323554148608
11.82350762231708	1.473812907388511	428.5867241420048	73.92294301861257	338.647599824507	427.11076353153703	2.6623591283670067
11.825550894283007	1.4770254107855707	428.91178798614385	74.20189752056959	338.9910515948458	427.432841349474	2.664085901319153
11.837113366701423	1.4802274425838238	429.2361685545661	74.48085202252663	339.1114542504797	427.7520880209634	2.6658077465682473
11.829410450269979	1.48341905826245	429.5597805722254	74.75980652448366	339.67760756564553	428.07616169670763	2.667524049120815
11.831805361842882	1.4866002913407879	429.8833925898847	75.0387610264407	340.0075815893217	428.396521734242	2.6692403516733836
11.834833120351892	1.4897711757735577	430.2062229415106	75.31771552839771	340.3201644767907	428.7164087640676	2.670950976364302
11.83750179828863	1.492931762943858	430.5284325973008	75.59667003035476	340.63879748862325	429.0363788142742	2.672657092448052
11.842402835150349	1.4960820924550728	430.85064225309105	75.87562453231178	340.90530902245695	429.3545603316532	2.674363208531801
11.842402169907253	1.4992221932124226	431.1720036391526	76.1545790342688	341.28111041022765	429.67375920289606	2.6760631158259067
11.844396813249968	1.5023521174056687	431.49285987372116	76.43353353622582	341.6099851790734	429.9924481779754	2.6777593257354995
11.849243600745487	1.505471897416618	431.8137161082897	76.71248803818287	341.8719902198744	430.30917330623595	2.679455535645092
11.853348311091937	1.508581570836233	432.13368623968665	76.99144254013989	342.1475333910168	430.62592778305645	2.681145207063068
11.85035223859097	1.511681184999249	432.4532374837783	77.27039704209692	342.58531605305745	430.9444854763099	2.6828317875417245
11.853306321877064	1.5147707729337725	432.77278872787	77.54935154405395	342.8835925639792	431.26029948635374	2.684518368020382
11.853846755341324	1.5178503706533013	433.0914418900286	77.82830604601098	343.23548985046557	431.576611024945	2.686198264154023
11.858218983062464	1.520920026619077	433.40973607835576	78.10726054796801	343.499648165813	431.8919353820949	2.68787548847694
11.860627255982553	1.5239797709250904	433.728030266683	78.38621504992503	343.8042259412765	432.20657050160645	2.6895527127998564
11.862283358583412	1.5270296416401035	434.04543743225963	78.66516955188207	344.125502676934	432.52129006879085	2.6912232740090762
11.864133880008415	1.530069684760111	434.36252201718133	78.94412405383909	344.4406306694395	432.8359540841161	2.692891412065588
11.867400003408369	1.5330999302610873	434.6796066021031	79.22307855579612	344.72089993214615	433.1491186806323	2.6945595501220994
11.869492962518507	1.5361204148136995	434.9958355415829	79.50203305775315	345.02719259741207	433.46246690128646	2.6962211972174432
11.87117435656354	1.5391311853701672	435.31175750659065	79.7809875597102	345.34021762956246	433.77591514006775	2.697880515591942
11.874601954880182	1.5421322715370391	435.6276794715985	80.05994206166721	345.61194233515073	434.0878536240275	2.6995398339664405
11.87669391237695	1.5451237102466842	435.9427948618388	80.33889656362425	345.91321629291804	434.39998893810116	2.7011929688774186
11.878248268522393	1.5481055449757908	436.25760073484867	80.61785106558126	346.2234460941463	434.7122576505939	2.702843730929016
11.879354378562358	1.5510778065502167	436.5724066078585	80.89680556753831	346.5421943271686	435.02367881772574	2.7044944929806136
11.882495279875863	1.5540405301949416	436.8864701386288	81.17576006949533	346.81514667230186	435.33437511303185	2.706139499410148
11.883199950168246	1.5569937599483163	437.2002060050777	81.45471457145234	347.1385443985187	435.6457013185161	2.7077819653510833
11.886561787414047	1.559937527087445	437.5139418715265	81.73366907340937	347.4022472579792	435.95547246823713	2.709424431292019
11.888750690747255	1.562871864818884	437.82701235009506	82.0126235753664	347.6915870277486	436.26529597900213	2.711061675357321
11.890406579063587	1.5657968168297831	438.13972386584066	82.29157807732344	347.98862536175557	436.57525298464964	2.7126961023301073
11.891903421328873	1.5687124146637863	438.45243538158616	82.57053257928045	348.2889118195096	436.8845097443724	2.714330529302893
11.896009481607713	1.571618690245511	438.76456883540664	82.84948708123748	348.5309610914045	437.1927524986117	2.7159603601630757
11.895043888349923	1.5745156861777412	439.0763012394286	83.12844158319453	348.8808195293649	437.50232840341266	2.7175870023163857
11.899442168595945	1.577403434252697	439.38803364345046	83.40739608515156	349.1124334725032	437.8098676521002	2.7192136444696957
11.899179559800203	1.5802819671382937	439.69928342099877	83.68635058710858	349.44554404845263	438.11823643341705	2.7208363949404313
11.901983385323327	1.5831513255814178	440.0100815479007	83.96530508906562	349.708110915658	438.4257846894079	2.7224555035037157
11.90552845506548	1.5860115406976114	440.32087967480254	84.24425959102264	349.95397895556323	438.7326490640732	2.724074612067
11.907425626825429	1.588862644430025	440.6312965446176	84.52321409297967	350.2353421394543	439.0394588993259	2.7256905992225398
11.908368729323229	1.5917046778845845	440.9412048369274	84.80216859493669	350.53381453383105	439.34651738355643	2.727302422579376
11.911410660465627	1.5945376720605215	441.25111312923724	85.08112309689372	350.78621787058563	439.65266369607014	2.7289142459362123
11.913553635746085	1.597361657783482	441.5607453772159	85.36007759885075	351.0578714715545	439.9584661577391	2.730523771699068
11.915284703314336	1.6001766742941155	441.8698078974832	85.63903210080777	351.33461082567754	440.26437195188663	2.7321285554592354
11.91756430676046	1.6029827543133723	442.17887041775066	85.9179866027648	351.59912239970856	440.56991803034725	2.7337333392194028
11.918283906945222	1.6057799272336548	442.4877639427507	86.19694110472183	351.89730985594014	440.8752070821579	2.7353366909380115
11.92157120535249	1.6085682305585662	442.7960243854399	86.47589560667886	352.13608785917125	441.1797942756264	2.736934678008289
11.924555628482812	1.6113476992711515	443.1042848281292	86.75485010863589	352.38088543083563	441.4843884140557	2.7385326650785657
11.924282311095169	1.614118361500083	443.41248323593123	87.03380461059292	352.69598437567964	441.7890940187382	2.740130116093243
11.927275414276853	1.6168802532019029	443.71998493910763	87.31275911254995	352.93741187172037	442.092905172823	2.741721546746923
11.9288174621227	1.619633406682797	444.0274866422841	87.59171361450699	353.2090214648615	442.39710424082745	2.743312977400602
11.931267984688292	1.6223778559770323	444.33498834546043	87.870668116464	353.46072107660564	442.7003246671174	2.744904408054282
11.938166872836623	1.6251136307149459	444.64181729477144	88.14962261842105	353.6153287239752	443.0022499924122	2.746489899543204
11.934831586258747	1.6278407659421108	444.9486032515789	88.42857712037807	353.98691103783466	443.3069761808114	2.7480750114883206
11.934587053017783	1.6305592926042056	445.25538920838636	88.70753162233508	354.29229959247516	443.61029958370085	2.7496601234334372
11.938070276711613	1.6332692423322395	445.56164640027146	88.98648612429211	354.51620438331133	443.9123924675699	2.7512404562914896
11.940622938106062	1.6359706490268509	445.86775927019994	89.26544062624914	354.75761498028055	444.21473346824797	2.7528194847377567
11.941172407735836	1.6386635424556397	446.17387214012837	89.54439512820618	355.0415189837184	444.5172394047576	2.754398513184024
11.944325729449124	1.6413479530323094	446.4795945266724	89.8233496301632	355.2693649808142	444.818693766839	2.755973919577655
11.945729446840225	1.6440239164031316	446.7850766466126	90.10230413212022	355.5312326705512	445.12062560198376	2.757547097302102
11.947596139973513	1.6466914617984227	447.09055876655276	90.38125863407727	355.78277190191943	445.4222000948327	2.759120275026549
11.949695307762434	1.6493506173010966	447.39578137806916	90.6602131360343	356.0290299131662	445.7232613757482	2.7606909753312188
11.951090899845981	1.6520014186568028	447.70067477315223	90.93916763799132	356.2880224907601	446.0245119255377	2.7622585327425253
11.95418225317323	1.6572780749287497	448.3103241995726	91.49707664190538	356.796202867253	446.6262154555054	2.765392293464654
11.956830788061625	1.659903992211213	448.6146705937926	91.77603114386241	357.0257993201309	446.9264714697337	2.7669544586661763
11.958695944511796	1.6625216763462525	448.9190169880126	92.05498564581943	357.26918363279526	447.2269402626344	2.7685166238676984
11.96028263052407	1.6651311566715903	449.2233378835203	92.33394014777646	357.518142996808	447.52696743115683	2.7700785285001652
11.962080257921757	1.6677324627547274	449.52717871013624	92.61289464973349	357.7623434361546	447.8268605744605	2.7716355273516395
11.963427370292418	1.67032562709459	449.8310195367522	92.89184915169052	358.01348127276174	448.1268754048123	2.7731925262031143
11.9661853512306	1.672910673342953	450.1348603633682	93.17080365364754	358.2338035724926	448.426134710731	2.774749525054588
11.966194993602121	1.6754876424506278	450.43831148567034	93.44975815560458	358.5117112279188	448.72597768425805	2.776302376362124
11.969130741661989	1.6780565559188452	450.74168789738644	93.7287126575616	358.727006322038	449.02497823720984	2.777854432540051
11.970924193810335	1.6806174445177782	451.0450643091025	94.00766715951863	358.96368086059533	449.3241038245043	2.7794064887179784
11.972018157082717	1.6831703339878492	451.3481791483278	94.28662166147566	359.21473440911177	449.6231192659061	2.7809556291466397
11.974085044389561	1.6857152592356728	451.65113202724734	94.56557616343271	359.44507311925315	449.921846948355	2.7825029642033328
11.976541927448324	1.6882522486145914	451.95408490616694	94.84453066538973	359.66515062049154	450.2203982313434	2.784050299260026
11.977496009875313	1.6907813265149763	452.2568898913951	95.12348516734676	359.915171429111	450.5189754212121	2.785595895629428
11.979275005463505	1.6933025266436574	452.55945985874644	95.40243966930377	360.14769410133897	450.8173066969109	2.7871387290507204
11.981180632290435	1.6958158744494836	452.86202982609785	95.68139417126082	360.37725003503476	451.11559326420513	2.7886815624720125
11.981623665685476	1.698321398797903	453.1645496239868	95.96034867321784	360.63410788848887	451.41394453132716	2.7902237710121733
11.984140518945123	1.700819128760156	453.4667746513209	96.23930317517487	360.847510232214	451.7116220083413	2.791762308064764
11.985781505869623	1.7033090917851452	453.7689996786551	96.51825767713188	361.07882675672704	452.0095465866571	2.793300845117355
11.98759037081118	1.705791318066881	454.07122470598927	96.79721217908893	361.3054531233813	452.3072014892942	2.7948393821699464
11.988015834518778	1.708265832066548	454.3731752902556	97.07616668104595	361.5585203657152	452.6050914734461	2.7963742570385226
11.99096671523133	1.7107326659473783	454.6750938839311	97.35512118300298	361.75892690417544	452.90223209919367	2.797908705022823
11.992192941509611	1.713191841061286	454.9770124776065	97.63407568496	361.9948414228358	453.1997808669024	2.799443153007123
11.993979457288255	1.7156433883853401	455.2787612671123	97.91303018691704	362.217193977456	453.4969092635633	2.8009751319971627
11.99530078974828	1.7180873389419968	455.5804133352133	98.19198468887407	362.4477091752543	453.79416671265386	2.802505704634262
11.995999040505026	1.72052371458674	455.88206540331424	98.47093919083109	362.6908794801827	454.0916031331882	2.804036277271361
12.00608430157325	1.7229525432653725	456.18363345902543	98.74989369278813	362.73878877629494	454.38594123494147	2.8055654931287104
12.000246244063106	1.7253738538892216	456.48505868213084	99.02884819474517	363.11509573207036	454.6850113775406	2.807092402274067
12.001537168091435	1.7277876726906654	456.7864839052363	99.30780269670218	363.3423276058461	454.98194783972417	2.8086193114194224
12.003123022385054	1.7301940258055726	457.0878911840517	99.58675719865921	363.56320330057156	455.2786173658361	2.810145889853855
12.004939865874197	1.732592938316791	457.3891290237992	99.86571170061625	363.77900335288575	455.57511853734695	2.81166934554836
12.006580302258936	1.7349844407579573	457.6903668635468	100.14466620257328	363.9957039641934	455.8716633803369	2.813192801242865
12.010672393197348	1.7373685551901799	457.99160470329423	100.4236207045303	364.1614661452727	456.16738765986184	2.81471625693737
12.007826669535659	1.7397453107132237	458.29272200028606	100.70257520648732	364.46973162007936	456.4650542319675	2.8162370718696166
12.011752379425655	1.7421147320093107	458.5938117076819	100.98152970844436	364.6382046407168	456.76065880296045	2.8177572823892345
12.013539201168145	1.7444768457822495	458.8949014150777	101.26048421040139	364.8480669869073	457.05690510164857	2.819277492908852
12.01401828183596	1.7468316775389874	459.1959338826244	101.5394387123584	365.08427064066416	457.3533567442539	2.8207961089689575
12.015113135464508	1.7491792523858285	459.4969145060955	101.81839321431544	365.3076326904242	457.6496183303259	2.8223132808729225
12.015610510723656	1.751519596588227	459.79789512956654	102.09734771627247	365.54265579250483	457.94605432768094	2.823830452776888
12.018468726694852	1.753852735588714	460.0988596613995	102.3763022182295	365.7268910981927	458.24165891761925	2.825346975398306
12.018763493313093	1.7561786939057809	460.3997700545831	102.65525672018653	365.96314948021114	458.5379985159256	2.826861313575864
12.021328659511756	1.7584974978926118	460.7006804477666	102.93421122214357	366.1526972944331	458.833627402646	2.828375651753422
12.022726598283409	1.760809172526556	461.0015908409502	103.21316572410059	366.36584797023113	459.1295743989223	2.8298899899309804
12.023094242401571	1.7631137420009095	461.30247196319743	103.49212022605762	366.5971456861782	459.4257589622148	2.8314018887382515
12.025666812395436	1.7654112317905504	461.6033507924635	103.77107472801464	366.7832935966194	459.7212434232968	2.832913596453931
12.026885601683174	1.7677016653642856	461.90422962172966	104.05002922997168	366.99673504368633	460.01716193356447	2.834425304169611
12.029928924426025	1.7699850690536836	462.20511274177545	104.3289837319287	367.17254068896494	460.3124201329419	2.835935506439433
12.030045410282732	1.7722614660652205	462.50599849347753	104.60793823388573	367.40583665551	460.60859257885835	2.8374447853768303
12.031314350493105	1.7745308824724628	462.8068842451796	104.88689273584275	367.6149241796145	460.9043895495242	2.8389540643142275
12.032185734927706	1.776793341690174	463.10778388409443	105.16584723779978	367.8318564395623	461.2002865607782	2.8404626590691366
12.039530259545709	1.7790488648355265	463.40871487154243	105.4448017397568	367.91633151031476	461.4941171716818	2.8419697093731946
12.03524870697502	1.7812974803610644	463.70964585899054	105.72375624171383	368.23619264298054	461.7916196179103	2.8434767596772526
12.040297120823169	1.7835392103850567	464.0105768464386	106.00271074367086	368.36513451166667	462.08615287276547	2.8449838099813105
12.038029650916865	1.785774079340407	464.311590320822	106.2816652456279	368.6421510129683	462.38301644814595	2.8464888521069214
12.04236439337229	1.7880021080852992	464.61260469097346	106.56061974758492	368.784757009349	462.67776070107135	2.847993872424689
12.039929117158948	1.7902233242317283	464.91361906112485	106.83957424954195	369.06359206735476	462.97467248158273	2.849498892742457
12.042438481679442	1.792437749004813	465.21471439007576	107.11852875149897	369.2406627039342	463.2700219613458	2.8510026905054553
12.043552531955964	1.794645406475465	465.51585012993814	107.39748325345602	369.44563625978043	463.56582220849486	2.8525058780253043
12.044629663817101	1.7968463174217855	465.81698586980053	107.67643775541303	369.6511144418704	463.86162460138956	2.854009065545153
12.046288832536158	1.799040509593478	466.11817586248293	107.95539225737006	369.8440348384303	464.15727224437705	2.855511695201185
12.04616702682644	1.8012280032450567	466.41947080522266	108.2343467593271	370.0707706960629	464.4535333438448	2.857013245690463
12.048651340391883	1.803408820272262	466.7207657479624	108.51330126128413	370.24472207511565	464.7489375065888	2.8585147961797412
12.050006429109363	1.8055829853622039	467.02206283412863	108.79225576324114	370.4411699872244	465.0447130019774	2.8600163309635915
12.05115616754204	1.8077505201528972	467.32355466487957	109.07121026519818	370.64151772869417	465.34065451546763	2.861516438804698
12.052835448420105	1.8099114474102231	467.6250464956304	109.3501647671552	370.8289317468563	465.636413270605	2.863016546645804
12.05423104172016	1.8120657897448749	467.92653832638126	109.62911926911224	371.02148053969137	465.9322584895923	2.86451665448691
12.05524706189762	1.814213569938997	468.22818905252024	109.90807377106927	371.22142152658205	466.22832814152224	2.8660159153470883
12.058059327637507	1.8163548088569057	468.52991531388585	110.1870282730263	371.38479008343444	466.52384577097234	2.8675147735719406
12.055836141836327	1.8184895287672327	468.8316415752514	110.46598277498333	371.6484443921134	466.82102120070033	2.869013631796793
12.059206581302998	1.8206177550615612	469.1334607828161	110.74493727694036	371.79815411622127	467.1164002643661	2.870512128303508
12.060499868270728	1.8227395051134425	469.4354588800594	111.02389177889738	371.98922529959196	467.4125820181207	2.8720099286263854
12.060848972757473	1.8248548026487135	469.7374569773027	111.30284628085441	372.1990769622705	467.70908198436916	2.8735077289492628
12.062917558542141	1.8269636702095073	470.03945621565	111.58180078281144	372.3739983386656	468.0049935928904	2.875005526069777
12.106757652858015	1.9062819397492352	482.23455925534347	122.73998086109259	379.5577368262011	479.9396052810582	2.9348692024069463
12.14134830427025	1.9765826332478629	494.78852513417996	133.89816093937375	385.97607236374654	492.1709307779766	2.995365185802772
12.167749917476785	2.0389065130790778	507.91794187729766	145.0563410176549	391.77764416602696	504.8984758136288	3.057517206100518
12.186010195952697	2.0941156183626286	521.8529489109374	156.21452109593602	397.08225711211446	518.3327490545965	3.1223618489126888
12.200114010919101	2.142927306094054	536.8379697305085	167.37270117421716	401.89840277352954	532.6935362431977	3.19095065544052
12.207798043994936	2.185945319124278	553.117107880263	178.53088125249832	406.3392340665155	548.2046341316498	3.2642872581582223
12.210005813413291	2.2236906817365534	570.8839104891183	189.68906133077948	410.4372678516408	565.0565381471123	3.343110605136948
12.207969070046033	2.2566355137095293	590.1921937327749	200.84724140906062	414.20864965484327	583.3384750620087	3.4275234805298163
12.20186763330993	2.2852357727274084	610.8787212731602	212.00542148734172	417.6871323819025	602.9638924432966	3.5166947417556154
12.192562672019676	2.3099527596196174	632.5376119903308	223.16360156562288	420.8932650658029	623.6341909828382	3.6088010702255584
12.180160554004699	2.331254951895108	654.6466704313104	234.32178164390402	423.8632728716138	644.8965261513235	3.701605108196432
12.16482180403398	2.349598338561611	676.7501808249186	245.47996172218518	426.63339607232734	666.302734260104	3.7932299622010293
12.147959099906782	2.365402483077784	698.5513251111536	256.63814180046626	429.208341994649	687.5193440815091	3.882515528985996
12.129005983378361	2.379035697832331	719.9051321627257	267.79632187874745	431.63325921714744	708.3611689088456	3.9689542035136283
12.108196217977882	2.390811899082897	740.7625237855011	278.9545019570286	433.93234788499075	728.748354078608	4.052435161297242
12.087451231689542	2.4009945606548957	761.1369992106733	290.1126820353098	436.08178639187577	748.6625541501587	4.133096265220565
12.06534276396352	2.409803542395639	781.0528281223651	301.2708621135909	438.1368389012735	768.1305656073179	4.211109572978666
12.042798661409313	2.417422923411083	800.5361733556505	312.429042191872	440.09097876041545	787.1728614249047	4.286646130476557
12.019428388360717	2.4240074681063795	819.6155260769248	323.58722227015323	441.96837460541434	805.8154185659624	4.359879216858539
11.995748005654825	2.4296878227011076	838.3256206967018	334.74540234843437	443.76774223679683	824.0846041138341	4.430997105403132
11.971987743306117	2.4345747280014676	856.6935876754837	345.9035824267155	445.4929934808757	842.0122184465621	4.5001543073044425
11.94788425555957	2.4387627095916997	874.7397552656186	357.06176250499664	447.15982128262	859.6204948108949	4.5674720576934735
11.923548726931546	2.442332902126722	892.4835653191656	368.21994258327777	448.7727726289313	876.9285906894582	4.633065686935415
11.89914790536336	2.445355282966619	909.945265964819	379.37812266155896	450.33418568469034	893.9528957731159	4.6970478147428185
11.874980452596665	2.4478903700146777	927.1487354000645	390.5363027398401	451.8405894651146	910.7121357407252	4.759541057088422
11.851254192800535	2.449990746978227	944.1073433174436	401.69448281812123	453.29060779598	927.2264672571272	4.820625254418655
11.825593656477011	2.4517023445724746	960.8333608391325	412.85266289640236	454.760229397488	943.5150344118114	4.880374539975282
11.802309042875228	2.453065459359742	977.3377263286408	424.01084297468344	456.1228852804731	959.5768583798666	4.938855014487743
11.778328843467413	2.4541155584189314	993.6323280215947	435.16902305296463	457.4750829204105	975.4307386229165	4.996134677752362
11.754991421068123	2.454883934449266	1009.7318399941645	446.32720313124577	458.77838834617836	991.083041200869	5.0522883452876535
11.732222051871577	2.4553982753017594	1025.6451782995373	457.48538320952696	460.03704767533634	1006.5476351577632	5.107369224529091
11.709145851283122	2.4556831732690734	1041.3799781142632	468.64356328780804	461.2817528249906	1021.835895246122	5.1614241601544295
11.686544316810414	2.4557605400288023	1056.9433963809513	479.8017433660893	462.4891272258845	1036.9523326298074	5.214496980490372
11.663742594139222	2.455649950010358	1072.3418782805404	490.95992344437036	463.6837026552153	1051.9059560735993	5.2666271939471025
11.641204040196511	2.455368930198918	1087.5855879397243	502.1181035226515	464.851700593719	1066.7014671267032	5.317866708236965
11.618310506808244	2.454933190365223	1102.6851271792132	513.2762836009326	466.01638643195236	1081.347913295985	5.368266816359706
11.597128382800411	2.454356833890305	1117.6454567683727	524.4344636792138	467.10600442578806	1095.8491636760189	5.4178587113863435
11.57584419908439	2.453652569669266	1132.471321383753	535.5926437574949	468.18534379582496	1110.2170877858298	5.46667223836312
11.554177780345746	2.4528318781507874	1147.1672280735413	546.7508238357761	469.26640012723306	1124.4576754418406	5.514735675952105
11.533039015047086	2.451905141290974	1161.7370116965287	557.9090039140572	470.31703919689966	1138.5711878223499	5.562073258810531
11.51207449318231	2.450881777413344	1176.1860848178007	569.0671839923383	471.35113058658783	1152.5632431040078	5.608715546500717
11.491591733989779	2.449770327417646	1190.5223888830558	580.2253640706195	472.3577116291465	1166.4361866054398	5.654699118032227
11.475927158277225	2.448578552951849	1204.7496082773073	591.3835441489007	473.16734666671886	1180.1772683536776	5.700046101119276
11.451041857153431	2.4473135158787307	1218.8708545758818	602.5417242271818	474.33044905527527	1193.8524685803793	5.744776524411535
11.43137112463593	2.4459816550964524	1232.8890802864169	613.699904305463	475.282215369602	1207.4032056186998	5.7889093586424645
11.41154672666659	2.4445888513471323	1246.8072025003892	624.858084383744	476.23398635575563	1220.8554724170438	5.832463241442299
11.393153187240513	2.4431404830717187	1260.6280457200962	636.0162644620251	477.12135577521633	1234.204553148534	5.875456149862926
11.373041807117149	2.4416414748634643	1274.3550109314756	647.1744445403064	478.0748648600588	1247.467639719625	5.917906071010791
11.353657102519653	2.4400963420654067	1287.995491762641	658.3326246185874	478.9942714880412	1260.6357254670816	5.959845017463576
11.33499603730459	2.4385092206098493	1301.5515880345656	669.4908046968686	479.87921308718046	1273.7120415590111	6.001285689590595
11.317288926963183	2.4368839067371497	1315.025593495768	680.6489847751498	480.7191220084649	1286.701715725302	6.04224314514139
11.299305046029255	2.4352238863280298	1328.4194027317624	691.8071648534309	481.56732618450616	1299.6131167472652	6.082729989581635
11.281118370783913	2.4335323693479185	1341.734831754983	702.965344931712	482.42160482114303	1312.4477178717882	6.12275828111276
11.262662159433212	2.4318123123298694	1354.9736566967588	714.1235250099932	483.2859296577371	1325.2077397087833	6.162339762043315
11.246062344218446	2.430066438917937	1368.1376169855544	725.2817050882744	484.0644776172435	1337.8838684019931	6.201485874402065
11.229554347400908	2.4282972669907554	1381.23039848057	736.4398851665554	484.835909133166	1350.4866728603643	6.2402136226787555
11.211377789667324	2.426507118502231	1394.2553339469455	747.5980652448367	485.6831088966592	1363.0273994284562	6.278537709367722
11.194111397638355	2.424698140750813	1407.2140913439232	758.7562453231178	486.48703440731185	1375.4942488847892	6.316469292948024
11.17801402628383	2.422872313000675	1420.1079412119664	769.914425401399	487.2346377199405	1387.8898289300253	6.354017098808226
11.16147532605752	2.4210314680815777	1432.938104108922	781.07260547968	488.0023931169319	1400.224481346658	6.391189498212125
11.145336297095218	2.419177302169412	1445.7058493945171	792.2307855579612	488.74988901132235	1412.494883687173	6.427995089940727
11.12846346078693	2.4173113850452457	1458.412518125374	803.3889656362423	489.53316984519387	1424.7089395480334	6.464442830715413
11.112678809235657	2.4154351735223027	1471.0590849437292	814.5471457145234	490.26312305209143	1436.8569593761174	6.50053947657648
11.097638199259423	2.413550017131219	1483.6475478326283	825.7053257928047	490.9550734093438	1448.941906196943	6.536295174330142
11.082251367748341	2.4116571702017695	1496.1817167633012	836.8635058710857	491.6639144635738	1460.971514394995	6.571725205235363
11.066942174386442	2.4097577962914265	1508.66271639169	848.0216859493669	492.3694333514467	1472.9442675722175	6.606836707217156
11.0516511928934	2.4078529748184216	1521.0914609179342	859.1798660276481	493.074410235061	1484.862640799976	6.641636126280774
11.037120400138347	2.4059437050446673	1533.4688502053555	870.3380461059293	493.7394581046735	1496.7247406048014	6.676129776584311
11.02187605363888	2.404030914074978	1545.7957700824202	881.4962261842104	494.44353015729064	1508.5413784085135	6.7103238435459085
11.007350349555391	2.402115465567903	1558.0729262794166	892.6544062624915	495.1099539991029	1520.303887957805	6.7442234053580865
10.992795494301031	2.4001981599818487	1570.30121237199	903.8125863407726	495.77831130303605	1532.0178565635176	6.777834613497211
10.978704923176583	2.398279740721209	1582.481544370338	914.9707664190539	496.42306991254713	1543.6809688869946	6.811163705720771
10.964508586053839	2.3963609011338245	1594.6154908479984	926.128946497335	497.0741497119538	1555.297617988748	6.844217864206435
10.950797909908873	2.3944422858859236	1606.7067246084894	937.2871265756161	497.6991669641601	1566.8645556374945	6.8770099647619265
10.937886649083836	2.39252449598481	1618.756318341214	948.4453066538972	498.28015155034325	1578.38012761695	6.909546595104208
10.922998669127407	2.390608087742147	1630.7645999938632	959.6034867321786	498.97432862087794	1589.8651209031395	6.941830565932849
10.909646043278775	2.3886935763223565	1642.7324154850528	970.7616668104596	499.58313578642486	1601.2974574072725	6.9738678232417595
10.896622785456097	2.386781440786304	1654.6602445117076	981.9198468887407	500.1735108196457	1612.687353493709	7.0056620430839756
10.883225206543013	2.3848721264512514	1666.548556291511	993.0780269670219	500.78737597984116	1624.0406939929142	7.037216813806213
10.869499220060456	2.382966044115815	1678.3980812378522	1004.236207045303	501.42277046331407	1635.3578052877965	7.068537274074055
10.856572874617518	2.38106357711342	1690.2093217416816	1015.3943871235842	502.0119433106091	1646.6304265547692	7.099627151321266
10.844313013942548	2.3791650795979598	1701.9826777868493	1026.552567201865	502.5632490906444	1657.8599210873585	7.130489534400322
10.831650737589591	2.377270883071816	1713.7195806953966	1037.7107472801463	503.13940164456005	1669.055301198966	7.1611307135232565
10.81922851246376	2.375381294319098	1725.4217119465231	1048.8689273584273	503.70369020263263	1680.2119307477667	7.191557577252011
10.806083812191462	2.3734965972201856	1737.089508918437	1060.0271074367085	504.31383997344705	1691.3382765231984	7.221773463824993
10.79462014263907	2.371617056049494	1748.7234025723387	1071.1852875149898	504.82173753325696	1702.4147856388308	7.2517816544549
10.782485102431426	2.369742912845714	1760.3238192620906	1082.3434675932708	505.3725905329861	1713.4623771098582	7.281585378829555
10.7706657121402	2.36787439201478	1771.8911808019311	1093.501647671552	505.9059101183644	1724.4739962590045	7.3111878160429455
10.757892440576779	2.366011701011927	1783.4259045330198	1104.659827749833	506.50194910825434	1735.4611920637815	7.340592095506637
10.747054299384883	2.364155032811188	1794.9283660129604	1115.8180078281143	506.97562701770255	1746.3991541615567	7.369801072250009
10.735254910037959	2.362304562148421	1806.3988634683203	1126.9761879063956	507.51280969322386	1757.3135408794735	7.398817116857556
10.723571283244617	2.360460451309138	1817.8379129030438	1138.1343679846766	508.0452076462984	1768.1953403387424	7.427643893053116
10.712374618949672	2.358622849694728	1829.2461493029298	1149.2925480629576	508.5467313000998	1779.0415797835037	7.4562849323385265
10.701103351099587	2.356791896649368	1840.6255005110656	1160.450728141239	509.0559213357358	1789.8575143789124	7.484746790390911
10.689924700295647	2.3549677166745315	1851.976409004862	1171.6089082195201	509.56000851739776	1800.6422003300847	7.5130316224600575
10.678862239279313	2.3531504294795993	1863.2994459953438	1182.7670882978011	510.0593583443338	1811.3955395505634	7.541143502483
10.667149622252307	2.351340137195091	1874.5947922692214	1193.9252683760824	510.60439666848396	1822.1253853589233	7.5690840592946795
10.65676912027347	2.349536938348541	1885.8627161766274	1205.0834484543634	511.06130766763033	1832.8136234075334	7.596855453151139
10.646302797038645	2.347740916892602	1897.103660141563	1216.2416285326447	511.5249074602685	1843.4751216193765	7.624460897166678
10.635080304120427	2.345952152266597	1908.317694628147	1227.399808610926	512.0442680725888	1854.117216300474	7.6519013040039345
10.625487943442355	2.344170715764522	1919.5053324190326	1238.557988689207	512.4505005498409	1864.7162738177901	7.6791802829943245
10.613936370962486	2.3423966683776736	1930.666679734855	1249.716168767488	512.9978380965422	1875.3086506135965	7.706298940934637
10.60417319896358	2.340630066222216	1941.8020886503864	1260.8743488457694	513.4200785932074	1885.8565783259576	7.733259872156699
10.593614025110835	2.338870959027195	1952.9120057416624	1272.0325289240504	513.9010731413504	1896.386854986496	7.760065948487135
10.583947043105555	2.3371193914722546	1963.9980707834654	1283.1907090023315	514.320362541315	1906.8821333214617	7.786721413161639
10.573717670615052	2.335375401408659	1975.061428495458	1294.3488890806127	514.7817319223454	1917.357946477559	7.8132313840069605
10.563368527545684	2.333639025320698	1986.1022751534272	1305.5070691588937	515.2552655984173	1927.8099524589347	7.83959754562356
10.553651388291414	2.3319102899041106	1997.1206726886896	1316.665249237175	515.6837895496124	1938.230213054195	7.865820718052522
10.543853679209958	2.3301892195197946	2008.1169047908888	1327.8234293154562	516.1204134811596	1948.6266508041178	7.89190312415607
10.534624135114615	2.3284758318032233	2019.091228499061	1338.9816093937372	516.5168331775578	1958.9930661029462	7.917846801075612
10.524975578504696	2.3267701421602576	2030.0438344627732	1350.1397894720183	516.945998791078	1969.3419665223348	7.9436533524242625
10.514852535616628	2.325072160464453	2040.9749120039176	1361.2979695502997	517.414710914476	1979.6743794100664	7.969324362852981
10.505997726406568	2.323381894834049	2051.884649129752	1372.4561496285808	517.7880486358434	1989.9705509523114	7.994861398310368
10.49598736861103	2.321699344950575	2062.7731891486874	1383.6143297068618	518.2524066183908	2000.2585582244963	8.020265735380299
10.486739054970338	2.320024514200345	2073.640759503661	1394.772509785143	518.6607966091503	2010.5164027568148	8.0455391672472
10.478383588098648	2.318357398332119	2084.4876283580656	1405.930689863424	519.0006008669304	2020.742460464676	8.070683487067452
10.46909325123856	2.316697991361755	2095.3149888136472	1417.0888699417053	519.4160454600726	2030.9586440672917	8.095702518452978
10.459945245192003	2.315046286419756	2106.123363994465	1428.2470500199865	519.8226614163574	2041.1523455949339	8.120598506970168
10.450999724711052	2.3134022740948783	2116.91291417833	1439.4052300982676	520.2146112437919	2051.3228668432657	8.145372842981248
10.443053799367334	2.311765940254216	2127.683798633866	1450.5634101765488	520.529357963817	2061.460560334771	8.17002690083181
10.43288791830576	2.3101372690028925	2138.4361084486727	1461.72159025483	521.0246808496214	2071.605673909384	8.19456160864161
10.424767758674523	2.308516246731874	2149.170045697204	1472.879770333111	521.3563020812131	2081.7050350308104	8.218978599256035
10.415593890807914	2.3069028505458244	2159.885770922861	1484.0379504113923	521.7770867429425	2091.7984125879266	8.243279228513266
10.407464659893183	2.305297062763953	2170.5834395739926	1495.1961304896734	522.1136775557248	2101.8599493724937	8.267464810568233
10.398885724359642	2.30369885709628	2181.2632061332934	1506.3543105679544	522.4889456688999	2111.9087827455	8.291536644570762
10.39118677952588	2.302108212384987	2191.925224126495	1517.5124906462356	522.7940378126732	2121.9277574333128	8.315496014864053
10.381706642041564	2.3005251014006474	2202.5695447042517	1528.6706707245164	523.2492771665238	2131.95225248809	8.33934355203977
10.37393530383981	2.2989494966796014	2213.196326795761	1539.828850802798	523.5633564567046	2141.935921019704	8.363080562667049
10.365732995249614	2.297381371377057	2223.805995775924	1550.9870308810791	523.916596273825	2151.907630061634	8.3867092138422
10.357594516123338	2.2958206959186245	2234.3996179312526	1562.14521095936	524.2658687758592	2161.86058976993	8.41023276509507
10.349423241367287	2.294267439211986	2244.9772594690517	1573.3033910376412	524.6195512840139	2171.7965813298815	8.433651389979643
10.341498078176619	2.2927215715742197	2255.5391972278494	1584.4615711159224	524.9553886477256	2181.711543947794	8.456967195241235
10.333553977028963	2.291183062536373	2266.08559561432	1595.6197511942034	525.2942993222558	2191.6095841411784	8.480181536595556
10.3256227368076	2.2896518772332803	2276.6163378677543	1606.7779312724847	525.633578479785	2201.49008080278	8.503293933964176
10.31769308660168	2.2881279818732807	2287.1317588379857	1617.936111350766	525.9758780970047	2211.3535921236185	8.526306841725448
10.309934530728306	2.2866113431621167	2297.631900501649	1629.094291429047	526.3049622340029	2221.197734170747	8.549220800112463
10.302602061049061	2.285101924984072	2308.1167994276734	1640.2524715073282	526.5979110132591	2231.01958882436	8.572036313623384
10.29460833514957	2.2835996912814363	2318.58673704157	1651.4106515856095	526.9517544523812	2240.8355748965528	8.594755457966658
10.287149228624934	2.2821046059513534	2329.0415646579654	1662.5688316638903	527.2604938334314	2250.6280511832488	8.617377535635757
10.278944668976017	2.2806166321535826	2339.4816907899217	1673.7270117421715	527.6375689903302	2260.416277455217	8.639905420798693
9.964923666032881	2.214423825367772	2847.881604714358	2231.6360156562287	539.8640275940003	2731.6424853528247	9.668516835585516
9.846066612601698	2.1864865235435813	3099.3183880493225	2510.5905176132574	543.4728573469371	2960.1184283854045	10.134998235351498
9.737109695778395	2.1613105911138737	3350.7551713842868	2789.545019570286	546.8082121801458	3186.9827686113276	10.57880874722456
9.65180761320444	2.138484218005562	3602.191954719254	3068.4995215273148	547.9974039371176	3411.7194192754755	11.002877822385779
9.56246028895289	2.117671907882484	3853.6287380542185	3347.454023484343	550.4143967318615	3635.273016351912	11.409556462570324
9.489651231017717	2.098600410382831	4105.065521389184	3626.4085254413717	551.3088343828788	3856.8147943379095	11.800764872138405
9.4253054210128	2.08104562846509	4356.5023047241475	3905.3630273984004	551.6328363219662	4076.599296280166	12.178096355274787
9.369346089423944	2.0648221258908293	4607.939088059113	4184.317529355429	551.3204842778445	4294.55931676012	12.542889664663779
9.321448331333851	2.049775040294941	4859.37587139407	4463.272031312457	550.3586018939596	4510.626445378171	12.896282210301512
9.27079020594092	2.0357738963359773	5110.812654729041	4742.226533269486	550.2310892200522	4725.543446958701	13.23925010298688
9.226127871999829	2.022707858607298	5362.24943806401	5021.181035226515	549.6694381841403	4938.6910428089195	13.572638262056328
9.184632031436259	2.0104820558808147	5613.6862213989825	5300.1355371835425	549.0394883317091	5150.257657946616	13.89718440461396
9.147834928384341	1.9990147156347087	5865.12300473395	5579.090039140572	548.0933359753708	5360.065950344191	14.21353635655043
9.086867032510538	1.978080706718177	6367.996571403879	6136.9990430546295	545.3679178539653	5774.312372009683	14.823885772391792
9.059399676995492	1.9684978289218489	6619.433354738847	6415.953545011657	544.0171794473616	5979.049020414378	15.118848204872867
9.032471483230784	1.9594383782182732	6870.870138073813	6694.908046968686	542.8522590859004	6182.387472075484	15.407563347832937
8.982833998380572	1.942724758651087	7373.7437047437425	7252.817050882743	540.6453001484131	6584.547476255942	15.967693719976664
8.961716148330888	1.9349991391384227	7625.180488078708	7531.771552839771	539.3570162037458	6783.08385706091	16.239747380519486
8.945467014068344	1.9276528528310173	7876.617271413671	7810.726054796801	537.6110362734271	6979.425727185804	16.506838258916286
8.924473106628414	1.9206587109669748	8128.054054748636	8089.6805567538295	536.6852680664878	7175.311870012408	16.769220783822455
8.908085888381411	1.913992171168645	8379.490838083606	8368.635058710857	535.3183924508619	7369.010863173484	17.027127594372818
8.89034542138825	1.9076310130383822	8630.927621418567	8647.589560667886	534.2884531987693	7561.689823331566	17.280773611097867
8.861522809642846	1.8957459514039547	9133.801188088502	9205.498564581943	531.8020609725775	7941.705032364396	17.776059904596117
8.848764119070816	1.8901869163909268	9385.23797142348	9484.453066538972	530.5510253365114	8129.35883199382	18.01805347723622
8.836301042193787	1.8848626174930843	9636.67475475845	9763.407568496	529.3873452021614	8315.637202538355	18.25649541183131
8.826511407142483	1.8797589891613757	9888.111538093424	10042.36207045303	528.0082360628467	8499.88514141374	18.491532757593802
8.81358924411537	1.8748631033850764	10139.548321428396	10321.316572410058	527.1268395880694	8683.72667036898	18.72330285569049
8.803339316079288	1.8701630575970842	10390.98510476336	10600.271074367085	526.0188182696155	8865.524575681444	18.951934101982477
