28.382674912641598	0.08186168569606778	35.01889990375193	0.11158180078281144	0.21926186974739212	29.42314902622758	0.2294761402266479
27.641770240697547	0.08321373215704085	56.00181385488425	0.22316360156562287	0.16964892259207845	45.838738242152175	0.36638318336958964
26.83433892584748	0.08412053650494968	72.04827648580353	0.33474540234843436	0.14312977282693629	59.51381247828058	0.4708744562489539
26.655930269292238	0.08653140692622104	81.10687321179608	0.44632720313124574	0.11056400213515243	70.98732377518685	0.5297225169962301
25.816045958412317	0.08964351049144294	90.14122176324858	0.5579090039140573	0.09426161745451377	78.92916323992486	0.5884123560085507
25.510632233044056	0.09351022418067965	97.0036548044586	0.6694908046968687	0.07703501150416726	86.10946335922631	0.6325701430208444
24.865723215220463	0.09808744128249584	101.25525164665608	0.7810726054796802	0.06441478610460978	94.30146334271618	0.6592591071306456
24.363387806718706	0.10347096747597125	105.50684848885356	0.8926544062624915	0.05173119779557157	98.66426263710478	0.6859480712404469
23.71699265879324	0.10924524599950719	109.75844533105104	1.004236207045303	0.045385242815485956	102.71746229944176	0.7126370353502481
12.790508200417223	0.5526437528422838	245.1184020096942	11.158180078281145	108.24941371527719	242.56514105840452	1.5639839105109101
12.741844988683567	0.5871555111555989	253.65404261951434	12.273998086109259	117.50875010195774	251.0689532292167	1.6161407903683724
12.703093518621078	0.6199291074439531	261.7296876054994	13.389816093937375	125.85018533037763	259.1086625237894	1.6652807548923627
12.673870060804246	0.6511410717392117	269.4055962745393	14.505634101765487	131.68568792249943	266.74817204637486	1.7117993338468043
12.649050694321803	0.6809410051343897	276.72287937272495	15.621452109593601	137.20306003060705	274.0332163034561	1.7559712092779407
12.638971559768402	0.7094612567635955	283.69870404461176	16.73727011742172	142.17221895081167	280.9830511068824	1.7979216311163295
12.623873044969306	0.7368252430033018	290.3264756886116	17.853088125249833	147.07696947749466	287.610185794187	1.8376317821389079
12.600631528880603	0.7631549914313146	296.5716568394774	18.968906133077947	151.9751716651829	293.89426702747585	1.8749153030271155
12.589731016760224	0.7885774509434988	302.37346995694344	20.084724140906058	156.3914754908005	299.77770726560766	1.9094300248894451
12.576964650428856	0.813221882641108	307.6977800217818	21.200542148734172	160.71336166173728	305.21883451969086	1.9409954673559573
12.570265083236668	0.8372084305606754	312.5548311003268	22.316360156562286	164.7687886265924	310.20209391619466	1.9696941581087066
12.572861913941608	0.8606367865296405	316.9984994001083	23.4321781643904	168.49198743998335	314.7563998666357	1.995863315072614
12.555355391952354	0.8835802784123964	321.11246882335183	24.547996172218518	172.6671342459176	318.9610736518758	2.020012427524096
12.552586668515302	0.9060872279487413	324.97287906137774	25.663814180046632	176.39579567776644	322.8812256958583	2.0425998459960533
12.549303360794479	0.9281868800742319	328.64772908651815	26.779632187874743	180.08381759946494	326.58826436462635	2.06403412644212
12.547029355665046	0.9498960174825601	332.18020221677125	27.89545019570286	183.69401065141875	330.1367309646492	2.0845736169209217
12.549846986522324	0.9712245392010899	335.5982255806876	29.011268203530975	187.1171428062381	333.55972908762607	2.1043861706555105
12.541879842619874	0.9921794552440616	338.9166332901087	30.12708621135909	190.79417534865402	336.883362415041	2.123562600602054
12.541851623953152	1.0127675080659044	342.14054098195624	31.242904219187203	194.20553382854922	340.11169575241763	2.1421370079781914
12.540451557683788	1.0329967019400024	345.26897586087966	32.35872222701532	197.59985520610675	343.24823309017006	2.160108333654557
12.54794642716364	1.052876953245705	348.2934906048384	33.47454023484344	200.68296994274357	346.2879625227379	2.1774307504241994
12.550264790066533	1.0724201724174003	351.210670664623	34.590358242671556	203.86132557500414	349.22830420978073	2.194090618878463
12.545960590642697	1.0916398850196187	354.0134116692692	35.70617625049967	207.1846714453883	352.06484395029605	2.210051092885248
12.546458091755477	1.1105506904133053	356.69639673979367	36.82199425832778	210.32396229378122	354.78794887674593	2.2252858323402576
12.5468537442063	1.1291675848027425	359.2598072956073	37.937812266155895	213.42545230099563	357.39553768487303	2.2398008335536086
12.549732008290807	1.1475053415867196	361.7032782267105	39.053630273984005	216.41523699265278	359.88639815880884	2.253597754807214
12.551405279787563	1.1655780499041453	364.03298968856814	40.169448281812116	219.4062795923648	362.26468099343913	2.2667164136772837
12.558740718264321	1.1833988499448942	366.2544771961141	41.28526628964023	222.1916947877873	364.53312101731103	2.27919180247867
12.560058823171868	1.200979584575236	368.3723492162662	42.401084297468344	225.13025443811827	366.6968121538377	2.291052772256226
12.563009157007457	1.2183309544401535	370.3945062881371	43.51690230529646	227.99060166113577	368.76357774085784	2.30234711811895
12.566130400776824	1.2354623165346452	372.32977450712104	44.63272031312458	230.81955176279334	370.74062040449684	2.3131276296906176
12.56964265528042	1.2523818949893888	374.18470846904665	45.7485383209527	233.61137006091303	372.63384834342173	2.3234333070653297
12.57595388247614	1.2690968389724635	375.9661085932601	46.86435632878081	236.29105617781642	374.44910518437734	2.333304347113423
12.576834708017715	1.2856133438276007	377.6807841326737	47.980174336608926	239.12075181763444	376.19507180021907	2.342780804752391
12.583391473116663	1.30193676925473	379.3353523431716	49.095992344437036	241.74709169037502	377.8756664603081	2.3519014682303516
12.584308680430219	1.3180717656828473	380.936078147139	50.211810352265154	244.53465522373617	379.5000138255667	2.3607029707657965
12.586965572167815	1.3340223704641796	382.48624769484627	51.327628360093264	247.24045621033315	381.07241836383594	2.369204206513878
12.593317032956925	1.34979203171475	383.99094137104214	52.44344636792138	249.80042066518504	382.5974580320199	2.377434627335955
12.597410093219263	1.3653838373065095	385.4574652488782	53.559264375749486	252.41089292460313	384.0769883583978	2.385437058826325
12.604747967283995	1.3808004828862888	386.88526062837286	54.6750823835776	254.88930609122013	385.5193815227823	2.393207279747515
12.604988094095834	1.3960442962561939	388.28205340026153	55.79090039140572	257.5833133428908	386.9267196260726	2.400790724825697
12.604988094095834	1.3960442962561939	388.28205340026153	55.79090039140572	257.5833133428908	386.9267196260726	2.400790724825697
12.606341871655834	1.3998285140503122	388.62560388992966	56.06985489336274	258.2094142960993	387.27441297411394	2.402652426041103
12.606879975490108	1.4036020893810666	388.9691543795978	56.348809395319776	258.86186079950977	387.6180178147347	2.404514127256509
12.608997209186537	1.4073650398382642	389.3092460178832	56.6277638972768	259.45970749745436	387.9612809916932	2.4063548026499553
12.609273845875853	1.4111174390715293	389.64811616552146	56.90671839923384	260.1186828720764	388.3025449393451	2.4081880527909028
12.611075076403301	1.414859270301122	389.98693508958297	57.185672901190856	260.72417277794744	388.64099404152404	2.4100209900440475
12.611987170329952	1.4185905794910074	390.3213971290051	57.464627403147894	261.35834162387465	388.9796338824216	2.4118273142383533
12.613220682762336	1.4223114129678267	390.6558591684272	57.74358190510491	261.9804252581172	389.3146717251294	2.413633638432659
12.61660595432875	1.42602175272206	390.9893132638223	58.02253640706195	262.5280684966391	389.64816516290205	2.4154337715539547
12.615525926961634	1.4297216639803014	391.3196370570143	58.301490909018966	263.22612969201106	389.98261814606815	2.417214677487069
12.615991196489993	1.4334111652602954	391.64996085020636	58.580445410976004	263.87004501494346	390.31239809123514	2.4189955834201835
12.622647894431944	1.4370902503809329	391.9785969112701	58.859399912933036	264.3007145147694	390.6408470717193	2.4207660562565834
12.62077806111132	1.4407589859813332	392.30504983083335	59.13835441489007	265.0223512483002	390.9703470082013	2.4225230335115264
12.620113010956864	1.4444173759793721	392.63150275039663	59.41730891684709	265.70108926622567	391.2962764374479	2.4242800107664686
12.620802492371373	1.448065424676069	392.9558273330506	59.69626341880411	266.3318197287311	391.6219165111046	2.4260237333001684
12.620604075808604	1.4517031939548681	393.27867419404487	59.975217920761146	266.9920421774262	391.94644081699823	2.4277582529728985
12.623543876113223	1.4553306798427181	393.6015210550392	60.25417242271817	267.5429803860239	392.26778624482836	2.4294927726456286
12.624320922179209	1.458947898053895	393.92200192986	60.53312692467521	268.1667442487907	392.58958625361083	2.431212429756095
12.6255914736316	1.4625548995118354	394.24150496681034	60.812081426632226	268.7718326705094	392.90966803134694	2.432925944321691
12.626548376453806	1.466151679411102	394.5610080037607	61.091035928589264	269.3866693246198	393.227870792118	2.4346394588872866
12.627730589414782	1.46973825518566	394.8780758260635	61.36999043054628	269.99258076893625	393.54602392516756	2.436337520266725
12.629178041707517	1.4733146755331676	395.1944947110226	61.64894493250332	270.58727282410223	393.8623765076701	2.4380314636725844
12.629773210582275	1.4768809326060268	395.5109135959817	61.927899434460336	271.21021395072546	394.17735153960484	2.439725407078444
12.631806506889257	1.4804370506257325	395.82496375616637	62.206853936417374	271.7819521861422	394.49201952090584	2.441404138089287
12.63248813983187	1.4839830675386425	396.13855565388286	62.4858084383744	272.39953949451495	394.8052463526811	2.443079926052562
12.635650869327264	1.4875189801544133	396.4521475515993	62.76476294033144	272.9281551940778	395.11662881533556	2.4447557140158374
12.635403461305268	1.4910448080831868	396.76354217341384	63.043717442288454	273.57493682847	395.4287294583532	2.446417187304375
12.636149731489732	1.4945605909238697	397.0745618298326	63.32267194424548	274.18581459488223	395.73902405599836	2.448076217791955
12.637305869904845	1.498066326161599	397.38558148625134	63.60162644620251	274.7805596955467	396.04803452543075	2.449735248279535
12.63853092156323	1.5015620308119308	397.69465154487773	63.88058094815954	275.37111987371014	396.3570260776864	2.451381355984308
12.639240022277264	1.5050477418185944	398.00335140539033	64.15953545011656	275.97864080772945	396.66474449292247	2.45302500985484
12.640383671145457	1.5085234594843009	398.3120512659028	64.4384899520736	276.5697365256492	396.9712110080147	2.4546686637253714
12.641351757074165	1.5119891967439012	398.6190988018067	64.71744445403063	277.1645735109719	397.2777098302939	2.456301130142157
12.643971189270678	1.5154449897507178	398.9257291558621	64.99639895598766	277.69997399887177	397.582744227958	2.457930771930774
12.64380293437276	1.5188908402431058	399.23235950991756	65.27535345794469	278.33243006148433	397.8871900785791	2.4595604137193923
12.645216839315207	1.522326763832673	399.537659918174	65.5543079599017	278.90713095228296	398.1912943601099	2.4611808083062106
12.646100986168209	1.525752789756676	399.84246906705374	65.83326246185874	279.49873348610896	398.49469494828105	2.4627977871338333
12.647349226387297	1.5291689239364736	400.14727821593345	66.11221696381577	280.07623165502906	398.79678673276385	2.464414765961456
12.648528777010016	1.5325751755825083	400.45108259421517	66.3911714657728	280.654583755046	399.09888714053994	2.4660245165868653
12.651794346818777	1.5359715768247209	400.75431703896186	66.67012596772985	281.15659993189234	399.40002685027997	2.467630167177055
12.648591890536869	1.5393581347184186	401.0575514837086	66.94908046968686	281.8865933345465	399.7012607059814	2.469235817767245
12.652419929682406	1.5427348559899488	401.36008902527215	67.2280349716439	282.36616971027087	400.0009818669249	2.470836224123156
12.653294258404262	1.5461017723754158	401.6619936719374	67.50698947360091	282.9476238729903	400.30110797085985	2.4724318679106063
12.654253462028079	1.5494588854091607	401.96389831860273	67.78594397555796	283.524720924144	400.5998823866342	2.474027511698057
12.660546981258445	1.5528062190397927	402.2653787394322	68.06489847751497	283.91070410179793	400.89749919502003	2.4756197588143616
12.656510486711333	1.5561437815909838	402.56619711896985	68.34385297947202	284.66156753677154	401.1973436638936	2.477206705130095
12.658139774561295	1.5594715928125473	402.86701549850744	68.62280748142904	285.2091671474336	401.4946654740066	2.4787936514458275
12.657911106667687	1.5627896590317767	403.1676314901748	68.90176198338607	285.8213519853585	401.7923658011329	2.4803788232578206
12.659998509474574	1.5660980020239579	403.4676059901169	69.1807164853431	286.3487068924782	402.08955657195014	2.481958370575303
12.661575418301126	1.5693966342333319	403.76758049005906	69.45967098730013	286.8921954427084	402.38599156054255	2.483537917892785
12.662699217241059	1.572685564798125	404.06751019220155	69.73862548925715	287.4504050485483	402.6823081364004	2.485117010825606
12.663865061357665	1.5759648117115557	404.3668822989419	70.01757999121418	288.00423711768536	402.9786091881551	2.486690448061038
12.668816635751398	1.579234389856282	404.6662544056822	70.29653449317121	288.42162822010977	403.2735704838421	2.4882638852964702
12.666367604521506	1.5824943092550163	404.96562651242255	70.57548899512823	289.10044412960497	403.5698195662348	2.4898373225319017
12.66547091862972	1.585744583313632	405.2646744418319	70.85444349708526	289.7210330859057	403.8657238846696	2.491406429688128
12.668204440807461	1.5889852272137306	405.5636849897193	71.13339799904229	290.21047693480386	404.16058737290916	2.492975037534452
12.667752252132688	1.5922162537240718	405.86269553760667	71.41235250099933	290.8114037098448	404.45578898975447	2.494543645380776
12.670538458359246	1.5954376738008849	406.16162020117747	71.69130700295635	291.29424661068197	404.75026404908914	2.4961097320841503
12.671654860743041	1.5986495025574334	406.4605096266355	71.97026150491338	291.8342874952492	405.0450442559862	2.4976747843691007
12.672966384300118	1.6018517521923357	406.7593990520935	72.2492160068704	292.36564349013946	405.33947504675024	2.4992398366540507
12.67386906265043	1.605044432845516	407.0583497671181	72.52817050882744	292.9076067521583	405.63399032384297	2.5008037126439984
12.674871122147993	1.6082275587364112	407.3573583660068	72.80712501078446	293.44436342021805	405.92847284775695	2.5023664777026093
12.67850566299331	1.6114011441461817	407.65636696489554	73.08607951274149	293.8855379310962	406.2222480874527	2.5039292427612203
12.675893227744194	1.614565199270891	407.9554887731327	73.36503401469851	294.54389789817884	406.51741443343525	2.5054916857441523
12.67807512560037	1.6177197334716966	408.2548569590178	73.64398851665555	295.03126045086833	406.8114899100197	2.5070534277933767
12.679824146936072	1.6208647619513683	408.55422514490283	73.92294301861257	295.53034097356533	407.10573388217415	2.5086151698426016
12.680418508769575	1.6240002971437826	408.8536613404413	74.20189752056959	296.0670951875104	407.4002685043868	2.510176938903682
12.681915985774253	1.6271263478216202	409.153629901657	74.48085202252663	296.57039933279503	407.69458824035337	2.511738919408055
12.682404217422347	1.6302429250385349	409.4535984628727	74.75980652448366	297.1040651401862	407.98928946883984	2.5133008999124273
12.683719467221145	1.6333500438838218	409.75356702408845	75.0387610264407	297.6070448226322	408.283989191955	2.5148628804168
12.685145137350325	1.6364477139143323	410.054303480135	75.31771552839771	298.1029285870706	408.5786541942817	2.5164262278860843
12.690105466313971	1.6395359429473673	410.3551138335126	75.59667003035476	298.47306185881683	408.87259399271414	2.5179897069034074
12.686896739205036	1.6426147457147173	410.65592418689016	75.87562453231178	299.1238423044154	409.1689101416153	2.51955318592073
12.688021409394779	1.6456841369256145	410.95750881385584	76.1545790342688	299.6194969701938	409.46420867952725	2.521118635093287
12.688553881742566	1.6517946979778855	411.5612976920426	76.71248803818287	300.66232378331756	410.0559528144302	2.5242511100851948
12.695923371917102	1.6548359027285362	411.86388489072436	76.99144254013989	300.93575351547344	410.35057361754855	2.525819445238945
12.694732118635992	1.6578677242833684	412.16710682630526	77.27039704209692	301.4986106430629	410.64720819870047	2.527389702359316
12.6935073488919	1.6608901836318695	412.47032876188615	77.54935154405395	302.05784814770556	410.944572112682	2.5289599594796868
12.694683429655644	1.6639032940141782	412.7740815886505	77.82830604601098	302.53367408395064	411.24169536413547	2.530532000526789
12.694652311521226	1.6669070512442605	413.078875779157	78.10726054796801	303.0448607848207	411.5390977760712	2.5321075408156823
12.697214951283918	1.6699014737668152	413.3836699696634	78.38621504992503	303.4665621669912	411.83643797296145	2.5336830811045754
12.697932828202916	1.6728865760469767	413.6887626758225	78.66516955188207	303.94614058740035	412.13494681127844	2.535259696604415
12.70446969597868	1.6758623582696814	413.99537544533837	78.94412405383909	304.2291889971643	412.43202629294	2.5368417871563844
12.699808861735786	1.678828827383849	414.30198821485425	79.22307855579612	304.88062153996947	412.7321392377418	2.5384238777083534
12.701160295018342	1.6817860044534587	414.60860878065887	79.50203305775315	305.32791794388	413.0320077383984	2.5400059977678766
12.701018618645511	1.68473388995988	414.9172882218722	79.7809875597102	305.82284165694574	413.33223333071993	2.541595910301347
12.703281732807854	1.6876724885768466	415.22596766308544	80.05994206166721	306.23246447370093	413.6318531670622	2.5431858228348165
12.70456365133268	1.6906018196022827	415.5346471042987	80.33889656362425	306.6737134950745	413.93345340064474	2.5447757353682863
12.706760085052295	1.6935218881731333	415.84531647974893	80.61785106558126	307.0787877675403	414.23485161820327	2.546373463707253
12.706498052406232	1.696432691818763	416.156312639188	80.89680556753831	307.5629083097255	414.53685392446926	2.5479724755459707
12.707527984308893	1.6993342496629678	416.4673087986271	81.17576006949533	307.9988334689353	414.84007793260776	2.5495714873846884
12.70732431679085	1.702226574111174	416.78018541683986	81.45471457145234	308.47299191980505	415.14408047355926	2.5511780998062523
12.709762533344293	1.7051096519753373	417.09375045952225	81.73366907340937	308.8572265339914	415.44739569007004	2.5527874947547655
12.716913640594305	1.7079835075729846	417.4073155022046	82.0126235753664	309.09019071567496	415.75077270331707	2.5543968897032787
12.711699526720473	1.710848153107861	417.7226458364169	82.29157807732344	309.7110854882897	416.058315281467	2.5560135839898614
12.712708052721476	1.7137035736801607	418.03903418686394	82.57053257928045	310.13267837782587	416.36423523122687	2.5576346530882232
12.71326840471656	1.7165497933897562	418.355422537311	82.84948708123748	310.5625536799842	416.6712465884062	2.5592557221865855
12.714679114051146	1.719386816920722	418.673476831574	83.12844158319453	310.9648091852517	416.97956146297014	2.560883808044221
12.715835800808012	1.7222146401317238	418.992945287955	83.40739608515156	311.3691135881779	417.28792862504895	2.5625178501862518
12.716144448812821	1.7250332755599018	419.3124137443361	83.68635058710858	311.79902422716737	417.5971512128287	2.564151892328283
12.716436440761225	1.7278427432382861	419.6334883523061	83.96530508906562	312.22314661685266	417.90849905532446	2.5657928029258814
12.71871079675271	1.730643021814944	419.95629617027754	84.24425959102264	312.5860708016806	418.21929913610967	2.5674411253244362
12.719206200054524	1.7334341292042827	420.279103988249	84.52321409297967	312.9972382234832	418.53085302525466	2.569089447722991
12.720720012590618	1.736216085872088	420.60352362813217	84.80216859493669	313.3768705157711	418.8448548742123	2.5707447507487764
12.72157770498049	1.7389888683990657	420.92993257073823	85.08112309689372	313.77114706687144	419.1590191803893	2.5724086692305614
12.722487650410732	1.741752494023505	421.25634151334435	85.36007759885075	314.1624255413194	419.47315351402347	2.574072587712346
12.72256668928575	1.7445069834329223	421.58446141497694	85.63903210080777	314.57434788509727	419.79073536584366	2.575743995833082
12.723241028645715	1.7472523112337253	421.9147357647832	85.9179866027648	314.9661312379836	420.108188242586	2.577424834944689
12.725452301442377	1.7499884952795313	422.24501011458943	86.19694110472183	315.3089791533653	420.42519387124776	2.579105674056296
12.727774149714602	1.7527155547818025	422.5772180306001	86.47589560667886	315.64513516897466	420.74532688015717	2.5807950546455274
12.727594972696602	1.7554334621397607	422.911624560049	86.75485010863589	316.05450585655245	421.06651286183524	2.582494147551536
12.726029529221787	1.758142236871802	423.2460310894979	87.03380461059292	316.4990864903681	421.388079411331	2.584193240457545
12.734227575288376	1.7608418951165772	423.58274913825096	87.31275911254995	316.6556045108409	421.7100121824637	2.5859026244387757
12.730266241093881	1.763532410437956	423.9215570340637	87.59171361450699	317.1657696537745	422.0360498583717	2.5876213125920517
12.731931026475197	1.7662138011221473	424.2603649298766	87.870668116464	317.5089681437213	422.3604337202527	2.5893400007453278
12.732136462817927	1.7688860818024363	424.6020512335116	88.14962261842105	317.8917100102783	422.68853527361455	2.591071590375121
12.731807406956921	1.7715492221994054	424.9455319708275	88.42857712037807	318.286904579086	423.0175310121287	2.592811222938863
12.73229428841621	1.7742032460252632	425.2890127081434	88.70753162233508	318.6567744963011	423.3462667331032	2.594550855502606
12.734362463513046	1.7768481619112177	425.6361627845859	88.98648612429211	318.97705215623216	423.67806081542676	2.596307030897512
12.734498048574808	1.7794839382136205	425.9845899464356	89.26544062624914	319.3525824062872	424.01118913602255	2.598068963898228
12.747480248655611	1.782110608410928	426.33301710828533	89.54439512820618	319.35634235911203	424.34038113709	2.599830896898944
12.736354326344	1.7847280713757412	426.697999415102	89.8233496301632	320.04782315310104	424.68084632229755	2.6016739739034747
12.73829596099421	1.7873361817581659	427.06473930215526	90.10230413212022	320.3639857328036	425.0179169650037	2.603525665577204
12.737894620344008	1.7899349604423542	427.4356255454094	90.38125863407727	320.7432224771952	425.35567820959363	2.605397712923936
12.739797921770968	1.7925242086359403	427.8227115984201	90.6602131360343	321.0566922917101	425.6972009498354	2.607349289865842
12.746387288293903	1.7951038566847648	428.20979765143073	90.93916763799132	321.2341190523685	426.03748971772615	2.6093008668077484
12.741687542493887	1.7976738613152672	428.61147495941555	91.21812213994835	321.72841590410854	426.38209407969083	2.611324184055077
12.74255919574167	1.8002339794323825	429.02129732834294	91.49707664190538	322.0640149989008	426.7420452998983	2.6133875478344395
12.743461956989949	1.8027842130868514	429.43670842449006	91.77603114386241	322.39524927088365	427.101921976558	2.6154784281285806
12.744273806463314	1.8053243201932765	429.87210471292667	92.05498564581943	322.72854507380447	427.4675677698046	2.6176677070056864
12.745104574119676	1.8078542080294537	430.3075010013633	92.33394014777646	323.05778307427977	427.8472613544076	2.619856985882793
12.746048934394505	1.8103737124430617	430.76998240150436	92.61289464973349	323.3822004063014	428.22682051842213	2.6221797951733534
12.746632523489977	1.8128826120278485	431.2343567890119	92.89184915169052	323.7156206842418	428.62155413523385	2.624511936948433
12.747730894117902	1.8153807802020432	431.72491237500225	93.17080365364754	324.0307181664739	429.0231285947864	2.6269733101352686
12.748172367040027	1.8178679112780491	432.2223972072668	93.44975815560458	324.3634294747015	429.4300169272709	2.629468886350624
12.749548897344718	1.8203438514093515	432.7499479686474	93.7287126575616	324.66777654002664	429.8562563499011	2.6321130366104275
12.749953381213093	1.8228082456126726	433.2856273783464	94.00766715951863	324.99635523008453	430.2827298302646	2.634797355466116
12.75085682979451	1.8252608330373228	433.8624909390173	94.28662166147566	325.31036272548596	430.73363909019935	2.637685401834368
12.752207431333904	1.8277012554150671	434.45340882484555	94.56557616343271	325.60857387954826	431.1876875539127	2.640643021745459
12.752362116150376	1.8301290285390717	435.08626353123896	94.84453066538973	325.938042007115	431.66415209692894	2.6438082900233004
12.752129226354246	1.8325437655750836	435.75847855078143	95.12348516734676	326.27699717227006	432.1507831888618	2.6471686181501197
12.753216657246124	1.8349448045553216	436.46880021128686	95.40243966930377	326.5755777377671	432.6601038661683	2.6507178488648133
12.75545520181909	1.8373313909523827	437.24189954032903	95.68139417126082	326.8412009265154	433.18202274982957	2.654578433495628
12.755996686520827	1.8397026379402108	438.10081540718625	95.96034867321784	327.15166925261695	433.7357502435828	2.658864934194599
12.754637777235024	1.8420572828261614	439.0616357645297	96.23930317517487	327.5102837165925	434.3018265398121	2.6636574775786617
12.756609657348779	1.8443935142602492	440.17500123040395	96.51825767713188	327.7758052075139	434.9140947837339	2.6692079069532384
12.7571656695572	1.8467084209678484	441.58018547703927	96.79721217908893	328.0768817343015	435.5481417093004	2.676208992554526
12.759362955094117	1.8489955890803875	443.7780432945536	97.07616668104595	328.32825852911947	436.2191496422076	2.6871528567132157
12.758342796385945	1.850601270785304	636.8341627823031	97.35512118300298	328.57540100591274	436.76096736212037	3.6478035327745677
12.75849436148124	1.8507754220614216	915.7886647393036	97.63407568496	328.5950185035896	436.91326662622816	5.035448215131157
12.758306465577308	1.8505170571214007	1194.743166696357	97.91303018691704	328.5648481421021	436.938395633742	6.422705999170852
12.757726723684573	1.8501390649205125	1473.6976686534838	98.19198468887407	328.52910006697823	436.9173259174598	7.80966207324075
12.7570678722082	1.8496904590137615	1535.2619205286	98.47093919083109	328.48588755819173	436.8763911367897	8.115722938992286
12.756748367708765	1.849142785928609	1537.107737937304	98.74989369278813	328.4198529853882	436.83139065674	8.124897568177381
12.756139727197773	1.848541840649309	1538.4528707740337	99.02884819474517	328.3545030431361	436.79174692777747	8.131582421422314
12.755394113035287	1.8479077893429887	1539.584919427832	99.30780269670218	328.28841743872204	436.7601570304508	8.13720746564907
12.758072738971526	1.847251039747467	1540.5772178449622	99.58675719865921	328.1255277195401	436.7346490729785	8.142137324803615
12.757368357753684	1.8465776133166496	1541.4717075702563	99.86571170061625	328.053059834106	436.7211673758131	8.146580555577879
12.7564218196815	1.845891278773481	1542.2950805421447	100.14466620257328	327.98548854084714	436.7171097218388	8.150669903756903
12.753342635742566	1.8451945466031066	1543.0558655474838	100.4236207045303	327.9748063045296	436.72399334464825	8.154447758169061
12.753113290782883	1.844489178211348	1543.762519349032	100.70257520648732	327.8843986146106	436.7372194413847	8.157956147365677
12.75180918821494	1.843776458255777	1544.4379284987024	100.98152970844436	327.8224635141807	436.759995487948	8.161308974170217
12.751143085807493	1.8430573492388824	1545.0816696570657	101.26048421040139	327.7420968804835	436.79052658662397	8.16450411952759
12.748307536469392	1.8423326117797854	1545.6865655470726	101.5394387123584	327.7207203126614	436.83121203206707	8.16750579571861
12.749402932684848	1.8416028474407882	1546.277984716799	101.81839321431544	327.59047224954634	436.87600256012865	8.170440342125
12.747175903583498	1.840868543083228	1546.8358937207138	102.09734771627247	327.55105521309866	436.9316527646602	8.173207943992425
12.747458473663213	1.840130114061003	1547.3815117177146	102.3763022182295	327.4420971106706	436.9922377897884	8.175914294813646
12.746576518555532	1.8393878978797802	1547.9045514088848	102.65525672018653	327.36467500244026	437.06121099825094	8.1785081288278
12.74583897428423	1.8386422005899377	1548.4145200494868	102.93421122214357	327.28284596337164	437.1370761298606	8.181036803708459
12.745181984081821	1.8378932678366025	1548.9067926999999	103.21316572410059	327.1984025013787	437.2197207296846	8.183477264151067
12.744067628820021	1.837141332883927	1549.388781072679	103.49212022605762	327.1261292699841	437.3095698863948	8.185866440148754
12.74199909080951	1.8363865885400539	1549.853705242608	103.77107472801464	327.0794670342863	437.4171300455464	8.188170522357623
12.743044893747406	1.8356292240260246	1550.313589041985	104.05002922997168	326.9459881439398	437.53001422809	8.19044946084156
12.74606257420974	1.8348693877731057	1550.75404351876	104.3289837319287	326.7577517816506	437.64723902376227	8.192631476780173
12.740073199446378	1.8341072322548746	1551.1944979955347	104.60793823388573	326.8182320243929	437.7833716557538	8.19481349271879
12.73967257647926	1.8333428903090174	1551.614812135429	104.88689273584275	326.72394227284707	437.91884845119824	8.19689500141504
12.737820394439936	1.8325764819762853	1552.033243888365	105.16584723779978	326.6694863374206	438.0630111638405	8.198967116349737
12.736842412542849	1.8318081195203615	1552.4516756413009	105.4448017397568	326.5906466569019	438.21250750758827	8.201038809261577
12.737093455955245	1.8310379279162143	1552.8701073942364	105.72375624171383	326.47769474387724	438.37206999173515	8.203110082728278
12.733880839291341	1.8302660097401267	1553.288539147172	106.00271074367086	326.4600340631625	438.561219980475	8.205181282592628
12.732639242528863	1.8294924568316298	1553.7069709001075	106.2816652456279	326.3878188491635	438.75416273767934	8.207251715445098
12.733185673647988	1.8287173655439417	1554.125402653043	106.56061974758492	326.26618457807615	438.9508982842427	8.209322148297568
12.731431081286463	1.8279408088071396	1554.5438344059787	106.83957424954195	326.2073990242764	439.1586229562361	8.211392016322964
12.729881706426825	1.8271628720680393	1554.9622661589142	107.11852875149897	326.1424509655593	439.3797648168803	8.21346160941358
12.72784316595135	1.8263836310020132	1555.3806979118497	107.39748325345602	326.09092637977415	439.6384284545324	8.215530987180927
12.72787088086621	1.8256031510881132	1555.7991296647854	107.67643775541303	325.9818528044224	439.9001709279343	8.217599741360681
12.72469744048344	1.8248214975946864	1556.2175614177208	107.95539225737006	325.961521980673	440.176858311623	8.219668495540438
12.725607876234918	1.8240387359391954	1556.6359931706563	108.2343467593271	325.8277144404996	440.4749505309321	8.221736545952837
12.724287474197471	1.8232549226099817	1557.0544249235918	108.51330126128413	325.7556975650683	440.81945555784137	8.223804462071348
12.722566153859354	1.8224701125256888	1557.4728566765275	108.79225576324114	325.69467267707836	441.17398110205994	8.22587202500031
12.721920739478263	1.8216843602065382	1557.891288429463	109.07121026519818	325.60372416020135	441.5828757086953	8.227939103905818
12.720755980963512	1.8208977172258214	1558.3097201823985	109.3501647671552	325.527068033935	442.04512517403634	8.230006180309683
12.719467353005655	1.820110232051646	1558.728151935334	109.62911926911224	325.4537462381171	442.5771759146258	8.232072422849056
12.717093523894782	1.8193219496280375	1559.1465836882694	109.90807377106927	325.4103497448453	443.2272442219813	8.234138665388429
12.716872223642659	1.8185329140588677	1559.565015441205	110.1870282730263	325.30648456174265	444.1441142513166	8.236204420702597
12.715225913187728	1.8177431703098819	1559.9834471941406	110.46598277498333	325.2420869369026	469.7261891482429	8.23826982772133
12.71464769882731	1.8169527582085858	1560.4018789470765	110.74493727694036	325.1477788779958	562.9147014494232	8.240335099264318
12.71255718190158	1.8161617169272548	1560.820310700012	111.02389177889738	325.0956325738722	674.8865075065864	8.242399671606544
12.715919280053953	1.8153700830469706	1561.2387424529475	111.30284628085441	324.89128903410335	801.5174300019138	8.24446424394877
12.71011107094812	1.8145778964655948	1561.657174205883	111.58180078281144	324.9427108341431	963.4709832603342	8.24652819883692
12.65108010389226	1.7827395656954108	1578.3944443233047	122.73998086109259	322.09826671955824	1556.6164056596083	8.32881110391118
12.582038008865716	1.7513103467059838	1595.131714440726	133.89816093937375	319.4916116952821	1572.6779162140633	8.410556082042232
12.505966650809015	1.7208620773708572	1611.8689845581478	145.0563410176549	317.11958296098	1588.7662473389644	8.491774986190928
12.427324720756113	1.6916748937946127	1628.6062546755693	156.21452109593602	314.89971086000895	1604.8673871816438	8.572479787783923
12.341699797428454	1.6638921225195218	1645.343524792991	167.37270117421716	313.00817918735555	1620.9999213740732	8.65268161751664
12.255228732518642	1.6375803897310555	1662.080794910413	178.53088125249832	311.28266568801075	1637.1421953200045	8.732391255661705
12.166879465323102	1.6127591427381238	1678.8180650278346	189.68906133077948	309.77908043650325	1653.2992323016201	8.8116191463501
12.07725408309282	1.5894172672616083	1695.555335145256	200.84724140906062	308.4964368673205	1669.4695858280736	8.890375411142735
11.987461693485514	1.5675232933403633	1712.2926052626774	212.00542148734172	307.4078497553648	1685.6492807929055	8.968669367917844
11.897643186684457	1.5470320968962252	1729.029875380099	223.16360156562288	306.5170932957615	1701.8381542518127	9.046510729224513
11.809528319472676	1.5278895051382482	1745.76714549752	234.32178164390402	305.76444727264595	1718.028597814768	9.123908473614211
11.717111044558484	1.5100355603812534	1762.5044156149418	245.47996172218518	305.38129962800195	1734.2489534245824	9.200871263721394
11.63180834269085	1.4934069018897036	1779.2416857323633	256.63814180046626	304.92812851747277	1750.4454430127603	9.277407429281173
11.540800464460375	1.477938524076833	1795.9789558497848	267.79632187874745	304.9038821376067	1766.679989492058	9.353525382159877
11.454814263410357	1.463565090510887	1812.7162259672068	278.9545019570286	304.8791550545822	1782.9000124448653	9.429232916643022
11.370058656530666	1.4502219151978546	1829.4534960846283	290.1126820353098	304.9999106360806	1799.1239095145625	9.5045376155725
11.287367291358972	1.4378456843676803	1846.1907662020506	301.2708621135909	305.22230664455026	1815.3470558263525	9.579446857780349
11.204849338210979	1.4263749916090813	1862.9280363194723	312.429042191872	305.62161481961635	1831.5794831853239	9.653967825203495
11.12350813037219	1.4157507205191722	1879.6653064368938	323.58722227015323	306.1473676069588	1847.8156501561684	9.728107509695604
11.044651334032046	1.4059162986048603	1896.4025765543154	334.74540234843437	306.73701261447275	1864.0482743083753	9.801872719551179
10.967062527262225	1.3968178655081036	1913.139846671737	345.9035824267155	307.4312339754183	1880.2831755047027	9.875270085756211
10.89168031350218	1.3884043601925284	1929.8771167891587	357.06176250499664	308.18190830432303	1896.5148228036128	9.948305500782483
10.81746337226836	1.3806275517198838	1946.6143869065804	368.21994258327777	309.0262761376425	1912.7490531807248	10.020985626634118
10.744529161385982	1.373442050380938	1963.3516570240024	379.37812266155896	309.9507596539456	1928.9849375218507	10.09331613734577
10.675298791109281	1.3668052009196348	1980.0889271414244	390.5363027398401	310.83995837542045	1945.2066368416702	10.165303144867172
10.607046968210305	1.3606770641609782	1996.8261972588464	401.69448281812123	311.80545757285023	1961.4308322054055	10.236951823174149
10.540322169417122	1.3550203000522099	2013.5634673762677	412.85266289640236	312.81454410328695	1977.6536939570537	10.30826810611029
10.475377008518674	1.34980006131327	2030.3007374936892	424.01084297468344	313.85045488140963	1993.8731071762513	10.37925724722874
10.410484012063256	1.3449838734508084	2047.0380076111112	435.16902305296463	314.9833568554561	2010.100651943276	10.44992437909227
10.353227926511252	1.3405415209626517	2063.7752777285323	446.32720313124577	315.87032788804487	2026.282435330243	10.520274429974771
10.288864706814204	1.336444911302688	2080.5125478459545	457.48538320952696	317.15729660015444	2042.5227289801983	10.59031246360754
10.231023922307253	1.3326679610368648	2097.249817963377	468.64356328780804	318.237872785853	2058.723668568037	10.66004329139539
10.173307184744234	1.3291864716654622	2113.9870880807994	479.8017433660893	319.3911631910201	2074.931062853089	10.72947142938917
10.117671003841844	1.3259780015661928	2130.7243581982207	490.95992344437036	320.52260860860525	2091.129987922845	10.798601514584362
10.065097754848612	1.3230217599391192	2147.461628315643	502.1181035226515	321.58827557908444	2107.3120206339936	10.86743803862389
10.012499380297923	1.3202984861971054	2164.1988984330646	513.2762836009326	322.72178359561235	2123.5007252538408	10.93598538135301
9.96119173455798	1.3177903571978766	2180.9361685504864	524.4344636792138	323.8595806981582	2139.6855774690794	11.004247599426922
9.911993986416482	1.3154808679280638	2197.673438667908	535.5926437574949	324.96321017697977	2155.859383048328	11.072228734171489
9.862700976415864	1.3133547644137464	2214.4107087853304	546.7508238357761	326.1301863855939	2172.0400250933003	11.139933169997846
9.813614438379137	1.311277559754845	2231.1479789027517	557.9090039140572	327.343214383066	2188.2251315302724	11.207364200099086
9.769766655442725	1.309597272638194	2247.885249020173	569.0671839923383	328.3721031672269	2204.370665924486	11.274526288980793
9.729888022601314	1.3079407537967156	2264.622519137594	580.2253640706195	329.2691180767634	2220.4856676429526	11.341422656798393
9.686303900909351	1.3064171944134109	2281.3597892550147	591.3835441489007	330.3855112543492	2236.6381642025635	11.408057211627838
9.641245106639765	1.305016269177557	2298.097059372437	602.5417242271818	331.6186730203227	2252.809455959052	11.474433569070401
9.600331128154894	1.3037284322695621	2314.8343294898577	613.699904305463	332.70496753379626	2268.9475493837263	11.54055497722559
9.561441884079759	1.3025448550230732	2331.5715996072795	624.858084383744	333.7399411786632	2285.0708890299275	11.606424850421385
9.535669839896093	1.3014573756315295	2348.3088697247003	636.0162644620251	334.1876573414614	2301.0705510931502	11.672046629597629
9.479155964678364	1.3004584463296727	2365.0461398421216	647.1744445403064	336.1521748257458	2317.374695769267	11.737423528943589
9.44003488857027	1.29954108618621	2381.7834099595434	658.3326246185874	337.32356758799057	2333.513920447448	11.802558701859537
9.403343432772385	1.298698837917909	2398.520680076966	669.4908046968686	338.41447817970754	2349.6329379731337	11.867455242450587
9.367346198314486	1.2979257296139461	2415.257950194388	680.6489847751498	339.50686980013535	2365.7487139393456	11.932116186975605
9.335901511666373	1.2972162396104618	2431.995220311809	691.8071648534309	340.4075371198522	2381.820249020751	11.996544515252799
9.301309180428072	1.2965652531143044	2448.7324904292313	702.965344931712	341.49629556025826	2397.9280582153788	12.060743152023502
9.264912932703748	1.2959680425010465	2465.4697605466536	714.1235250099932	342.70759488206505	2414.0592296190634	12.124714889948683
9.235313035727838	1.2954202336609892	2482.2070306640744	725.2817050882744	343.6043830113833	2430.1194579961684	12.188462362351192
9.201444676784611	1.294917774686111	2498.9443007814966	736.4398851665554	344.7440507076836	2446.229966290755	12.251988543525218
9.168649735725609	1.2944569166496127	2515.681570898919	747.5980652448367	345.855946787835	2462.332001312506	12.315296152385773
9.1567216507339	1.2940341934328683	2532.4188410163415	758.7562453231178	345.91685666951344	2478.1948913208266	12.378387425068773
9.109171702364304	1.2936463917919805	2549.156111133762	769.914425401399	347.836882228688	2494.474754735765	12.441265285899155
9.082001033462479	1.2932905364711156	2565.8933812511837	781.07260547968	348.72555569746913	2510.519350986253	12.503932107692354
9.05334602396229	1.2929638782512394	2582.630651368605	792.2307855579612	349.7094041765057	2526.583894377388	12.566390318827326
9.032084722929985	1.2926638656537337	2599.3679214860267	803.3889656362423	350.3259541970055	2542.5596041099975	12.628642388564815
8.997783266395475	1.2923881392148933	2616.1051916034485	814.5471457145234	351.6378726760268	2558.6988019026794	12.690690705218174
8.973113521933815	1.2921345139721998	2632.8424617208707	825.7053257928047	352.4634383312924	2574.720251711618	12.752537397951624
8.962641382420168	1.2919009676979796	2649.5797318382924	836.8635058710857	352.55865176428836	2590.5594917133362	12.81418503542071
8.946135419095071	1.2916856249531166	2666.3170019557137	848.0216859493669	352.98049063499263	2606.4738112745736	12.875635628281332
8.892982468690818	1.2914867519228364	2683.0542720731364	859.1798660276481	355.33582243759787	2622.874648802116	12.936891323292038
8.871582670650923	1.291302743156929	2699.7915421905586	870.3380461059293	356.0394567951007	2638.8592467340986	12.997954437501175
8.849202126127173	1.2911321105942892	2716.52881230798	881.4962261842104	356.804129825048	2654.857763845045	13.058827042871062
8.819124994100203	1.2909734781088755	2733.266082425403	892.6544062624915	357.97567061821496	2670.9640988410015	13.119511178804617
8.795740312762678	1.2908255706546985	2750.0033525428244	903.8125863407726	358.80829721898243	2686.9803077314186	13.180008850573133
8.777891631385941	1.2906872092114958	2766.7406226602466	914.9707664190539	359.3639358742513	2702.919047084942	13.24032196012577
8.753905521194161	1.2905573056095874	2783.477892777668	926.128946497335	360.24183735379637	2718.9460726092875	13.300452576095884
8.731090007584397	1.2904348477836571	2800.21516289509	937.2871265756161	361.06559269602366	2734.957895268603	13.36040261303493
8.707091952883067	1.29031890372838	2816.9524330125123	948.4453066538972	361.95427236772827	2750.988910229762	13.420173956126815
8.685957647106639	1.2902086084463538	2833.689703129934	959.6034867321786	362.70033258211885	2766.9789139032537	13.479768404540444
8.668969853179444	1.290103167701876	2850.4269732473545	970.7616668104596	363.2406267663651	2782.9066281786772	13.539187758331039
8.653423462836281	1.2900018393052846	2867.164243364776	981.9198468887407	363.7156847437016	2798.811445450376	13.598433862230634
8.624548531153602	1.2899039468218714	2883.9015134821975	993.0780269670219	364.8657372319695	2814.924544079432	13.6575084906474
8.606377085183997	1.2896855828148164	2900.6387835996193	1004.236207045303	365.481292197371	2830.8718935267316	13.716413391389553
8.585013422818147	1.2897160022497531	2917.376053717041	1015.3943871235842	366.2577939378804	2846.870882747337	13.775150286184434
8.573390012294201	1.2896248357348685	2934.1133238344623	1026.552567201865	366.5517562148486	2862.7123893488933	13.833720563109805
8.54774626494813	1.289534868214624	2950.850593951883	1037.7107472801463	367.54776573691765	2878.783454555243	13.892126128452537
8.52848379887798	1.2894456478433245	2967.587864069305	1048.8689273584273	368.22972721853984	2894.751153335065	13.950368665906876
8.513374804857923	1.289356756403517	2984.3251341867267	1060.0271074367085	368.706174570792	2910.6493085282273	14.008449429967007
8.494328945416193	1.2892678102213386	3001.0624043041494	1071.1852875149898	369.3812796317514	2926.6143739342806	14.066370266830718
8.47414665402276	1.289065830257463	3017.7996744215707	1082.3434675932708	370.114420040621	2942.6002276639015	14.12413263707105
8.460945776154489	1.2890883742345802	3034.536944538992	1093.501647671552	370.50657411699837	2958.464597174197	14.181737942552406
8.440994992162635	1.2889972660168578	3051.2742146564133	1104.659827749833	371.23136801031154	2974.4480360670705	14.239187850554726
8.428955594985686	1.2889048603397744	3068.011484773836	1115.8180078281143	371.57399661415053	2990.2901167639784	14.296483622548866
8.406670971147618	1.2887092697553744	3084.7487548912586	1126.9761879063956	372.4147703117446	3006.3178470413554	14.353626838086953
8.405992323388856	1.2887151921656375	3101.4860250086804	1138.1343679846766	372.21047612486956	3021.9480491823156	14.41061890932634
8.379257233143807	1.2886174987978571	3118.2232951261017	1149.2925480629576	373.2720683957535	3038.0602572033567	14.467461046101574
8.36051894952523	1.2885176432585297	3134.960565243525	1160.450728141239	373.9457249239487	3054.025566333354	14.52415489620614
8.345161911898945	1.2884154563283	3151.6978353609456	1171.6089082195201	374.46079259791225	3069.9273905796945	14.58070161116583
8.331227136432371	1.2883107878237525	3168.435105478367	1182.7670882978011	374.90531634535154	3085.8015474286417	14.637102488243894
8.320543037966168	1.288203496633154	3185.1723755957883	1193.9252683760824	375.19943203209135	3101.6111213408667	14.693358998832823
8.303318876379508	1.2880934605762109	3201.9096457132105	1205.0834484543634	375.8062423114713	3117.548819237577	14.749472404118483
8.285258568405258	1.2879805701143139	3218.6469158306327	1216.2416285326447	376.4554359323706	3133.504371034057	14.80544384928581
8.271729864233583	1.287864725358032	3235.384185948055	1227.399808610926	376.88937568691244	3149.3690945926273	14.861274577467384
8.255986193363217	1.2877458383148819	3252.1214560654757	1238.557988689207	377.43052685788643	3165.2788806556823	14.91696592086488
8.2429998920833	1.287623833972073	3268.858726182897	1249.716168767488	377.8426405562122	3181.1317174969017	14.97251907721337
8.23331993084199	1.2874986455299384	3285.5959963003193	1260.8743488457694	378.10151587530515	3196.9140874553455	15.027935229195997
8.217134541895108	1.287370214000238	3302.333266417742	1272.0325289240504	378.66636603556725	3212.8329629766813	15.083215544690178
8.20185895936066	1.2872384900569787	3319.070536535163	1283.1907090023315	379.19174604568315	3228.733122424923	15.138361177008939
8.18814101117141	1.2871034318149421	3335.8078066525845	1294.3488890806127	379.6444031717289	3244.599846286594	15.193373265137339
8.181951579190454	1.2869650039553913	3352.5450767700054	1305.5070691588937	379.74467585730883	3260.300307819659	15.24825293396426
8.161695404601799	1.286823179860015	3369.2823468874285	1316.665249237175	380.5079571708322	3276.310789463823	15.303001294509578
8.151102456285416	1.286677936036364	3386.019617004851	1327.8234293154562	380.820244893397	3292.1064907472123	15.357619444146817
