28.382674912641598	0.08186168569606778	35.01889990375193	0.11158180078281144	0.21926186974739212	29.42314902622758	0.2294761402266479
27.641770240697547	0.08321373215704085	56.00181385488425	0.22316360156562287	0.16964892259207845	45.838738242152175	0.36638318336958964
26.83433892584748	0.08412053650494968	72.04827648580353	0.33474540234843436	0.14312977282693629	59.51381247828058	0.4708744562489539
26.655930269292238	0.08653140692622104	81.10687321179608	0.44632720313124574	0.11056400213515243	70.98732377518685	0.5297225169962301
25.816045958412317	0.08964351049144294	90.14122176324858	0.5579090039140573	0.09426161745451377	78.92916323992486	0.5884123560085507
25.510632233044056	0.09351022418067965	97.0036548044586	0.6694908046968687	0.07703501150416726	86.10946335922631	0.6325701430208444
24.865723215220463	0.09808744128249584	101.25525164665608	0.7810726054796802	0.06441478610460978	94.30146334271618	0.6592591071306456
24.363387806718706	0.10347096747597125	105.50684848885356	0.8926544062624915	0.05173119779557157	98.66426263710478	0.6859480712404469
23.71699265879324	0.10924524599950719	109.75844533105104	1.004236207045303	0.045385242815485956	102.71746229944176	0.7126370353502481
12.790508200417223	0.5526437528422838	245.1184020096942	11.158180078281145	108.24941371527719	242.56514105840452	1.5639839105109101
12.741844988683567	0.5871555111555989	253.65404261951434	12.273998086109259	117.50875010195774	251.0689532292167	1.6161407903683724
12.703093518621078	0.6199291074439531	261.7296876054994	13.389816093937375	125.85018533037763	259.1086625237894	1.6652807548923627
12.673870060804246	0.6511410717392117	269.4055962745393	14.505634101765487	131.68568792249943	266.74817204637486	1.7117993338468043
12.649050694321803	0.6809410051343897	276.72287937272495	15.621452109593601	137.20306003060705	274.0332163034561	1.7559712092779407
12.638971559768402	0.7094612567635955	283.69870404461176	16.73727011742172	142.17221895081167	280.9830511068824	1.7979216311163295
12.623873044969306	0.7368252430033018	290.3264756886116	17.853088125249833	147.07696947749466	287.610185794187	1.8376317821389079
12.600631528880603	0.7631549914313146	296.5716568394774	18.968906133077947	151.9751716651829	293.89426702747585	1.8749153030271155
12.589731016760224	0.7885774509434988	302.37346995694344	20.084724140906058	156.3914754908005	299.77770726560766	1.9094300248894451
12.576964650428856	0.813221882641108	307.6977800217818	21.200542148734172	160.71336166173728	305.21883451969086	1.9409954673559573
12.570265083236668	0.8372084305606754	312.5548311003268	22.316360156562286	164.7687886265924	310.20209391619466	1.9696941581087066
12.572861913941608	0.8606367865296405	316.9984994001083	23.4321781643904	168.49198743998335	314.7563998666357	1.995863315072614
12.555355391952354	0.8835802784123964	321.11246882335183	24.547996172218518	172.6671342459176	318.9610736518758	2.020012427524096
12.552586668515302	0.9060872279487413	324.97287906137774	25.663814180046632	176.39579567776644	322.8812256958583	2.0425998459960533
12.549303360794479	0.9281868800742319	328.64772908651815	26.779632187874743	180.08381759946494	326.58826436462635	2.06403412644212
12.547029355665046	0.9498960174825601	332.18020221677125	27.89545019570286	183.69401065141875	330.1367309646492	2.0845736169209217
12.549846986522324	0.9712245392010899	335.5982255806876	29.011268203530975	187.1171428062381	333.55972908762607	2.1043861706555105
12.541879842619874	0.9921794552440616	338.9166332901087	30.12708621135909	190.79417534865402	336.883362415041	2.123562600602054
12.541851623953152	1.0127675080659044	342.14054098195624	31.242904219187203	194.20553382854922	340.11169575241763	2.1421370079781914
12.540451557683788	1.0329967019400024	345.26897586087966	32.35872222701532	197.59985520610675	343.24823309017006	2.160108333654557
12.54794642716364	1.052876953245705	348.2934906048384	33.47454023484344	200.68296994274357	346.2879625227379	2.1774307504241994
12.550264790066533	1.0724201724174003	351.210670664623	34.590358242671556	203.86132557500414	349.22830420978073	2.194090618878463
12.545960590642697	1.0916398850196187	354.0134116692692	35.70617625049967	207.1846714453883	352.06484395029605	2.210051092885248
12.546458091755477	1.1105506904133053	356.69639673979367	36.82199425832778	210.32396229378122	354.78794887674593	2.2252858323402576
12.5468537442063	1.1291675848027425	359.2598072956073	37.937812266155895	213.42545230099563	357.39553768487303	2.2398008335536086
12.549732008290807	1.1475053415867196	361.7032782267105	39.053630273984005	216.41523699265278	359.88639815880884	2.253597754807214
12.551405279787563	1.1655780499041453	364.03298968856814	40.169448281812116	219.4062795923648	362.26468099343913	2.2667164136772837
12.558740718264321	1.1833988499448942	366.2544771961141	41.28526628964023	222.1916947877873	364.53312101731103	2.27919180247867
12.560058823171868	1.200979584575236	368.3723492162662	42.401084297468344	225.13025443811827	366.6968121538377	2.291052772256226
12.563009157007457	1.2183309544401535	370.3945062881371	43.51690230529646	227.99060166113577	368.76357774085784	2.30234711811895
12.566130400776824	1.2354623165346452	372.32977450712104	44.63272031312458	230.81955176279334	370.74062040449684	2.3131276296906176
12.56964265528042	1.2523818949893888	374.18470846904665	45.7485383209527	233.61137006091303	372.63384834342173	2.3234333070653297
12.57595388247614	1.2690968389724635	375.9661085932601	46.86435632878081	236.29105617781642	374.44910518437734	2.333304347113423
12.576834708017715	1.2856133438276007	377.6807841326737	47.980174336608926	239.12075181763444	376.19507180021907	2.342780804752391
12.583391473116663	1.30193676925473	379.3353523431716	49.095992344437036	241.74709169037502	377.8756664603081	2.3519014682303516
12.584308680430219	1.3180717656828473	380.936078147139	50.211810352265154	244.53465522373617	379.5000138255667	2.3607029707657965
12.586965572167815	1.3340223704641796	382.48624769484627	51.327628360093264	247.24045621033315	381.07241836383594	2.369204206513878
12.593317032956925	1.34979203171475	383.99094137104214	52.44344636792138	249.80042066518504	382.5974580320199	2.377434627335955
12.597410093219263	1.3653838373065095	385.4574652488782	53.559264375749486	252.41089292460313	384.0769883583978	2.385437058826325
12.604747967283995	1.3808004828862888	386.88526062837286	54.6750823835776	254.88930609122013	385.5193815227823	2.393207279747515
12.604988094095834	1.3960442962561939	388.28205340026153	55.79090039140572	257.5833133428908	386.9267196260726	2.400790724825697
12.604988094095834	1.3960442962561939	388.28205340026153	55.79090039140572	257.5833133428908	386.9267196260726	2.400790724825697
12.606341871655834	1.3998285140503122	388.62560388992966	56.06985489336274	258.2094142960993	387.27441297411394	2.402652426041103
12.606879975490108	1.4036020893810666	388.9691543795978	56.348809395319776	258.86186079950977	387.6180178147347	2.404514127256509
12.608997209186537	1.4073650398382642	389.3092460178832	56.6277638972768	259.45970749745436	387.9612809916932	2.4063548026499553
12.609273845875853	1.4111174390715293	389.64811616552146	56.90671839923384	260.1186828720764	388.3025449393451	2.4081880527909028
12.611075076403301	1.414859270301122	389.98693508958297	57.185672901190856	260.72417277794744	388.64099404152404	2.4100209900440475
12.611987170329952	1.4185905794910074	390.3213971290051	57.464627403147894	261.35834162387465	388.9796338824216	2.4118273142383533
12.613220682762336	1.4223114129678267	390.6558591684272	57.74358190510491	261.9804252581172	389.3146717251294	2.413633638432659
12.61660595432875	1.42602175272206	390.9893132638223	58.02253640706195	262.5280684966391	389.64816516290205	2.4154337715539547
12.615525926961634	1.4297216639803014	391.3196370570143	58.301490909018966	263.22612969201106	389.98261814606815	2.417214677487069
12.615991196489993	1.4334111652602954	391.64996085020636	58.580445410976004	263.87004501494346	390.31239809123514	2.4189955834201835
12.622647894431944	1.4370902503809329	391.9785969112701	58.859399912933036	264.3007145147694	390.6408470717193	2.4207660562565834
12.62077806111132	1.4407589859813332	392.30504983083335	59.13835441489007	265.0223512483002	390.9703470082013	2.4225230335115264
12.620113010956864	1.4444173759793721	392.63150275039663	59.41730891684709	265.70108926622567	391.2962764374479	2.4242800107664686
12.620802492371373	1.448065424676069	392.9558273330506	59.69626341880411	266.3318197287311	391.6219165111046	2.4260237333001684
12.620604075808604	1.4517031939548681	393.27867419404487	59.975217920761146	266.9920421774262	391.94644081699823	2.4277582529728985
12.623543876113223	1.4553306798427181	393.6015210550392	60.25417242271817	267.5429803860239	392.26778624482836	2.4294927726456286
12.624320922179209	1.458947898053895	393.92200192986	60.53312692467521	268.1667442487907	392.58958625361083	2.431212429756095
12.6255914736316	1.4625548995118354	394.24150496681034	60.812081426632226	268.7718326705094	392.90966803134694	2.432925944321691
12.626548376453806	1.466151679411102	394.5610080037607	61.091035928589264	269.3866693246198	393.227870792118	2.4346394588872866
12.627730589414782	1.46973825518566	394.8780758260635	61.36999043054628	269.99258076893625	393.54602392516756	2.436337520266725
12.629178041707517	1.4733146755331676	395.1944947110226	61.64894493250332	270.58727282410223	393.8623765076701	2.4380314636725844
12.629773210582275	1.4768809326060268	395.5109135959817	61.927899434460336	271.21021395072546	394.17735153960484	2.439725407078444
12.631806506889257	1.4804370506257325	395.82496375616637	62.206853936417374	271.7819521861422	394.49201952090584	2.441404138089287
12.63248813983187	1.4839830675386425	396.13855565388286	62.4858084383744	272.39953949451495	394.8052463526811	2.443079926052562
12.635650869327264	1.4875189801544133	396.4521475515993	62.76476294033144	272.9281551940778	395.11662881533556	2.4447557140158374
12.635403461305268	1.4910448080831868	396.76354217341384	63.043717442288454	273.57493682847	395.4287294583532	2.446417187304375
12.636149731489732	1.4945605909238697	397.0745618298326	63.32267194424548	274.18581459488223	395.73902405599836	2.448076217791955
12.637305869904845	1.498066326161599	397.38558148625134	63.60162644620251	274.7805596955467	396.04803452543075	2.449735248279535
12.63853092156323	1.5015620308119308	397.69465154487773	63.88058094815954	275.37111987371014	396.3570260776864	2.451381355984308
12.639240022277264	1.5050477418185944	398.00335140539033	64.15953545011656	275.97864080772945	396.66474449292247	2.45302500985484
12.640383671145457	1.5085234594843009	398.3120512659028	64.4384899520736	276.5697365256492	396.9712110080147	2.4546686637253714
12.641351757074165	1.5119891967439012	398.6190988018067	64.71744445403063	277.1645735109719	397.2777098302939	2.456301130142157
12.643971189270678	1.5154449897507178	398.9257291558621	64.99639895598766	277.69997399887177	397.582744227958	2.457930771930774
12.64380293437276	1.5188908402431058	399.23235950991756	65.27535345794469	278.33243006148433	397.8871900785791	2.4595604137193923
12.645216839315207	1.522326763832673	399.537659918174	65.5543079599017	278.90713095228296	398.1912943601099	2.4611808083062106
12.646100986168209	1.525752789756676	399.84246906705374	65.83326246185874	279.49873348610896	398.49469494828105	2.4627977871338333
12.647349226387297	1.5291689239364736	400.14727821593345	66.11221696381577	280.07623165502906	398.79678673276385	2.464414765961456
12.648528777010016	1.5325751755825083	400.45108259421517	66.3911714657728	280.654583755046	399.09888714053994	2.4660245165868653
12.651794346818777	1.5359715768247209	400.75431703896186	66.67012596772985	281.15659993189234	399.40002685027997	2.467630167177055
12.648591890536869	1.5393581347184186	401.0575514837086	66.94908046968686	281.8865933345465	399.7012607059814	2.469235817767245
12.652419929682406	1.5427348559899488	401.36008902527215	67.2280349716439	282.36616971027087	400.0009818669249	2.470836224123156
12.653294258404262	1.5461017723754158	401.6619936719374	67.50698947360091	282.9476238729903	400.30110797085985	2.4724318679106063
12.654253462028079	1.5494588854091607	401.96389831860273	67.78594397555796	283.524720924144	400.5998823866342	2.474027511698057
12.660546981258445	1.5528062190397927	402.2653787394322	68.06489847751497	283.91070410179793	400.89749919502003	2.4756197588143616
12.656510486711333	1.5561437815909838	402.56619711896985	68.34385297947202	284.66156753677154	401.1973436638936	2.477206705130095
12.658139774561295	1.5594715928125473	402.86701549850744	68.62280748142904	285.2091671474336	401.4946654740066	2.4787936514458275
12.657911106667687	1.5627896590317767	403.1676314901748	68.90176198338607	285.8213519853585	401.7923658011329	2.4803788232578206
12.659998509474574	1.5660980020239579	403.4676059901169	69.1807164853431	286.3487068924782	402.08955657195014	2.481958370575303
12.661575418301126	1.5693966342333319	403.76758049005906	69.45967098730013	286.8921954427084	402.38599156054255	2.483537917892785
12.662699217241059	1.572685564798125	404.06751019220155	69.73862548925715	287.4504050485483	402.6823081364004	2.485117010825606
12.663865061357665	1.5759648117115557	404.3668822989419	70.01757999121418	288.00423711768536	402.9786091881551	2.486690448061038
12.668816635751398	1.579234389856282	404.6662544056822	70.29653449317121	288.42162822010977	403.2735704838421	2.4882638852964702
12.666367604521506	1.5824943092550163	404.96562651242255	70.57548899512823	289.10044412960497	403.5698195662348	2.4898373225319017
12.66547091862972	1.585744583313632	405.2646744418319	70.85444349708526	289.7210330859057	403.8657238846696	2.491406429688128
12.668204440807461	1.5889852272137306	405.5636849897193	71.13339799904229	290.21047693480386	404.16058737290916	2.492975037534452
12.667752252132688	1.5922162537240718	405.86269553760667	71.41235250099933	290.8114037098448	404.45578898975447	2.494543645380776
12.670538458359246	1.5954376738008849	406.16162020117747	71.69130700295635	291.29424661068197	404.75026404908914	2.4961097320841503
12.671654860743041	1.5986495025574334	406.4605096266355	71.97026150491338	291.8342874952492	405.0450442559862	2.4976747843691007
12.672966384300118	1.6018517521923357	406.7593990520935	72.2492160068704	292.36564349013946	405.33947504675024	2.4992398366540507
12.67386906265043	1.605044432845516	407.0583497671181	72.52817050882744	292.9076067521583	405.63399032384297	2.5008037126439984
12.674871122147993	1.6082275587364112	407.3573583660068	72.80712501078446	293.44436342021805	405.92847284775695	2.5023664777026093
12.67850566299331	1.6114011441461817	407.65636696489554	73.08607951274149	293.8855379310962	406.2222480874527	2.5039292427612203
12.675893227744194	1.614565199270891	407.9554887731327	73.36503401469851	294.54389789817884	406.51741443343525	2.5054916857441523
12.67807512560037	1.6177197334716966	408.2548569590178	73.64398851665555	295.03126045086833	406.8114899100197	2.5070534277933767
12.679824146936072	1.6208647619513683	408.55422514490283	73.92294301861257	295.53034097356533	407.10573388217415	2.5086151698426016
12.680418508769575	1.6240002971437826	408.8536613404413	74.20189752056959	296.0670951875104	407.4002685043868	2.510176938903682
12.681915985774253	1.6271263478216202	409.153629901657	74.48085202252663	296.57039933279503	407.69458824035337	2.511738919408055
12.682404217422347	1.6302429250385349	409.4535984628727	74.75980652448366	297.1040651401862	407.98928946883984	2.5133008999124273
12.683719467221145	1.6333500438838218	409.75356702408845	75.0387610264407	297.6070448226322	408.283989191955	2.5148628804168
12.685145137350325	1.6364477139143323	410.054303480135	75.31771552839771	298.1029285870706	408.5786541942817	2.5164262278860843
12.690105466313971	1.6395359429473673	410.3551138335126	75.59667003035476	298.47306185881683	408.87259399271414	2.5179897069034074
12.686896739205036	1.6426147457147173	410.65592418689016	75.87562453231178	299.1238423044154	409.1689101416153	2.51955318592073
12.688021409394779	1.6456841369256145	410.95750881385584	76.1545790342688	299.6194969701938	409.46420867952725	2.521118635093287
12.688553881742566	1.6517946979778855	411.5612976920426	76.71248803818287	300.66232378331756	410.0559528144302	2.5242511100851948
12.695923371917102	1.6548359027285362	411.86388489072436	76.99144254013989	300.93575351547344	410.35057361754855	2.525819445238945
12.694732118635992	1.6578677242833684	412.16710682630526	77.27039704209692	301.4986106430629	410.64720819870047	2.527389702359316
12.6935073488919	1.6608901836318695	412.47032876188615	77.54935154405395	302.05784814770556	410.944572112682	2.5289599594796868
12.694683429655644	1.6639032940141782	412.7740815886505	77.82830604601098	302.53367408395064	411.24169536413547	2.530532000526789
12.694652311521226	1.6669070512442605	413.078875779157	78.10726054796801	303.0448607848207	411.5390977760712	2.5321075408156823
12.697214951283918	1.6699014737668152	413.3836699696634	78.38621504992503	303.4665621669912	411.83643797296145	2.5336830811045754
12.697932828202916	1.6728865760469767	413.6887626758225	78.66516955188207	303.94614058740035	412.13494681127844	2.535259696604415
12.70446969597868	1.6758623582696814	413.99537544533837	78.94412405383909	304.2291889971643	412.43202629294	2.5368417871563844
12.699808861735786	1.678828827383849	414.30198821485425	79.22307855579612	304.88062153996947	412.7321392377418	2.5384238777083534
12.701160295018342	1.6817860044534587	414.60860878065887	79.50203305775315	305.32791794388	413.0320077383984	2.5400059977678766
12.701018618645511	1.68473388995988	414.9172882218722	79.7809875597102	305.82284165694574	413.33223333071993	2.541595910301347
12.703281732807854	1.6876724885768466	415.22596766308544	80.05994206166721	306.23246447370093	413.6318531670622	2.5431858228348165
12.70456365133268	1.6906018196022827	415.5346471042987	80.33889656362425	306.6737134950745	413.93345340064474	2.5447757353682863
12.706760085052295	1.6935218881731333	415.84531647974893	80.61785106558126	307.0787877675403	414.23485161820327	2.546373463707253
12.706498052406232	1.696432691818763	416.156312639188	80.89680556753831	307.5629083097255	414.53685392446926	2.5479724755459707
12.707527984308893	1.6993342496629678	416.4673087986271	81.17576006949533	307.9988334689353	414.84007793260776	2.5495714873846884
12.70732431679085	1.702226574111174	416.78018541683986	81.45471457145234	308.47299191980505	415.14408047355926	2.5511780998062523
12.709762533344293	1.7051096519753373	417.09375045952225	81.73366907340937	308.8572265339914	415.44739569007004	2.5527874947547655
12.716913640594305	1.7079835075729846	417.4073155022046	82.0126235753664	309.09019071567496	415.75077270331707	2.5543968897032787
12.711699526720473	1.710848153107861	417.7226458364169	82.29157807732344	309.7110854882897	416.058315281467	2.5560135839898614
12.712708052721476	1.7137035736801607	418.03903418686394	82.57053257928045	310.13267837782587	416.36423523122687	2.5576346530882232
12.71326840471656	1.7165497933897562	418.355422537311	82.84948708123748	310.5625536799842	416.6712465884062	2.5592557221865855
12.714679114051146	1.719386816920722	418.673476831574	83.12844158319453	310.9648091852517	416.97956146297014	2.560883808044221
12.715835800808012	1.7222146401317238	418.992945287955	83.40739608515156	311.3691135881779	417.28792862504895	2.5625178501862518
12.716144448812821	1.7250332755599018	419.3124137443361	83.68635058710858	311.79902422716737	417.5971512128287	2.564151892328283
12.716436440761225	1.7278427432382861	419.6334883523061	83.96530508906562	312.22314661685266	417.90849905532446	2.5657928029258814
12.71871079675271	1.730643021814944	419.95629617027754	84.24425959102264	312.5860708016806	418.21929913610967	2.5674411253244362
12.719206200054524	1.7334341292042827	420.279103988249	84.52321409297967	312.9972382234832	418.53085302525466	2.569089447722991
12.720720012590618	1.736216085872088	420.60352362813217	84.80216859493669	313.3768705157711	418.8448548742123	2.5707447507487764
12.72157770498049	1.7389888683990657	420.92993257073823	85.08112309689372	313.77114706687144	419.1590191803893	2.5724086692305614
12.722487650410732	1.741752494023505	421.25634151334435	85.36007759885075	314.1624255413194	419.47315351402347	2.574072587712346
12.72256668928575	1.7445069834329223	421.58446141497694	85.63903210080777	314.57434788509727	419.79073536584366	2.575743995833082
12.723241028645715	1.7472523112337253	421.9147357647832	85.9179866027648	314.9661312379836	420.108188242586	2.577424834944689
12.725452301442377	1.7499884952795313	422.24501011458943	86.19694110472183	315.3089791533653	420.42519387124776	2.579105674056296
12.727774149714602	1.7527155547818025	422.5772180306001	86.47589560667886	315.64513516897466	420.74532688015717	2.5807950546455274
12.727594972696602	1.7554334621397607	422.911624560049	86.75485010863589	316.05450585655245	421.06651286183524	2.582494147551536
12.726029529221787	1.758142236871802	423.2460310894979	87.03380461059292	316.4990864903681	421.388079411331	2.584193240457545
12.734227575288376	1.7608418951165772	423.58274913825096	87.31275911254995	316.6556045108409	421.7100121824637	2.5859026244387757
12.730266241093881	1.763532410437956	423.9215570340637	87.59171361450699	317.1657696537745	422.0360498583717	2.5876213125920517
12.731931026475197	1.7662138011221473	424.2603649298766	87.870668116464	317.5089681437213	422.3604337202527	2.5893400007453278
12.732136462817927	1.7688860818024363	424.6020512335116	88.14962261842105	317.8917100102783	422.68853527361455	2.591071590375121
12.731807406956921	1.7715492221994054	424.9455319708275	88.42857712037807	318.286904579086	423.0175310121287	2.592811222938863
12.73229428841621	1.7742032460252632	425.2890127081434	88.70753162233508	318.6567744963011	423.3462667331032	2.594550855502606
12.734362463513046	1.7768481619112177	425.6361627845859	88.98648612429211	318.97705215623216	423.67806081542676	2.596307030897512
12.734498048574808	1.7794839382136205	425.9845899464356	89.26544062624914	319.3525824062872	424.01118913602255	2.598068963898228
12.747480248655611	1.782110608410928	426.33301710828533	89.54439512820618	319.35634235911203	424.34038113709	2.599830896898944
12.736354326344	1.7847280713757412	426.697999415102	89.8233496301632	320.04782315310104	424.68084632229755	2.6016739739034747
12.73829596099421	1.7873361817581659	427.06473930215526	90.10230413212022	320.3639857328036	425.0179169650037	2.603525665577204
12.737894620344008	1.7899349604423542	427.4356255454094	90.38125863407727	320.7432224771952	425.35567820959363	2.605397712923936
12.739797921770968	1.7925242086359403	427.8227115984201	90.6602131360343	321.0566922917101	425.6972009498354	2.607349289865842
12.746387288293903	1.7951038566847648	428.20979765143073	90.93916763799132	321.2341190523685	426.03748971772615	2.6093008668077484
12.741687542493887	1.7976738613152672	428.61147495941555	91.21812213994835	321.72841590410854	426.38209407969083	2.611324184055077
12.74255919574167	1.8002339794323825	429.02129732834294	91.49707664190538	322.0640149989008	426.7420452998983	2.6133875478344395
12.743461956989949	1.8027842130868514	429.43670842449006	91.77603114386241	322.39524927088365	427.101921976558	2.6154784281285806
12.744273806463314	1.8053243201932765	429.87210471292667	92.05498564581943	322.72854507380447	427.4675677698046	2.6176677070056864
12.745104574119676	1.8078542080294537	430.3075010013633	92.33394014777646	323.05778307427977	427.8472613544076	2.619856985882793
12.746048934394505	1.8103737124430617	430.76998240150436	92.61289464973349	323.3822004063014	428.22682051842213	2.6221797951733534
12.746632523489977	1.8128826120278485	431.2343567890119	92.89184915169052	323.7156206842418	428.62155413523385	2.624511936948433
12.747730894117902	1.8153807802020432	431.72491237500225	93.17080365364754	324.0307181664739	429.0231285947864	2.6269733101352686
12.748172367040027	1.8178679112780491	432.2223972072668	93.44975815560458	324.3634294747015	429.4300169272709	2.629468886350624
12.749548897344718	1.8203438514093515	432.7499479686474	93.7287126575616	324.66777654002664	429.8562563499011	2.6321130366104275
12.749953381213093	1.8228082456126726	433.2856273783464	94.00766715951863	324.99635523008453	430.2827298302646	2.634797355466116
12.75085682979451	1.8252608330373228	433.8624909390173	94.28662166147566	325.31036272548596	430.73363909019935	2.637685401834368
12.752207431333904	1.8277012554150671	434.45340882484555	94.56557616343271	325.60857387954826	431.1876875539127	2.640643021745459
12.752362116150376	1.8301290285390717	435.08626353123896	94.84453066538973	325.938042007115	431.66415209692894	2.6438082900233004
12.752129226354246	1.8325437655750836	435.75847855078143	95.12348516734676	326.27699717227006	432.1507831888618	2.6471686181501197
12.753216657246124	1.8349448045553216	436.46880021128686	95.40243966930377	326.5755777377671	432.6601038661683	2.6507178488648133
12.75545520181909	1.8373313909523827	437.24189954032903	95.68139417126082	326.8412009265154	433.18202274982957	2.654578433495628
12.755996686520827	1.8397026379402108	438.10081540718625	95.96034867321784	327.15166925261695	433.7357502435828	2.658864934194599
12.754637777235024	1.8420572828261614	439.0616357645297	96.23930317517487	327.5102837165925	434.3018265398121	2.6636574775786617
12.756609657348779	1.8443935142602492	440.17500123040395	96.51825767713188	327.7758052075139	434.9140947837339	2.6692079069532384
12.7571656695572	1.8467084209678484	441.58018547703927	96.79721217908893	328.0768817343015	435.5481417093004	2.676208992554526
12.759362955094117	1.8489955890803875	443.7780432945536	97.07616668104595	328.32825852911947	436.2191496422076	2.6871528567132157
12.758342796385945	1.850601270785304	636.8341627823031	97.35512118300298	328.57540100591274	436.76096736212037	3.6478035327745677
12.75849436148124	1.8507754220614216	915.7886647393036	97.63407568496	328.5950185035896	436.91326662622816	5.035448215131157
12.758306465577308	1.8505170571214007	1194.743166696357	97.91303018691704	328.5648481421021	436.938395633742	6.422705999170852
12.757811370572355	1.8500912910028375	1233.7318085578866	98.19198468887407	328.52024562962276	436.92499563819143	6.6165726621619125
12.757283062237342	1.8495663522077999	1235.5240116965906	98.47093919083109	328.46301842683437	436.91734377762845	6.6254821535855175
12.756395949212507	1.8489961490634155	1236.8493792649572	98.74989369278813	328.4094687344697	436.9239002541211	6.632069538132857
12.756355571312897	1.8483989465707642	1237.9691665912305	99.02884819474517	328.3290404464193	436.94486632433876	6.637634103117522
12.754907852211664	1.8477832014171052	1238.9519200642649	99.30780269670218	328.2846749519514	436.9818941722569	6.6425167482703245
12.754507335948189	1.8471535544868976	1239.838770031052	99.58675719865921	328.20974287791677	437.03236990609633	6.646922051145602
12.753559058488369	1.8465128458883981	1240.6558926318173	99.86571170061625	328.1483258346843	437.09699617120083	6.650980231642328
12.75298702621127	1.8458629626125773	1241.4166776371562	100.14466620257328	328.07538469235936	437.174345957206	6.6547578980221385
12.752270685553247	1.845205255929773	1242.1181269726205	100.4236207045303	328.0053519744804	437.26429571606303	6.658240042131619
12.751336018561645	1.8445407307308181	1242.7891401189352	100.70257520648732	327.94023907273333	437.3713907438616	6.661570559485526
12.752962007348767	1.8438701610828874	1243.4328812772985	100.98152970844436	327.8032057333362	437.4963398885319	6.66476520811637
12.749405462457757	1.8431941787745556	1244.0340203525425	101.26048421040139	327.8083808033993	437.63935848974387	6.667747545901953
12.758134840155112	1.842513300273085	1244.6221980670716	101.5394387123584	327.47434476301487	437.78045426004564	6.6706652733492815
12.747549082534121	1.841827949377405	1245.1801070709867	101.81839321431544	327.67185409411843	437.955242155614	6.67343210256381
12.74635539270898	1.8411385109090577	1245.722906386554	102.09734771627247	327.61006260912984	438.1305238680881	6.6761235780414205
12.74508092833126	1.8404452850678068	1246.2459460777243	102.3763022182295	327.5499880778952	438.3168168410178	6.678716510021368
12.744274470926145	1.8397485754887009	1246.753448278668	102.65525672018653	327.47657360997044	438.5394426914469	6.6812319245827965
12.74307187814827	1.8390486169184943	1247.245720929181	102.93421122214357	327.41362852394394	438.77606631268145	6.683671358054785
12.742024186228475	1.8383456487357588	1247.725540499561	103.21316572410059	327.34602674629525	439.02396125910406	6.686048636770171
12.740740844504646	1.8376398574714325	1248.19046466949	103.49212022605762	327.28452860917554	439.28345119574544	6.688351570827075
12.739665343862844	1.8369314405924908	1248.6484344354778	103.77107472801464	327.21697429385074	439.59057556002824	6.690619779538021
12.737582396962365	1.8362205549879835	1249.0888889122525	104.05002922997168	327.1767528742483	439.9200434048694	6.692800529354914
12.739073396210259	1.835507365046368	1249.5293433890272	104.3289837319287	327.03754182898825	440.2548530414269	6.6949812791718095
12.735818152003299	1.8347920091534933	1249.9479641978667	104.60793823388573	327.0287982438149	440.66621477991924	6.69705295723609
12.73486923557046	1.8340746226273816	1250.366395950803	104.88689273584275	326.9558673510571	441.1020780723127	6.699123690857194
12.733639425523164	1.8333553262327458	1250.7848277037388	105.16584723779978	326.8904666423951	441.6060933644146	6.701193830975449
12.734352113997016	1.8326342600651835	1251.2032594566742	105.4448017397568	326.77107661802484	442.1795144775428	6.703263535660589
12.730818464079562	1.8319115343936185	1251.6216912096097	105.72375624171383	326.7689766525283	442.9302275431166	6.70533307488379
12.728386548215099	1.8311872562438045	1252.0401229625452	106.00271074367086	326.7361613481145	443.9535907386758	6.7074017519102
12.730849867077062	1.8304615254339516	1252.458554715481	106.2816652456279	326.5678079079502	472.24524332777935	6.709470428936609
12.726864446465695	1.829734437118744	1252.8769864684164	106.56061974758492	326.5775512984041	594.6764499132745	6.711538342328207
12.728575794155768	1.8290060789722153	1253.2954182213518	106.83957424954195	326.42971249534446	741.4020024607734	6.713605992970577
12.724336886082204	1.82827653461277	1253.7138499742873	107.11852875149897	326.4460824478711	928.7013897700566	6.715673309629998
12.722824943426422	1.8275458827768165	1254.1322817272228	107.39748325345602	326.38697692513165	1156.2148103927457	6.717739935160499
12.721087279920043	1.8268141973691379	1254.5507134801585	107.67643775541303	326.3339614421737	1233.312212869425	6.719806560691001
12.718506400181477	1.826081553285618	1254.969145233094	107.95539225737006	326.3040760188037	1235.1680153792247	6.721872258212476
12.71910345104218	1.8253480152892014	1255.3875769860294	108.2343467593271	326.1858367557121	1236.5191203932106	6.723937859900753
12.717193937768174	1.8246136457964008	1255.8060087389651	108.51330126128413	326.13668341934164	1237.6405236094333	6.726002964825867
12.715497636203562	1.823878510810518	1256.2244404919006	108.79225576324114	326.0814805656564	1238.6240118669907	6.7280675439390505
12.71535398697688	1.8231426650894746	1256.642872244836	109.07121026519818	325.9829474357856	1239.5048936856012	6.730132057693316
12.710890636206079	1.8224061666932059	1257.0613039977716	109.3501647671552	326.0045872919976	1240.32266735885	6.732195615496031
12.709994062180721	1.8216690658966015	1257.479735750707	109.62911926911224	325.9268421032642	1241.0641785714547	6.734259173298746
12.708782677281812	1.8209314210697665	1257.8981675036425	109.90807377106927	325.85779127427844	1241.7673871316633	6.736322077255143
12.708355504546027	1.820193274202646	1258.316599256578	110.1870282730263	325.76686820955655	1242.434380425174	6.738384615009512
12.706698806490527	1.8194546774951674	1258.7350310095137	110.46598277498333	325.7100839217583	1243.0573993243106	6.740446931893166
12.705214031801907	1.8187156748365483	1259.1534627624492	110.74493727694036	325.6484629855283	1243.662937180355	6.74250845085882
12.704235137516948	1.8179763098508426	1259.5718945153847	111.02389177889738	325.5727364790594	1244.2367329460542	6.744569969824473
12.70188921402634	1.8172366269606992	1259.9903262683204	111.30284628085441	325.5349458619483	1244.7932261349147	6.746630683514318
12.700539498601696	1.816496662404363	1260.4087580212558	111.58180078281144	325.4694385232849	1245.330023640357	6.7486911849484
12.629668704973325	1.7870089229874944	1277.1460281386771	122.73998086109259	323.2853307072098	1262.024700356178	6.8307696567708
12.547434888988214	1.7585030905999706	1293.883298256099	133.89816093937375	321.48412532830076	1278.199992298107	6.912196231335686
12.45908152320586	1.731555958761567	1310.6205683735209	145.0563410176549	320.0099098169495	1294.391902254742	6.992989032580576
12.366406899019259	1.7063970830004942	1327.3578384909424	156.21452109593602	318.86011927360454	1310.5980265042933	7.0731648587713485
12.271485747986597	1.6830975162099548	1344.095108608364	167.37270117421716	318.0021361676303	1326.814448504954	7.15273986221049
12.17484298276881	1.661644522685835	1360.8323787257855	178.53088125249832	317.4362266168993	1343.0408656679363	7.231729581324769
12.077863240690329	1.6419781810155318	1377.5696488432077	189.68906133077948	317.1257109359412	1359.274173996042	7.310148970813494
11.981466964711245	1.624011871560937	1394.3069189606288	200.84724140906062	317.0411673524791	1375.5121168259764	7.38801153408766
11.884537801448081	1.6076445560892865	1411.0441890780507	212.00542148734172	317.2146589433098	1391.7585696629455	7.465331748686771
11.789863540442838	1.5927685146178914	1427.781459195472	223.16360156562288	317.5464911395202	1408.0049249038148	7.542121792252682
11.697358145159782	1.5792743467800303	1444.5187293128938	234.32178164390402	318.02568820605376	1424.2512001474572	7.618394789045876
11.60737992962248	1.56705423301122	1461.2559994303153	245.47996172218518	318.62986977352136	1440.495856890939	7.694162557230672
11.5179972727682	1.5560040429679634	1477.9932695477369	256.63814180046626	319.4120447252617	1456.7455252880675	7.7694365225759165
11.431669170496107	1.5460246293343896	1494.7305396651589	267.79632187874745	320.2730242843224	1472.9911765960362	7.844227735308261
11.3474892581019	1.5370226258580382	1511.467809782581	278.9545019570286	321.2320144694983	1489.2356871471827	7.918546886083426
11.264863025501718	1.5289108131456783	1528.2050799000028	290.1126820353098	322.2991394426638	1505.4810782228712	7.99240432112969
11.18528048632951	1.5216082447441297	1544.9423500174253	301.2708621135909	323.4100853880496	1521.7210769258093	8.065810056614001
11.033191817808692	1.5091379011926944	1578.4168902522683	323.58722227015323	325.79318368026065	1554.1909818273987	8.211303425975595
10.959492927726027	1.5038384180830757	1595.1541603696903	334.74540234843437	327.0927583816165	1570.4252160708158	8.283409271509388
10.88948900170362	1.4990841855876575	1611.891430487112	345.9035824267155	328.3705583866344	1586.648908092249	8.355099626398077
10.821455018948738	1.4948227188413703	1628.6287006045336	357.06176250499664	329.6874003717115	1602.8691335197332	8.42638216210282
10.755375709578574	1.491006251870081	1645.3659707219554	368.21994258327777	331.0332602016942	1619.0855438424576	8.497265379863043
10.69053353322114	1.4875913729275136	1662.1032408393771	379.37812266155896	332.4325950076675	1635.3012564411144	8.56775692071654
10.629305885120607	1.4845386792087312	1678.8405109567984	390.5363027398401	333.7844010611089	1651.5040258719823	8.637864212896236
10.569203349535195	1.4818124384274953	1695.57778107422	401.69448281812123	335.18015874615713	1667.7057038633882	8.70759447950979
10.51145240996646	1.4793802756042298	1712.3150511916415	412.85266289640236	336.5663165655453	1683.8995803147177	8.776954745880955
10.454754747122292	1.4772128718548252	1729.0523213090623	424.01084297468344	337.9870522225799	1700.0920933833363	8.845951846570236
10.40109409744145	1.4752836926338642	1745.7895914264845	435.16902305296463	339.35768651713283	1716.271974312243	8.914592279786424
10.347027567466993	1.4735687327348774	1762.5268615439054	446.32720313124577	340.8142668982357	1732.4579900761191	8.982882190383409
10.2950355403841	1.472046277575397	1779.2641316613276	457.48538320952696	342.2478243908871	1748.6359879774752	9.050828243443569
10.244539236147657	1.4706966888571547	1796.0014017787491	468.64356328780804	343.6786504051357	1764.8090207342675	9.118436008635426
10.198099590473227	1.4695022132787234	1812.738671896171	479.8017433660893	344.98982930409034	1780.9605896202547	9.18571162590259
10.151220521585119	1.46844679788245	1829.4759420135922	490.95992344437036	346.3692137343053	1797.1177017808654	9.252660388701212
10.105987906182806	1.4675159311705388	1846.213212131014	502.1181035226515	347.7227034668442	1813.2672792924102	9.319288209264078
10.060207698727998	1.4666964898479722	1862.9504822484355	513.2762836009326	349.14019473608823	1829.4232575392193	9.385600088401661
10.018396284720362	1.465976625101491	1879.687752365857	524.4344636792138	350.42222947288315	1845.5557515989763	9.451601191172342
9.977533390806498	1.4653456017762374	1896.4250224832795	535.5926437574949	351.6932289942662	1861.6839451030241	9.517296738724882
9.934933414249208	1.464667662696385	1913.1622926007008	546.7508238357761	353.0713223988768	1877.8264302508096	9.582691582088415
9.90031595897781	1.4643122549167753	1929.8995627181218	557.9090039140572	354.1221878386204	1893.9145833551693	9.647790460020879
9.85900772839436	1.4638932459156873	1946.6368328355436	569.0671839923383	355.48962220058104	1910.0522548587323	9.712598002380833
9.821653128236681	1.4635295412006764	1963.3741029529651	580.2253640706195	356.7040321182187	1926.1632150337032	9.777118733375497
9.789253212854067	1.463214670277191	1980.1113730703873	591.3835441489007	357.71632350480917	1942.2381932309254	9.841357074690407
9.760628689990359	1.4629427792821832	1996.8486431878093	602.5417242271818	358.57913469657774	1958.284183792038	9.905317348505733
9.715266395082999	1.4627085798220945	2013.585913305231	613.699904305463	360.1879093383197	1974.4623448287693	9.969003447498638
9.69330829253278	1.462507292737078	2030.3231834226526	624.858084383744	360.7844425861586	1990.4558808591928	10.032419645767542
9.65107239288761	1.4623345980070515	2047.060453540074	636.0162644620251	362.27335197857997	2006.6143011505558	10.095570093706817
9.617504432560104	1.4621865935857994	2063.797723657495	647.1744445403064	363.3929257372613	2022.7039217225215	10.158458240970791
9.594037132932911	1.4620597595696925	2080.5349937749174	658.3326246185874	364.0863405797241	2038.708420389836	10.221088198596188
9.556169910005037	1.461950914615494	2097.2722638923387	669.4908046968686	365.40333636287136	2054.8371694091175	10.283463445168845
9.525286069314596	1.4618571889385419	2114.0095340097605	680.6489847751498	366.42553382858284	2070.9069368513574	10.3455877602411
9.505107425072596	1.461775996666907	2130.746804127182	691.8071648534309	366.99817690016516	2086.8806014943834	10.407464317298672
9.472683738205415	1.4617050040733677	2147.484074244603	702.965344931712	368.0949125739307	2102.965090629016	10.46909693908665
9.449743508606009	1.4616421095055112	2164.221344362025	714.1235250099932	368.79458663752627	2118.962106537298	10.53048873094221
9.41274613816115	1.4613793304287517	2180.958614479446	725.2817050882744	370.0854426533081	2135.092692948368	10.591642836369655
9.391847094082188	1.4615332454071206	2197.695884596867	736.4398851665554	370.70850077777567	2151.0698323183365	10.65256267485777
9.361649303563846	1.4614840491598582	2214.4331547142883	747.5980652448367	371.71958512516267	2167.137641292337	10.713251318329482
9.336329448132362	1.461436463897391	2231.1704248317096	758.7562453231178	372.5300221371878	2183.1577489472106	10.77371177992783
9.320259765475704	1.4613892634928454	2247.907694949131	769.914425401399	372.9644546247027	2199.082653135833	10.83394701547707
9.291164196447648	1.461341350725652	2264.644965066553	781.07260547968	373.93475270265776	2215.140858646698	10.893959924899297
9.27334391216841	1.4612917431467363	2281.3822351839744	792.2307855579612	374.44961326339194	2231.0804965752986	10.95375335358828
9.241899107667049	1.4612395708218662	2298.119505301397	803.3889656362423	375.516541954754	2247.165500319265	11.013330093741928
9.21906757555674	1.4611840558461944	2314.85677541882	814.5471457145234	376.2375410583088	2263.158272073781	11.072692885654963
9.201455161395925	1.4611245109796749	2331.5940455362415	825.7053257928047	376.74758485801317	2279.092217445187	11.13184441897311
9.172985217371355	1.4610603290829955	2348.3313156536638	836.8635058710857	377.6978750466322	2295.1477459586363	11.1907873339102
9.151969693939963	1.460990974027266	2365.0685857710846	848.0216859493669	378.35064290966733	2311.11892392199	11.249524081520976
9.140428437229408	1.4609159773650355	2381.805855888507	859.1798660276481	378.62551436575046	2326.977812292385	11.308057057179257
9.123839876567109	1.4608349292692577	2398.543126005928	870.3380461059293	379.10575203849487	2342.89285542476	11.366388995802062
9.093145063829493	1.4607474759632242	2415.2803961233503	881.4962261842104	380.1505094895105	2358.97734136348	11.424522213623515
9.071071339493288	1.4606533107182136	2432.017666240772	892.6544062624915	380.85354309431386	2374.9585762033	11.482458803152182
9.051299044755194	1.4605521741926362	2448.7549363581943	903.8125863407726	381.46409368801176	2390.911025520914	11.540201541822675
9.030459636938552	1.4604438468286214	2465.4922064756165	914.9707664190539	382.11972670084725	2406.876367720713	11.597752112444233
9.012692064308983	1.460328141504418	2482.2294765930383	926.128946497335	382.65720297020613	2422.8017508815383	11.65511334279362
8.996599600237381	1.4602049164299398	2498.9667467104596	937.2871265756161	383.1263818968081	2438.7037780399337	11.712286768249408
8.97834074572906	1.4600740451574774	2515.704016827882	948.4453066538972	383.6861629511559	2454.6328020790165	11.769275088101192
8.959542587896344	1.459935436716375	2532.441286945303	959.6034867321786	384.2680275574504	2470.568167741363	11.826080018966834
8.941081104965251	1.4597890244337746	2549.178557062725	970.7616668104596	384.8380781088148	2486.498236360636	11.882703704243344
8.923874300731109	1.4596347628201185	2565.9158271801452	981.9198468887407	385.3622883383693	2502.410067355173	11.939148304991479
8.904399798942492	1.459472625626284	2582.6530972975675	993.0780269670219	385.9755388784237	2518.3528764897237	11.995415630822883
8.888752169331347	1.4593026063500156	2599.3903674149883	1004.236207045303	386.44040897493977	2534.2405333951638	12.051507506110202
8.855596848295027	1.4589389720868668	2632.8649076498314	1026.552567201865	387.4481813326192	2566.038496610313	12.163173045081544
8.841354312865613	1.458745417893448	2649.6021777672527	1037.7107472801463	387.8613919427174	2581.9007153241437	12.21875035055109
8.832783632671994	1.4585440993941605	2666.3394478846744	1048.8689273584273	388.04896667418114	2597.674464166098	12.274159727808364
8.810439405105205	1.4583350758657199	2683.076718002097	1060.0271074367085	388.7909247277065	2613.656641699441	12.329402928500288
8.798709473107289	1.4581184148539073	2699.8139881195198	1071.1852875149898	389.1089985965028	2629.474102998208	12.384481677566487
8.78296676221401	1.4578941948067625	2716.5512582369415	1082.3434675932708	389.5885508940039	2645.352384771237	12.439397673769042
8.763597253951117	1.4576624974357644	2733.2885283543637	1093.501647671552	390.21878238991087	2661.287966943909	12.494152590209314
8.747722248769943	1.457423413861231	2750.0257984717855	1104.659827749833	390.70950329874466	2677.1670520915122	12.548748074832275
8.73215614964927	1.4570649660819146	2766.7630685892077	1115.8180078281143	391.18949531032064	2693.040117342624	12.603185750918728
8.72316768467355	1.4569234774752082	2783.500338706629	1126.9761879063956	391.40291810214	2708.801887274217	12.65746721756569
8.7081112353901	1.4566628316144956	2800.2376088240503	1138.1343679846766	391.86716620265867	2724.6629348444353	12.71159405015533
8.690948976180552	1.456395208603543	2816.9748789414716	1149.2925480629576	392.4178386517814	2740.559180983674	12.765567800812757
8.681401137277206	1.456080560862178	2833.712149058893	1160.450728141239	392.6590847824581	2756.3224714267303	12.81938984030817
8.663645256996528	1.4558394890813218	2850.4494191763156	1171.6089082195201	393.2393022543233	2772.227459813002	12.87306164970368
8.653607061737922	1.4555516219728712	2867.186689293737	1182.7670882978011	393.5034555232864	2787.99454500583	12.92658486304993
8.64450001333407	1.4552572425566344	2883.923959411159	1193.9252683760824	393.7299998420195	2803.7415609260593	12.979960934608586
8.628862200307612	1.454956468201259	2900.6612295285804	1205.0834484543634	394.2286797786406	2819.6051586750673	13.033190875263404
8.612418365609846	1.4546494211135768	2917.398499646003	1216.2416285326447	394.76539085875237	2835.4833420949076	13.086276516773559
8.600510573443016	1.4543362225373049	2934.135769763425	1227.399808610926	395.11306381716975	2851.2760250675715	13.139219063965953
8.586646714837997	1.4540169953161926	2950.8730398808466	1238.557988689207	395.5466067043416	2867.104010671116	13.192019741194796
8.574150429086417	1.4536918602600106	2967.610309998269	1249.716168767488	395.92260598075745	2882.904500237912	13.244680156998779
8.567665950527065	1.4533609403689043	2984.3475801156906	1260.8743488457694	396.04550151698953	2898.585630365603	13.297201196334605
8.550690735291388	1.4530243573928816	3001.084850233112	1272.0325289240504	396.6173506496534	2914.4702004325136	13.349584592191801
8.541763713017623	1.4526822334685094	3017.8221203505336	1283.1907090023315	396.84642612794937	2930.1939120219063	13.40183117588759
8.522123927434816	1.4519818443249597	3051.2966605853762	1305.5070691588937	397.3860348704185	2961.668347219155	13.50591969874206
8.504453542789493	1.4516238188704447	3068.0339307027975	1316.665249237175	397.9976008166384	2977.5648503955576	13.55776385085988
8.495276539669058	1.4512607313177432	3084.7712008202193	1327.8234293154562	398.2439171612369	2993.2837510902605	13.609476390329418
8.487524442474388	1.4508926987457036	3101.508470937641	1338.9816093937372	398.42875098751574	3008.9693387446723	13.661058189246061
8.471302196009022	1.4505198377106368	3118.245741055063	1350.1397894720183	398.9858573399937	3024.8339620108977	13.712510527868044
8.459752113148673	1.4501422623533198	3134.983011172485	1361.2979695502997	399.3415200852313	3040.597377006931	13.763834635817798
8.45515220874522	1.449760086442058	3151.720281289907	1372.4561496285808	399.39025513794905	3056.2058105172896	13.815031593228438
8.438344533525433	1.4493734226217116	3168.457551407328	1383.6143297068618	399.98199599699063	3072.081713134604	13.866102232333477
8.428546646884461	1.4489823811468407	3185.1948215247485	1394.772509785143	400.2651461226564	3087.8005187771173	13.917047895566261
8.418187674439642	1.4485870720975516	3201.9320916421716	1405.930689863424	400.5740089375701	3103.5297942550324	13.96786963028443
8.415496636159128	1.448187602230658	3218.6693617595934	1417.0888699417053	400.53910188076605	3119.079863770026	14.018568471012582
8.402163836429573	1.4477840780512936	3235.4066318770156	1428.2470500199865	400.98528166899524	3134.872682629671	14.069145439646963
8.387314170893376	1.4473766027430006	3252.143901994438	1439.4052300982676	401.5035706164941	3150.700955588564	14.119601545656103
8.37985059333214	1.4469652816746745	3268.88117211186	1450.5634101765488	401.6875503402741	3166.3532504808677	14.169937786277606
8.369986594451442	1.4465502135524868	3285.6184422292818	1461.72159025483	401.9828453898156	3182.060171781386	14.22015511036416
8.358468707983164	1.4461314998393007	3302.355712346703	1472.879770333111	402.3560451131173	3197.805446584478	14.27025454086978
8.353728089920105	1.445709238676965	3319.092982464125	1484.0379504113923	402.4172947259904	3213.382226241978	14.320237053592857
8.330018738219263	1.4448544510709636	3352.5675226989674	1506.3543105679544	403.204919111028	3244.880771140035	14.41985507971977
8.322617150864357	1.4444080701898963	3369.304792816389	1517.5124906462356	403.39311683721763	3260.5152349738273	14.469492408918905
8.311556431179799	1.4439866045014123	3386.0420629338096	1528.6706707245164	403.7552293821434	3276.2408720570156	14.51901652667415
8.301677560434916	1.4435480109912753	3402.7793330512313	1539.828850802798	404.06390309636646	3291.9345839850375	14.568428339018283
8.296783811341967	1.443106421065957	3419.516603168652	1550.9870308810791	404.13643940096273	3307.495272797234	14.617728741362097
8.284721667920032	1.4426619220017889	3436.2538732860744	1562.14521095936	404.55223567191007	3323.2423003328468	14.666918618656677
8.275128930708279	1.4422145978604692	3452.9911434034952	1573.3033910376412	404.85239694225436	3338.9224758866726	14.71599884555259
8.266904790020737	1.4417645317826	3469.7284135209175	1584.4615711159224	405.08821031935327	3354.563699813453	14.764970279850306
8.25828178586545	1.4413118055717193	3486.4656836383397	1595.6197511942034	405.34466605870244	3370.2133803285587	14.813833533878512
8.260516905064986	1.4408564992126298	3503.2029537557623	1606.7779312724847	405.07330961873345	3385.5594584812466	14.862589678918257
8.240664590821071	1.4403986902332688	3519.9402238731846	1617.936111350766	405.88070382816346	3401.51648894088	14.91123955036219
8.23902807489584	1.4399384554085288	3536.6774939906054	1629.094291429047	405.79779053729413	3416.9618479287274	14.959783925929493
8.227198971674145	1.4394758698958274	3553.414764108027	1640.2524715073282	406.21781096254216	3432.6926687006444	15.008223372074333
8.216282147803957	1.4390110091864616	3570.1520342254494	1651.4106515856095	406.595789939874	3448.3968662653815	15.056558973361692
8.208161516164504	1.4385439440662735	3586.8893043428698	1662.5688316638903	406.8367065295538	3464.018753953822	15.104791482198385
8.199984666130284	1.4380747444967477	3603.6265744602915	1673.7270117421715	407.0819930881982	3479.6400021968448	15.152921369000156
7.876469961921154	1.4130953416631749	4440.490080331374	2231.6360156562287	416.43382263115586	4254.708125188186	17.443365470529663
7.750006215946181	1.4003529244812538	4858.921833266924	2510.5905176132574	420.0635873214351	4638.405788582434	18.51589013533696
5.687684817336594	1.2911442468522054	5277.353586202469	2789.545019570286	1894.4476540496776	5132.242397069682	19.548505456268593
5.649241297240571	1.2864128352863755	5695.785339138017	3068.4995215273148	1914.190591793322	5526.209491870089	20.54597144331471
5.6242838124539425	1.2838343425198628	6114.217092073567	3347.454023484343	1924.0503857408887	5917.794518371842	21.51215034590879
5.618140187194959	1.2851651651054554	6532.6488450091065	3626.4085254413717	1920.8459601115087	6306.257804499372	22.450229598541227
5.644477745005594	1.2943648880404934	6951.080597944658	3905.3630273984004	1896.628877802728	6689.8081537428225	23.362877029545086
7.2928957552553175	1.3324301860481524	7369.5123508801935	4184.317529355429	428.9512777016161	6884.280340109967	24.25235402271642
5.6914719802368605	1.3046024709631703	7787.944103815725	4463.272031312457	1845.862265818254	7449.265506129855	25.12059749862545
5.371181947841001	1.2182717970575805	8206.375856751261	4742.226533269486	2030.5048574297668	7868.090744237812	25.969282250390602
5.333056863426066	1.2054547002253158	8624.807609686814	5021.181035226515	2044.3082076131611	8254.12784432931	26.79986878197129
7.116206570458831	1.2966251845471939	9043.239362622351	5300.1355371835425	429.4099363512444	8331.679504751673	27.613639854473433
5.262680392930786	1.1791399606472996	9461.671115557896	5579.090039140572	2068.335280279382	9022.690584893173	28.411730053287386
7.063867318260153	1.2811160056682518	9880.102868493443	5858.044541097601	427.1859510877954	9037.399893258853	29.195148645960607
5.203443545268707	1.1530118236716809	10298.53462142899	6136.9990430546295	2085.279327520461	9785.858591773178	29.964798267510783
6.990586355772586	1.2669567322197215	10716.966374364516	6415.953545011657	427.89989537578936	9740.493948404039	30.721490458497346
6.966159286245552	1.2603324039444328	11135.398127300052	6694.908046968686	427.2410986265849	10086.369791010808	31.465958148068413
5.146031724540036	1.116596814245293	11553.829880235591	6973.862548925715	2089.314005244531	10916.821356752245	32.19886577332791
6.921288811747448	1.2479042351984466	11972.26163317113	7252.817050882743	426.0171566037729	10771.300310697412	32.920818267039046
4.8682326650963255	1.0728690348651413	12390.693386106668	7531.771552839771	2295.265048572004	11729.40067237866	33.63236815878111
6.88230977369785	1.2364644346832887	12809.125139042204	7810.726054796801	424.76259228654624	11446.796094076652	34.33402199242708
6.865493457432778	1.2310798017909934	13227.556891977745	8089.6805567538295	424.0547923539446	11780.731948681105	35.02624528778705
6.848581242826991	1.2259018528139376	13645.988644913281	8368.635058710857	423.45541520919375	12112.809214460898	35.70946736652374
6.837173099671319	1.220919103780538	14064.420397848831	8647.589560667886	422.4630766758772	12440.643001999104	36.384084983228036
6.819890044272444	1.2161208948648894	14482.852150784383	8926.544062624915	422.07879775313023	12769.119393301027	37.05046593983675
6.807270979911239	1.2114973215934428	14901.283903719925	9205.498564581943	421.3663620198128	13093.601222595786	37.708951768807125
6.794049181189518	1.2070391749389078	15319.71565665547	9484.453066538972	420.78528929559593	13416.470514641424	38.359860554464206
6.784263938390826	1.2027378834103977	15738.147409591016	9763.407568496	419.98507876079697	13735.644514746835	39.00348883579417
6.772469641879591	1.1985854605993853	16156.579162526556	10042.36207045303	419.4220341997694	14053.95774268039	39.64011404828733
6.7623245193531725	1.1945744590004193	16575.0109154621	10321.316572410058	418.7875102817052	14369.445621214034	40.26999573615686
4.899086433087615	1.0975202107857278	16993.442668397645	10600.271074367085	2120.1756514521276	15719.520987755724	40.89337746589917