173.36088189575298	13.662267351899569	0.800463878528496794013	39.2292390553967	17.236044613707	19035.979358877536
175.1150704207803	13.802737433149243	0.876059556708683763324	34.6972128369302	15.540189556576	13073.560142006017
176.71339427281717	13.944709008741654	0.950143935803766330399	31.0938224993374	14.12639006871	9297.91327533252
178.19396643401214	14.08514850943671	1.02271565676398348569	28.1693401997279	12.930569475637	6808.24940596334
179.58633837935432	14.22276814452286	1.09385363056931221139	25.7523934144479	11.905785628415	5108.387565827271
180.9086917313987	14.356730453292188	1.16341243058454037469	23.7299345689056	11.020398515911	3916.345444232164
182.17508980628935	14.485968462588428	1.231247258626620447	22.0197331231511	10.250247064559	3060.7875527368037
183.40136783790425	14.610630870648379	1.29750890599514033875	20.5545600964859	9.573695222408	2431.6780240796793
184.59690112613472	14.730417252449202	1.36210278675939190871	19.28927766635908	8.976274600179	1960.7974168837416
185.77001713731076	14.845171389340145	1.4249982844795923618	18.18804554005724	8.445891449914	1602.4197039242868
186.93057741510796	14.955208789026251	1.48628658782986097716	17.22119819880724	7.971915134009	1325.0855579439924
188.08480292438284	15.060390360419436	1.54590735046340760903	16.36770683961382	7.546840893456	1107.7485286632802
189.24019723167333	15.160952671028275	1.6039120953690641894	15.60930471805848	7.163750747772	935.179196733181
190.40306985641874	15.256993047157593	1.66028074051773249121	14.93219045076607	6.817374097452	796.6793882334911
191.58103764276962	15.348692873496681	1.71505487602648936873	14.32444166331354	6.502951687024	684.31691014788
192.78232040683915	15.436279867554523	1.76830119414643055803	13.77605854108707	6.216363999275	592.2158082293906
194.01165251236603	15.519630258776187	1.81989475443979488685	13.28058681181245	5.9550838002966	516.2658845411738
195.281991802864	15.599207986208313	1.87002410248389609857	12.82979527149997	5.7154461482433	452.92175327400287
196.60023603438086	15.67487317391475	1.91858884301817404651	12.41925464434707	5.4956366091235	399.8269119291354
197.97860302917826	15.746892631608961	1.96562682684303362347	12.04407028270853	5.2934746102107	354.9963788846125
199.42992027229457	15.815295223996998	2.0111369035802338086	11.70037039583002	5.1072297933113	316.9156565386977
200.97326966065975	15.880359060555701	2.05521697073477042519	11.38413551225638	4.9350112646967	284.3183156138538
202.62183173010476	15.941846082074429	2.09771538935963316311	11.09359265289795	4.7760888904243	256.3656120040393
204.39978161968781	15.999970612427214	2.13870419805998838236	10.82572557432902	4.6290073894153	232.23702183042178
206.33514789490647	16.05499931660126	2.17821990971368703546	10.57814008403364	4.492608853412	211.296056062837
210.99834493559615	16.15479963808187	2.25249780823636670104	10.13839921646947	4.2493710432174	177.21008674702307
214.0948984433682	16.199641739299143	2.28712488894246015432	9.94366277304578	4.14130320012	163.3421251122142
218.6472464178606	16.24055142245297	2.31969215623896263422	9.76566578295087	4.042371806591	151.30350185514575
629.6010886940494	16.251170899052042	2.32987603129877899221	9.70837563985447	4.0106061673315	147.5592372943384
632.9846571827827	16.233617568267366	2.32082503928498859743	9.74723488640704	4.0326135386382	150.10735003291984
635.3043836931503	16.213297526635962	2.31138009516844179452	9.78475970101702	4.0540247050044	152.60057926845138
637.1963699621342	16.191024263717868	2.30170787555802939739	9.82102562268906	4.0748466559631	155.0403202649938
638.8393607361825	16.16714060629376	2.2919025920249287682	9.85600605558468	4.0950492223016	157.42194690828552
640.2944417806099	16.14231404548459	2.28216530561276491954	9.88920321074772	4.1143346725349	159.7084104902495
642.8696900488474	16.089529193359798	2.26265181055551299653	9.95160540468155	4.1509215423356	164.07808666748645
644.0247846539738	16.062066043896603	2.2530035503350652512	9.9805542689911	4.1680682715809	166.13849451759756
645.1406026618022	16.03386870992032	2.24341949795072312549	10.00810065770532	4.1845070389333	168.11980107205926
646.2564206696303	16.00524968327129	2.23397525965125488326	10.03407229388205	4.2001337186057	170.00731683098928
647.3722386774584	15.976198356445565	2.2246533284232993981	10.05856067334993	4.2150017250302	171.80541313704853
647.3722386774584	15.976198356445565	2.2246533284232993981	10.05856067334993	4.2150017250302	171.80541313704853
647.6511931794155	15.968847439074917	2.22234318137233689911	10.0644516690352	4.2186004508459	172.24076529575933
647.9301476813724	15.96150750853901	2.22004145054265950294	10.07025048336552	4.2221519460118	172.6704061682429
648.2091021833295	15.95414030452616	2.217748263147846397	10.07595722492221	4.2256562954906	173.09431128925556
648.4880566852866	15.946758298042495	2.2154637395612492821	10.0815720438592	4.2291135544586	173.5124611599433
648.7670111872435	15.939336108493158	2.21318799343722725297	10.08709508505253	4.2325237985339	173.92483480242203
649.0459656892006	15.931902837694405	2.21092113237689238904	10.09252649580814	4.2358871037027	174.3314164244712
649.3249201911575	15.924435973113903	2.2086632579285961569	10.09786637787476	4.2392036085807	174.73218703567667
649.6038746931146	15.916982778650699	2.20641446629238646728	10.10311493873487	4.2424733602472	175.12713434122293
649.8828291950715	15.909474559257502	2.20417484801121628741	10.10827244624887	4.2456963685161	175.51623754554618
650.1617836970286	15.90199007759046	2.20194448909148262219	10.1133389743346	4.2488728143338	175.8994888929059
650.4407381989857	15.894472123081071	2.19972347033565727886	10.11831481424054	4.2520027090435	176.2768704159551
650.7196927009428	15.88692184672109	2.19751186820427993479	10.12319999778631	4.2550862839198	176.64836967283966
650.9986472028997	15.879370234491919	2.19530975494179637382	10.12799484181164	4.2581235400139	177.01397793440304
651.2776017048568	15.87180234328616	2.19311719853194527318	10.13269957975525	4.2611145582733	177.37368328431214
651.5565562068139	15.864203512681085	2.19093426303752690455	10.13731437146278	4.2640594919168	177.72747480642153
651.8355107087708	15.856617823293456	2.18876100897092623062	10.14183932392883	4.2669585376648	178.07534738637463
652.1144652107279	15.849010288768003	2.18659749300767572745	10.14627489910644	4.2698116075366	178.41729015428945
652.3934197126849	15.841386572629052	2.18444376853677884526	10.15062113520884	4.2726189714068	178.75329642838852
652.6723742146419	15.8337517193133	2.18229988567263205171	10.15487824962899	4.2753807607721	179.08336044263876
652.9513287165989	15.826107092123902	2.1801658913839602511	10.15904667234275	4.2780969321719	179.40747679765528
653.230283218556	15.818446901352647	2.17804182961293798077	10.16312645047514	4.280767773655	179.72564040506572
653.509237720513	15.810782962210578	2.17592774148155884031	10.16711792518419	4.2833933214129	180.03784873918687
653.7881922224701	15.803107367705678	2.1738236652845312766	10.17102131928474	4.2859737353094	180.3440977734238
654.0671467244272	15.795418766035134	2.17172963668709645798	10.17483690074134	4.2885091208114	180.64438554621438
654.6250557283412	15.78002013037304	2.16757185239925363181	10.18220571083847	4.2934453298592	181.22707394746254
654.9040102302982	15.772307644900723	2.16550815570355846232	10.18575943719255	4.2958464449923	181.50947396809607
655.1829647322553	15.764585029144168	2.16345462480708729761	10.18922635496965	4.2982031213787	181.7859121746596
655.4619192342122	15.756859290311118	2.16141128361996840611	10.19260682550415	4.3005154329525	182.05639090331425
655.7408737361693	15.749146792549773	2.1593781539888447677	10.19590121960556	4.3027834397588	182.32091413561457
656.0198282381264	15.741371141055454	2.15735525542572638815	10.19910955973301	4.3050075112392	182.57947797334302
656.2987827400833	15.733639130232085	2.15534260612297461785	10.20223234480908	4.3071876059384	182.83209723711016
656.5777372420404	15.72589537704985	2.15334022184579230179	10.20526975373861	4.3093239764387	183.07877050914126
656.8566917439974	15.71813570807519	2.15134811672685489174	10.20822223633156	4.311416630602	183.31950313575166
657.1356462459544	15.710346306487637	2.14936630312287296185	10.21108990476381	4.3134658853156	183.55430000195392
657.4146007479114	15.702611982267804	2.14739479204895368244	10.21387317090141	4.3154717923268	183.78317647975405
657.6935552498685	15.694878898429657	2.14543359242096872781	10.21657237883967	4.3174344833968	184.0061346954742
657.9725097518257	15.687053388904713	2.14348271144854587324	10.21918773492366	4.3193541893267	184.2231739735911
658.2514642537825	15.679331789756773	2.1415421558330284858	10.22171967678243	4.3212309767076	184.43432277245165
658.5304187557397	15.671505019188785	2.1396119294100086321	10.22416838233168	4.3230651088635	184.6395698531549
658.8093732576967	15.663734046099172	2.13769203588751575935	10.22653428019024	4.3248566606135	184.8389419183307
659.0883277596537	15.655966839284131	2.13578247687021676589	10.22881768911686	4.3266057991885	185.03244463296474
659.3672822616107	15.648181580761117	2.1338832527486631333	10.2310189393619	4.3283126788087	185.22008761163764
659.6462367635678	15.640393379285257	2.13199436276759501902	10.23313826862233	4.3299775460227	185.4018848169094
659.9251912655247	15.632615656736295	2.13011580493379140914	10.23517619731568	4.3316004076497	185.57785064610866
660.2041457674818	15.624826143307827	2.12824757593672011557	10.23713287773876	4.3331815862068	185.74799651547116
660.4831002694389	15.61704157244269	2.12638967144972362169	10.23900873788184	4.3347211728987	185.91233844281248
660.7620547713958	15.609257611653327	2.1245420859565774244	10.2408041590068	4.3362193081379	186.07089093572415
661.0410092733529	15.601473636010915	2.12270481287458497051	10.24251937742089	4.3376762560648	186.2236694825955
661.3199637753099	15.593688323643667	2.12087784457387730062	10.24415486009349	4.339092083235	186.37069013383618
661.5989182772669	15.585879351048831	2.11906117233876428095	10.24571089831275	4.3404670190018	186.51196727122522
661.8778727792239	15.578118039919426	2.11725478680756616613	10.24718795792226	4.3418011412755	186.6475258156789
662.156827281181	15.570329107583113	2.11545867714994744463	10.2485861905799	4.3430947968324	186.77737568300773
662.4357817831379	15.562538889850185	2.11367283197918887557	10.24990615868784	4.344347992221	186.90153822700552
662.714736285095	15.554751786447243	2.11189723894243757188	10.25114814350807	4.34556097641	187.0200329808491
662.9936907870521	15.546989574443923	2.1101318848887942889	10.25231261835193	4.346733833315	187.13288197859205
663.272645289009	15.539208952291569	2.10837675560090474308	10.25339969518239	4.3478669567624	187.24010070681058
663.5515997909661	15.531425621458368	2.10663183626577923784	10.25440993924898	4.3489603653416	187.34171149169552
663.8305542929231	15.52364973321961	2.10489711126920016869	10.25534375765333	4.350014208852	187.43773686072248
664.1095087948801	15.515870260575854	2.10317256416362686388	10.25620147671095	4.3510287152018	187.5281971199358
664.3884632968371	15.50809726226374	2.1014581778442334244	10.25698340299672	4.3520041218619	187.6131160811196
664.6674177987942	15.500347839799083	2.0997539345216846067	10.25769010493048	4.3529404564919	187.69251821522073
664.9463723007511	15.492586692685094	2.09805981552862006849	10.25832172400387	4.3538381044802	187.7664228534848
665.2253268027082	15.48482601849041	2.09637580170312237233	10.25887885762459	4.3546970753344	187.83485518703677
665.5042813046653	15.477067913450002	2.0947018732011463231	10.25936177145698	4.3555176526801	187.89783972942652
665.7832358066223	15.469306230950792	2.0930380095232166225	10.25977094237758	4.3562999518762	187.95540048250697
666.0621903085794	15.461556755307878	2.09138418964421155264	10.26010673705747	4.3570441787829	188.00756450058233
666.3411448105363	15.45382185512955	2.08974039190351700243	10.26036951002697	4.357750554893	188.05435773761522
666.6200993124935	15.446080397262444	2.08810659398602375746	10.26055968124053	4.3584192446471	188.09580374982036
666.8990538144506	15.438341940426378	2.08648277313867621674	10.26067770930939	4.3590503931574	188.13193015216552
667.1780083164076	15.430612226390894	2.08486890606166298482	10.26072391505645	4.3596442470945	188.16276473996123
667.4569628183646	15.422886338248494	2.0832649688999209307	10.26069867164592	4.3602010224102	188.18833439843516
667.7359173203216	15.415165598253617	2.08167093732168011078	10.2606025220122	4.3607207969689	188.20866665027785
668.0148718222786	15.407452964451604	2.08008678651754355452	10.26043584726163	4.361203775259	188.2237903623139
668.2938263242356	15.399741018976604	2.078512491171424304	10.26019885211595	4.3616503202497	188.23373315259346
668.5727808261927	15.392036883565568	2.07694802556788607193	10.25989229299467	4.3620603303108	188.23852522507704
668.8517353281496	15.3843416014674	2.07539336353043462491	10.25951617563244	4.3624343357064	188.23819469874977
669.1306898301067	15.376647417397056	2.07384847842538496143	10.25907126162183	4.3627722391596	188.23277172697192
669.4096443320637	15.368961810171674	2.07231334326521025228	10.25855779494932	4.3630743711799	188.22228676895494
669.6885988340207	15.361281605705573	2.07078793062555842356	10.25797620878093	4.3633409137245	188.20676988980128
669.9675533359778	15.353608414350402	2.06927221271587489327	10.25732692896182	4.3635720459403	188.18625199267075
670.2465078379348	15.345943887767541	2.0677661613744568181	10.25661044114929	4.3637679065794	188.16076432459235
670.5254623398918	15.338281319939792	2.06626974804924946672	10.255827072639	4.3639287677723	188.13033750043905
670.8044168418488	15.330628093464457	2.0647829438941942691	10.25497725704802	4.3640548102208	188.09500400638387
671.0833713438059	15.322981792617627	2.0633057196912640158	10.25406146329685	4.364146186982	188.05479568205365
671.3623258457629	15.315342416385365	2.06183804590774623701	10.25308017868277	4.3642030405954	188.0097447216461
671.64128034772	15.307710591649727	2.06037989270067581098	10.25203362428963	4.3642257348289	187.95988382641164
671.9202348496771	15.300086896178065	2.05893122992512812321	10.25092232957501	4.3642143753284	187.90524591191604
672.199189351634	15.292469033197143	2.05749202713403116218	10.24974671578296	4.3641691621352	187.8458638886074
672.4781438535911	15.284860392623811	2.05606225362096119788	10.24850732287134	4.3640901951238	187.78177145265036
672.757098355548	15.27726063780149	2.05464187839444435959	10.24720435737702	4.3639778560917	187.71300223337488
673.0360528575051	15.269664096272308	2.05323087018146276499	10.24583841891305	4.3638321943181	187.6395896841631
673.3150073594621	15.262077506230922	2.05182919750472457957	10.24440987877467	4.3636534531211	187.56156811082633
673.5939618614191	15.254499826628336	2.0504368286149493649	10.24291912343653	4.3634418678379	187.4789731903591
673.8729163633761	15.246931763302808	2.0490537315362514148	10.24136672117391	4.3631975129361	187.39183665175523
674.1518708653331	15.239371731391838	2.04767987405949705619	10.23975293205185	4.3629207340323	187.30019598731306
674.4308253672901	15.231819833098447	2.04631522376616934679	10.23807829242994	4.3626116357418	187.20408475240808
674.7097798692472	15.224278154160244	2.04495974803796536509	10.23634320369343	4.3622704417662	187.103538718412
674.9887343712044	15.216740541193714	2.04361341402554267814	10.23454809835569	4.3618973440267	186.99859273033587
675.2676888731612	15.209214094937252	2.04227618873946355512	10.23269340567075	4.3614925452169	186.8892827754693
675.5466433751184	15.20171846759223	2.04094803905565455287	10.23077958308727	4.3610562224246	186.77564738306808
675.8255978770753	15.19418465375231	2.03962893133048162084	10.22880705910513	4.3605885704189	186.65771331410693
676.1045523790324	15.186685602235386	2.03831883230222229552	10.22677619920843	4.3600898460605	186.53552604275873
676.3835068809894	15.179193538348493	2.03701770815747621396	10.22468741721741	4.3595602650805	186.40911825861824
676.6624613829465	15.171713428447037	2.0357255250558328788	10.22254127066781	4.3589999135047	186.2785268876463
676.9414158849036	15.164253487268416	2.0344422490224865763	10.22033816145985	4.3584090190233	186.1437891004321
677.2203703868605	15.156776325573162	2.03316784576402113645	10.21807849553955	4.3577878041734	186.00493690105546
677.4993248888176	15.1493444339463	2.03190228124369354402	10.21576267357665	4.3571364874826	185.8620150994383
677.7782793907746	15.141884046612807	2.03064552076397642703	10.21339117981229	4.3564552219072	185.71505082865224
678.0572338927316	15.134445046884766	2.02939752999064759665	10.21096446322686	4.3557441970539	185.56408736094684
678.3361883946886	15.127051577497882	2.02815827437435739905	10.2084828256356	4.3550037146387	185.40916491146817
678.6151428966457	15.119624426895438	2.02692771884966441456	10.20594166604776	4.3542382196968	185.25031023606053
678.8940973986028	15.112222330851006	2.02570582879099600534	10.20335181844479	4.3534391340733	185.08756807236287
679.1730519005598	15.104840175088187	2.02449256922418442285	10.20071342518051	4.3526068988735	184.92097497881667
679.4520064025168	15.097525638742102	2.02328790529191721868	10.19801684563789	4.3517502061547	184.75057394958435
679.7309609044738	15.090104113171295	2.02209180117098252204	10.19526763488658	4.3508649342014	184.57638113013434
680.0099154064308	15.08273262479023	2.02090422226884230465	10.19246613122075	4.3499513502666	184.3984528189635
680.2888699083877	15.075398813580968	2.0197251332478886903	10.18961285764497	4.3490095779115	184.2168253397568
680.5678244103448	15.068033813222172	2.01855449847423754696	10.18670817979193	4.3480398621186	184.0315272134047
680.8467789123018	15.060705968424653	2.01739228279387212425	10.18375259299085	4.347042350454	183.84260485205638
681.1257334142589	15.053387444805908	2.01623845060924526572	10.1807464408351	4.3460173017147	183.65009217440794
681.404687916216	15.046077812891962	2.01509296637559964139	10.17769032182166	4.3449647756787	183.4540266273322
681.6836424181729	15.038780529431602	2.01395579451217920604	10.17458446550994	4.3438851283783	183.25444628887408
681.96259692013	15.031492915937164	2.0128268993666583753	10.17142925968361	4.3427785890364	183.05138835490493
682.241551422087	15.02422816056246	2.0117062453078182644	10.16822546485837	4.3416450734678	182.8448921674471
682.520505924044	15.016958883427431	2.01059379650320932878	10.16497306351381	4.3404851463297	182.63499166742298
682.799460426001	15.009694994819519	2.00948951723597146373	10.16167287373234	4.3392986727748	182.42172572918548
683.0784149279581	15.002414717826998	2.00839337163160176958	10.1583250940576	4.3380860298869	182.20512906261308
683.3573694299153	14.995218366662668	2.00730532428293163956	10.15493009736297	4.3368474638812	181.98525230907728
683.6363239318723	14.987960799911045	2.00622533876932395394	10.15148345470792	4.3355872528039	181.76211393796197
683.9152784338293	14.980765064464649	2.00515337973608682521	10.14800069815712	4.3342928485461	181.53576756789957
684.1942329357863	14.973592803548344	2.00408941116165753235	10.14446705925933	4.3329772501332	181.30624566501638
684.4731874377433	14.966396951135494	2.00303339697763707923	10.14088791648621	4.3316364681933	181.07357923405752
684.7521419397003	14.959218231415539	2.00198530146490722002	10.13726375657721	4.3302706414073	180.83781109114986
685.0310964416574	14.952054755504928	2.00094508872802233397	10.13359501924757	4.3288799357946	180.59897821101987
685.3100509436143	14.944902951871795	1.99991272286456901747	10.12988220368461	4.3274644786075	180.3571173735621
685.5890054455714	14.937752227175492	1.99888816794659888	10.12612558058227	4.3260245802133	180.11226432004187
685.8679599475284	14.930624664790248	1.99787138818622715471	10.12232557441073	4.3245604251941	179.86445900620393
686.1469144494854	14.923510010249595	1.99686234767328657174	10.11848270998157	4.3230721010457	179.61373712143032
686.4258689514425	14.916394637143743	1.9958610104964226559	10.11459728140481	4.321559906186	179.36013376443995
686.7048234533994	14.909299108478834	1.99486734090044448024	10.11066970680989	4.3200240207466	179.1036884961645
686.9837779553565	14.90218013834907	1.99388130288667296543	10.10670053427864	4.3184645105932	178.84443154468585
687.2627324573135	14.895130672987491	1.99290286103916665227	10.102690111149	4.3168816255641	178.58241290680564
687.5416869592705	14.888066895655708	1.99193197923871423856	10.09863867165189	4.3152756948996	178.31765965876377
687.8206414612275	14.881013108757752	1.9909686218388985736	10.09454687075457	4.3136466942794	178.0502083106125
688.0995959631846	14.873957102629847	1.99001275307281768469	10.09041495916142	4.3119949443442	177.78009406949096
688.3785504651416	14.86693236067375	1.98906433739575656292	10.08624339535374	4.3103205760587	177.50735917553317
688.6575049670986	14.859933190836395	1.98812333913648087678	10.08203259466007	4.3086237748938	177.23203901015103
688.9364594690556	14.852904160823433	1.98718972245466583218	10.07778303217143	4.3069046580849	176.95416027639305
689.2154139710127	14.845959293961652	1.986263452255260306	10.07349480348435	4.3051636668463	176.67377598156858
689.4943684729697	14.838962171602207	1.98534449244390264255	10.06916866890617	4.3034006781999	176.3909025705161
689.7733229749267	14.831992182328644	1.9844328078698102452	10.06480473833461	4.3016161231491	176.10558570495377
690.0522774768838	14.825045481526194	1.98352836308353374956	10.06040369217152	4.2998099400182	175.81786193698514
690.3312319788408	14.818080766470338	1.98263112252838517786	10.05596568286955	4.2979825118937	175.52776110789057
690.6101864807979	14.811185959071631	1.98174105124090442772	10.05149126356467	4.2961338914564	175.23532927188492
690.8891409827548	14.804223305739354	1.98085811336571891694	10.04698067783221	4.2942643815052	174.94058283491736
691.1680954847119	14.797364152648482	1.97998227440095853312	10.04243450645311	4.2923739978479	174.64358014872312
691.4470499866688	14.790436850391014	1.97911349846196159155	10.03785294022894	4.2904630934753	174.34433284273837
691.7260044886259	14.783569208835559	1.97825175098375409557	10.03323639061714	4.2885318211087	174.04289262094238
692.004958990583	14.77668325838494	1.97739699659721790311	10.02858538488007	4.2865802420131	173.73928383262052
692.2839134925401	14.769837721647253	1.97654920057393716425	10.02390019954488	4.284608622554	173.4335480474379
692.5628679944972	14.763010902154072	1.97570832791204533653	10.01918127340941	4.2826170942766	173.125716651213
692.8418224964541	14.756216781473443	1.97487434382820960865	10.01442895464615	4.2806058629886	172.81582599017003
693.1207769984112	14.74935861664869	1.9740472131393310128	10.00964363232771	4.2785750928709	172.5038966652513
693.3997315003683	14.742543185148952	1.97322690159599880351	10.00482561028532	4.2765250182214	172.18997668856113
693.6786860023252	14.73576987335574	1.97241337456751481146	9.9999753339099	4.2744557574474	171.87409832095173
693.9576405042823	14.728967877925465	1.971606597198174477	9.99509318641978	4.2723674798766	171.556287272698
694.2365950062392	14.72222632320136	1.97080653538985981866	9.99017952220594	4.2702603715004	171.23658672275485
694.5155495081963	14.715524238083663	1.9700131546530275412	9.98523468216411	4.2681346296191	170.91502729510103
694.7945040101533	14.708798723194487	1.96922642039822079195	9.98025912345737	4.2659903516666	170.59163391524197
695.0734585121104	14.702033137094597	1.96844629831351381757	9.97525310172945	4.2638278032311	170.26643698658535
695.3524130140673	14.695333612950463	1.9676727546942704315	9.97021704489025	4.2616471023243	169.9394820783472
695.6313675160244	14.688636103818638	1.96690575519196615586	9.96515127960355	4.2594484504917	169.61079339514762
695.9103220179815	14.681921715239053	1.9661452657354457454	9.9600561767397	4.2572320094295	169.28040055171704
696.1892765199384	14.675266237866436	1.9653912527464958496	9.9549320916625	4.254997948443	168.9483446870859
696.4682310218955	14.668539923604845	1.96464368185082828616	9.94977951497554	4.2527463302789	168.6146413125368
696.7471855238525	14.66198480012789	1.96390252036362827328	9.94459853293956	4.2504775442612	168.27935174160382
697.0261400258095	14.655349914008733	1.96316773356634938917	9.93938977478237	4.2481915286322	167.9424761152054
697.3050945277665	14.648636315047312	1.96243928791588481859	9.93415335393778	4.245888646373	167.6040455501939
697.5840490297236	14.64209724352819	1.96171715105255508182	9.92888989919647	4.2435688354182	167.26412205411646
697.8630035316806	14.63549705599734	1.96100128859732281052	9.92359946825079	4.2412325021783	166.92270709894368
698.1419580336376	14.628901751744205	1.9602916675692868251	9.91828250641632	4.2388797246137	166.579839192838
698.4209125355947	14.622360603748653	1.95958825501148439964	9.91293935534669	4.2365106727036	166.2355545182727
698.6998670375517	14.615780864226393	1.95889101744786811871	9.9075705225044	4.2341253723858	165.8898716637972
698.9788215395087	14.609243269752657	1.9581999222521736895	9.90217612885455	4.231724165352	165.54283021107136
699.2577760414657	14.602666178700808	1.9575149361915860189	9.89675660976526	4.2293071370758	165.19444970558118
699.5367305434227	14.59619436364543	1.95683602711800366797	9.89131234030354	4.2268744141382	164.84477712121605
699.8156850453797	14.589618660336761	1.95616316144187363662	9.88584346159853	4.2244263196831	164.49381601539386
700.0946395473368	14.583188166469412	1.95549630767333865095	9.8803505124515	4.2219628395217	164.141625634266
700.3735940492937	14.576694622127782	1.954835432428494864	9.87483391930973	4.2194840550786	163.78820926913323
700.6525485512508	14.570238510615148	1.95418050377459277673	9.86929362932927	4.216990439122	163.43360754248963
700.931503053208	14.563778006331916	1.95353148926073961984	9.86373024957949	4.2144819230191	163.07784362625907
701.210457555165	14.557329855932402	1.9528883567967277384	9.85814414677371	4.2119586193605	162.7209475537809
701.489412057122	14.550903045062615	1.9522510743638587521	9.85253541798094	4.2094208785901	162.3629481949609
701.768366559079	14.544468825539186	1.95161960988363556698	9.84690452717275	4.206868736864	162.00386958516094
702.047321061036	14.538079394772803	1.9509939317401352169	9.84125185870151	4.2043022923963	161.6437454080448
702.326275562993	14.531686248366034	1.95037400798187794274	9.83557763408973	4.2017217752144	161.28259692100684
702.6052300649501	14.525307867602843	1.9497598070600994483	9.82988209568973	4.1991274063435	160.92045327940406
702.8841845669072	14.518940377797733	1.94915129743624747743	9.82416579967982	4.1965191337921	160.55734062693395
703.1631390688642	14.512574120880632	1.94854844765537989576	9.81842876280733	4.1938973497562	160.19328425090066
714.3213191471453	14.268992709949217	1.92872894018462811874	9.57538243399398	4.079498296503	145.13438346394204
725.4794992254264	14.045837941124242	1.91608823178321572142	9.31665371430814	3.9520233630659	129.95207179878614
747.7958593819886	13.655919742923214	1.9064159648230113144	8.7978765867839	3.6830165559937	102.30272761621885
758.9540394602698	13.486092783701965	1.90709225356027512412	8.55149228179158	3.5499982244763	90.49068702095595
770.1122195385508	13.330951985034096	1.91028943370924400282	8.31852690751453	3.4214935394931	80.09707364637413
781.2703996168319	13.188899664661562	1.91536519956234478896	8.10037685750377	3.2989782303284	71.03942083027641
792.428579695113	13.058553409690157	1.9218151128442455674	7.89741011638009	3.1832642488732	63.18940262911003
803.5867597733942	12.93869395342481	1.92924465668074228864	7.70933536845079	3.0747028981306	56.403639811621034
814.7449398516752	12.828049718709899	1.93734635509953249303	7.53547383911648	2.973327617928	50.54096783702553
825.9031199299563	12.72563104956005	1.94588136863224271208	7.37493831809125	2.8789631153804	45.471163205615134
837.0613000082377	12.630622806408	1.95466484818597135208	7.22675106416574	2.7913033950838	41.07852878122944
848.2194800865188	12.542166367434005	1.96355435928575916429	7.08991663967364	2.7099679875146	37.26260745435299
859.3776601647999	12.459611378843615	1.97244077220682439181	6.96346709780769	2.6345398523264	33.937430724775055
870.535840243081	12.382330439278173	1.98124110258306301728	6.84648653908749	2.5645916288421	31.030069354203974
881.6940203213622	12.309801286300683	1.98989289179308644505	6.7381243756958	2.4997020821051	28.47897666025633
892.8522003996434	12.241536465146277	1.99834979290606603208	6.63759993370471	2.4394667502828	26.232344425966104
904.0103804779244	12.177142384937731	2.00657810207063096516	6.54420222179045	2.3835041796129	24.246600456943664
915.1685605562058	12.116238707678495	2.01455402813744927665	6.45728763386735	2.331458709019	22.485081279185863
926.3267406344868	12.058501455067091	2.02226154178435097511	6.37627522537279	2.2830018385831	20.916896860126723
937.4849207127681	12.003674647262804	2.0296906780068618265	6.30064203795028	2.2378318327691	19.515970661139292
948.643100791049	11.951496183371422	2.03683619405861207847	6.22991757204761	2.1956729188039	18.260234265784923
959.8012808693303	11.901765294460581	2.0436965084537926936	6.16367882905967	2.156273749718	17.13096190683063
970.9594609476114	11.85422223765163	2.05027285933602558221	6.10154547259511	2.1194056906205	16.11221441933137
982.1176410258926	11.808765185899235	2.05656863968510724322	6.04317526879436	2.0848610919072	15.190387288992644
993.2758211041738	11.7651710321065	2.06258886683053264935	5.98826004368268	2.0524514588278	14.353826409876165
1004.4340011824548	11.723300795722755	2.06833976504302880293	5.93652198737728	2.0220057414112	13.592520334039213
1015.592181260736	11.6830721711144	2.07382843339772938747	5.88771023905297	1.9933687596653	12.897841244609548
1026.7503613390174	11.644348916284665	2.07906258221288387656	5.8415982951022	1.966399500917	12.262327442183853
1037.9085414172985	11.607022201599067	2.08405032621554397229	5.79798093801692	1.9409699672368	11.679507412499895
1049.0667214955795	11.570996976263697	2.08880002108372045613	5.75667218891317	1.9169637642124	11.14375063507911
1060.2249015738607	11.536196380459394	2.09332013539636378667	5.71750322361423	1.8942749645715	10.650143772803148
1071.383081652142	11.502540609759798	2.09761915059058152796	5.6803205245532	1.8728070862783	10.194386172355157
1082.5412617304228	11.469967376394132	2.10170548385391289011	5.6449842293639	1.8524721754199	9.772703124330928
1093.699441808704	11.438386617077875	2.10558742855281104488	5.61136680131529	1.8331899241054	9.381771317708333
1104.8576218869853	11.407773070512885	2.1092731103204990817	5.57935167870702	1.8148869591251	9.018658725514832
1116.0158019652663	11.378040353184982	2.11277045285410479174	5.54883229286237	1.7974961025929	8.68076938888455
1127.1739820435475	11.349142334311768	2.116087154920979711	5.51971092398963	1.7809558396563	8.365800774425171
1138.3321621218288	11.321038247041008	2.11923067357168048303	5.49189700866324	1.7652101643145	8.071704990291819
1149.4903422001098	11.293695860477799	2.12220821354441998897	5.46531079205756	1.750206006664	7.796656288676599
1160.648522278391	11.26706429826068	2.12502672103138517748	5.43987374643044	1.7358969738326	7.5390227051462615
1171.8067023566723	11.241104436261915	2.1276928816272059637	5.41551686495141	1.7222387755697	7.297342733290564
1182.9648824349533	11.215804162757355	2.13021312101748854901	5.39217567483574	1.7091909582388	7.070304802179906
1194.1230625132346	11.191111019530439	2.13259360709557816419	5.3697904513768	1.6967162526692	6.856728529318545
1205.2812425915156	11.167001025018836	2.13484025507020670647	5.34830611102209	1.6847801435402	6.655550375691951
1216.4394226697966	11.143452828201216	2.13695873296454565357	5.3276715195532	1.6733507494557	6.465809577061069
1227.5976027480779	11.120438167993193	2.13895446820730157292	5.30783922086863	1.6623985584134	6.286636932560525
1238.755782826359	11.097933888835094	2.14083265511285407227	5.28876515657418	1.6518961962719	6.117244279269174
1249.91396290464	11.075917074073962	2.142598262655735584	5.27040840728829	1.641818241515	5.956915800308893
1261.0721429829214	11.054380013953237	2.14425604273395670139	5.25273085282035	1.6321410838912	5.80500039260387
1272.2303230612026	11.033281711576821	2.14581053792639949806	5.23569691865555	1.6228427838862	5.660904261109255
1283.3885031394834	11.012619843728364	2.14726609053470645482	5.21927350149432	1.6139028791908	5.524085793229474
1294.5466832177647	10.992354826735596	2.14862685004669396801	5.20342959497244	1.6053023359091	5.394049358258663
1305.7048632960455	10.972495056826455	2.14989678217705717146	5.18813625893561	1.5970233762082	5.270341611203334
1316.863043374327	10.953011525068472	2.1510796759467012082	5.17336642677007	1.5890493905633	5.152546372000342
1328.0212234526082	10.93388906859447	2.1521791520077497062	5.15909473065889	1.5813648602658	5.040281537877794
1339.179403530889	10.91512069788569	2.15319867014287134292	5.14529727132163	1.57395531274345	4.933195755224492
1350.3375836091705	10.896695429283236	2.15414153644259328117	5.13195189701057	1.56680707842689	4.83096538282502
1361.4957636874517	10.878602421592136	2.15501091039884893564	5.11903746348493	1.55990748413787	4.733291939368713
1372.6539437657325	10.860811164376186	2.15580981146359453492	5.10653429871608	1.55324455593711	4.639899582848984
1383.8121238440137	10.843345970807832	2.15654112639472813945	5.09442389587507	1.54680704962606	4.550533849719599
1394.9703039222952	10.826175254517324	2.15720761425397889898	5.08268869809141	1.54058445154254	4.464958616137097
1406.1284840005762	10.809291895565538	2.15781191327676513777	5.07131228100272	1.53456682136354	4.382955213374307
1417.2866640788573	10.792682832170634	2.1583565462348335256	5.06027906150816	1.5287448406911	4.304320749267446
1428.4448441571385	10.77633738481065	2.15884392597635033133	5.04957441733647	1.52310969779674	4.22886672304453
1439.6030242354198	10.76025903721318	2.1592763607582318691	5.03918444755714	1.51765311973042	4.156418005076907
1450.7612043137008	10.744434770050274	2.15965605883900215789	5.02909606133727	1.5123672804456	4.086811379315605
1461.919384391982	10.728853814057658	2.15998513340857063748	5.01929684890285	1.50724480392038	4.01989475766362
1473.0775644702633	10.71351210458541	2.16026560712880076001	5.00977509393867	1.502278705438	3.955526322337087
1484.2357445485443	10.698402105692743	2.16049941628228493477	5.00051964381373	1.49746240324211	3.8935736279633173
1495.3939246268253	10.683517481542248	2.160688414887321464	4.99151999604295	1.49278964645933	3.833912885441259
1506.5521047051068	10.668849472572612	2.16083437851431075044	4.98276612854017	1.48825453396845	3.7764282606826995
1517.7102847833876	10.654396328924006	2.160939008069670348	4.97424850892407	1.48385148886341	3.7210113428470186
1528.8684648616688	10.640149884595415	2.1610039331201784871	4.96595813481044	1.47957520020138	3.6675604578104575
1540.0266449399496	10.626099890144435	2.16103071525829437741	4.95788647401432	1.47542062332979	3.6159802346348786
1551.184825018231	10.612247472311426	2.1610208514185081985	4.95002533213298	1.47138300138892	3.566181203101186
1562.3430050965121	10.598583719107575	2.1609757766045823669	4.94236694801455	1.4674578020462	3.5180792304234223
1573.5011851747934	10.585110449963565	2.1608968669913317259	4.93490398211047	1.46364070005626	3.471595279045501
1584.6593652530744	10.571815892051847	2.16078544232050056479	4.92762932495863	1.45992762616947	3.42665484106443
1595.8175453313556	10.558697261876981	2.1606427687514208042	4.92053631031757	1.45631467058436	3.3831878398679973
1606.9757254096367	10.545747630257654	2.16047006113446403148	4.91361857762687	1.45279811108869	3.3411281694737567
1618.133905487918	10.532969834269272	2.16026848550767892666	4.90686990599619	1.44937445831728	3.30041355934136
1629.2920855661991	10.520358078993993	2.16003916106406124147	4.90028454331183	1.44604032109552	3.2609851690124243
1640.4502656444802	10.50790650422282	2.15978316235484441689	4.89385695960737	1.44279247728743	3.22278740310309
1651.6084457227614	10.49561079506089	2.1595015213017647401	4.88758178627998	1.43962788558826	3.185767729691739
1662.7666258010427	10.483466080656788	2.15919522906299676389	4.88145393305565	1.43654362651929	3.149876453327046
1673.9248058793237	10.471472073299886	2.15886523790175924123	4.87546852202802	1.4335369180986	3.115066580012905
1685.082985957605	10.459620984723601	2.15851246273874455256	4.86962089974305	1.43060509522742	3.081293532063852
1696.241166035886	10.447912607957447	2.15813778298143183319	4.863906661142	1.42774559407832	3.048515131691988
1707.3993461141672	10.436344779298988	2.15774204394791968858	4.85832148046174	1.42495600264776	3.016691386757771
1718.5575261924482	10.42491076242332	2.1573260583058776158	4.85286128124201	1.42223398705076	2.985784212761275
1729.7157062707297	10.413606589950826	2.15689060757547010719	4.84752217485762	1.41957730673441	2.9557576397021483
1740.8738863490105	10.402439800221279	2.1564364435873996804	4.84230034784358	1.41698384857474	2.9265774683817987
1752.0320664272917	10.391400569784835	2.1559642893613088419	4.83719215012081	1.41445158510877	2.898211092615286
1763.1902465055732	10.380486972129106	2.15547484066295559409	4.83219427908169	1.41197849741387	2.870627554257835
1774.3484265838538	10.36969508564621	2.15496876702421084631	4.82730325606681	1.40956276622473	2.8437973908721643
1785.506606662135	10.3590242682552	2.15444671291716609831	4.82251592928117	1.40720257606701	2.8176925724037876
1796.6647867404163	10.34847166832518	2.15390929872710479804	4.81782921255001	1.40489620503855	2.7922863867690424
1807.8229668186975	10.338036290819607	2.1533571218095624078	4.8132401961481	1.40264198089323	2.767553386101802
1818.9811468969788	10.327711316369186	2.15279075733539746064	4.80874602600794	1.40043831910941	2.7434692685389086
1830.13932697526	10.317510966459889	2.15221075958286067239	4.80434390057732	1.39828371463245	2.72001100773703
1841.2975070535406	10.30739945620696	2.15161766179069295987	4.80003129109666	1.39617666481698	2.6971562375697014
1852.4556871318223	10.297401988848506	2.15101197857329231731	4.79580559495379	1.39411578279881	2.6748840734253276
1863.6138672101033	10.287509943936293	2.15039420535482294182	4.79166439636395	1.39209970522895	2.65317430276282
1874.7720472883843	10.277721765835407	2.14976481970876729236	4.78760538736909	1.39012711197157	2.6320076638971677
1885.9302273666656	10.268033812603933	2.14912428194654946492	4.78362626112591	1.38819676184049	2.611365718759199
1897.0884074449466	10.258447537697583	2.14847303591042136472	4.77972480946195	1.38630745645498	2.5912308732315625
1908.2465875232278	10.248976230602455	2.14781150973242335376	4.77589899144602	1.38445800850119	2.5715863923408913
1919.4047676015089	10.239562672080321	2.14714011524205001426	4.77214673198835	1.38264731232724	2.5524156594709337
1930.5629476797903	10.230261987203098	2.146459251273105017	4.7684661147299	1.3808742748507	2.5337036892661953
1941.7211277580711	10.221052900645013	2.14576930144427092023	4.76485519390699	1.37913787293265	2.515435493982115
1952.8793078363524	10.211932798541605	2.14507063611418633864	4.76131217951415	1.37743709060613	2.49759687199808
1964.0374879146336	10.202902866827356	2.14436361268724837602	4.75783531805647	1.37577095789229	2.4801742198971555
1975.1956679929147	10.193971732615232	2.14364857617194738187	4.75442286692371	1.37413855330012	2.463154560255871
1986.353848071196	10.185110234780005	2.14292585897465397238	4.75107320570421	1.3725389668774	2.4465251051130767
1997.512028149477	10.176344738546657	2.14219578277413093928	4.74778480356527	1.37097131014731	2.430274067729571
2008.670208227758	10.167658164456245	2.14145865745912275823	4.74455601281762	1.36943477839166	2.414389743479658
2019.8283883060394	10.159053538146699	2.14071478251571218852	4.74138537622289	1.36792855113221	2.3988610628090608
2030.9865683843207	10.15052738260749	2.13996444702498454383	4.73827148724975	1.36645183316283	2.3836773290314577
2042.1447484626015	10.142083265638112	2.13920793025798127404	4.73521294557939	1.36500387114965	2.368828325060585
2053.3029285408825	10.133713967916933	2.1384455017694896841	4.73220842328223	1.36358392358667	2.354304121613194
2064.461108619164	10.125424493428167	2.13767742211007909543	4.72925656582176	1.36219130274687	2.3400952716714607
2075.619288697446	10.11720751484298	2.13690394278338949713	4.72635616463005	1.36082530307685	2.3261926052411583
2086.7774687757264	10.109066644940423	2.13612530693576655853	4.72350592509718	1.3594852871136	2.31258734674499
2097.9356488540075	10.101001132120354	2.1353417494293950706	4.72070474085317	1.35817058685279	2.2992710298795775
2109.0938289322885	10.09300679828085	2.13455349715559856434	4.71795139771271	1.35688060430365	2.286235464006474
2120.2520090105695	10.08508266727215	2.13376076942703695582	4.71524482820312	1.35561472277454	2.2734727824489975
2131.410189088851	10.077229470726445	2.13296377823060086765	4.71258392639781	1.35437237000254	2.2609754242620976
2142.568369167132	10.06944463059712	2.13216272841173013141	4.70996766082238	1.35315297682959	2.2487360599793447
2153.726549245413	10.061730000658642	2.1313578180526479991	4.70739497574115	1.35195601131878	2.2367476676457825
2164.8847293236945	10.054079089476328	2.13054923850999526145	4.70486495532335	1.35078092107441	2.225003401824143
2176.042909401975	10.046496582976108	2.12973717496489329031	4.70237658732629	1.34962721170607	2.213496743819585
2187.2010894802565	10.038976904327212	2.12892180630011781038	4.69992896356462	1.34849438022527	2.202221304088495
2198.359269558538	10.031521929353987	2.128103305604257729	4.69752119557952	1.3473819397885	2.1911709984973813
2209.5174496368186	10.024134080228954	2.12728184026765232832	4.69515237667448	1.34628943463043	2.180339971326786
2220.675629715099	10.01680005542926	2.12645757191181382892	4.69282168020639	1.34521640086766	2.1697223459898325
2231.833809793381	10.00953276894721	2.12563065727502409237	4.69052826944049	1.34416240486128	2.1593127774162566
2242.9919898716626	10.002325958072616	2.12480124764554927853	4.6882713363078	1.34312701933507	2.1491058774264924
2254.1501699499427	9.995175028178483	2.12396948938258900566	4.68605015434375	1.34210981422489	2.1390964293582417
2265.308350028224	9.988090690677492	2.1231355243178330046	4.68386388413622	1.34111041143209	2.1292795839415506
2823.2173539422815	9.694172146259454	2.08074631336177514943	4.60697122857748	1.30744089018866	1.8078434471354734
3102.17185589931	9.580558468419195	2.06033098153172979692	4.58393781740395	1.2982261749327	1.7222445784418399
3381.1263578563385	9.482573161636543	2.04092940461676825567	4.56687475998307	1.29189987108544	1.6633843011160212
3660.0808598133676	9.397119338324098	2.02262916479104545057	4.55406897974228	1.28760772512239	1.6227966844101778
3939.0353617703963	9.321846320737524	2.00542833844515431085	4.54439701260502	1.28479615295831	1.595208816437867
4217.989863727427	9.255023629685015	1.98928258078965856371	4.53709214386311	1.28309110884974	1.5771720539909961
4496.944365684453	9.195330586249009	1.97412893429669286503	4.53161370816813	1.28223101199137	1.5663399531057256
4775.898867641483	9.141695880145956	1.95989805227437991921	4.52756971370508	1.28202762596796	1.5610624222705878
5054.853369598511	9.093249679751603	1.94652045671875509105	4.52466928228305	1.28234214296479	1.5601462916129334
5333.80787155554	9.049300744029074	1.93392964617266447714	4.52269216493701	1.28307005039835	1.5627081850197042
5612.762373512568	9.00928084942278	1.92206351509120554595	4.52146868332636	1.28413121370919	1.568080263907846
5891.716875469596	8.97271747824903	1.91086486725089608839	4.52086599293332	1.28546324603483	1.5757481433604883
6170.671377426625	8.939207825796291	1.90028144769563433149	4.52077887707914	1.28701683709875	1.5853088938527609
6449.625879383654	8.908398311901252	1.89026572832057536327	4.52112280301698	1.28875258964015	1.5964428469079999
6728.580381340682	8.879984722581339	1.8807745780955126795	4.52182921789192	1.29063865313298	1.6088930458773623
7007.534883297711	8.853750798748969	1.87176889097014924688	4.52284195459078	1.29264904019544	1.6224513307668016
7286.48938525474	8.82946678618534	1.8632132038642238539	4.5241146619514	1.29476233435722	1.6369461747860696
7565.443887211769	8.806951326955184	1.85507533688914781137	4.52560875385946	1.2969607639777	1.6522359041186643
7844.398389168796	8.78603905647706	1.84732605604731765064	4.52729182963095	1.29922948762986	1.6682033069489286
8123.3528911258245	8.766588134814722	1.83993876730972477472	4.52913651721044	1.30155603195084	1.68474855577659
8402.307393082849	8.748447698707746	1.83288923927926353458	4.53111968763193	1.30392980803276	1.7017859675782825
8681.26189503988	8.731516653837561	1.82615535920991871763	4.5332215098233	1.30634184090322	1.7192421730820553
8960.216396996908	8.71570941972709	1.81971691203094306376	4.53542501982814	1.30878444918725	1.7370551868003892
9239.170898953935	8.70092644188869	1.8135553840875553316	4.53771556382889	1.31125104894022	1.7551698952919748
9518.125400910963	8.687093936430365	1.80765379208054941011	4.5400804748271	1.31373596941171	1.7735391296410399
9797.079902867992	8.674148119695383	1.80199652909560107704	4.5425088103418	1.31623428903994	1.7921173399939818
10076.03440482502	8.66203001382212	1.79656922841810995899	4.54499090535367	1.31874178069055	1.8108781953488615
10354.98890678205	8.650666257033862	1.79135864291929905224	4.54751848474616	1.32125471584096	1.829795345474929
10633.943408739078	8.640008094865825	1.7863525388057793116	4.55008416156023	1.32376988614191	1.848838029106982
10912.897910696107	8.63004855342952	1.78153960172317335125	4.55268146848885	1.32628448565673	1.8679825590122308