316.53558422092107	12.393722970147744	0.860635571890616591176	28.0703501439232	12.948503727748	6759.5381388704245
320.3689217589404	12.392124925998418	0.88374792570917460459	26.895047930673	12.453790465132	5898.002097451889
323.8696523351511	12.391559511091067	0.906482003711452516738	25.8178754844669	11.993026589158	5172.864063482004
327.10733352272615	12.391944420811317	0.928903294501881701013	24.8257176301041	11.562118135556	4557.629430525684
330.12711965531446	12.393212894708906	0.951000916738388328948	23.9104511182374	11.158834728512	4033.37157764995
332.9722475161476	12.395273552026623	0.972836398815705246015	23.0620967026551	10.779896044065	3583.3470372971815
335.6669905498666	12.39808423360187	0.99440050873883185169	22.2746098363241	10.423562775751	3195.5561165957797
338.23070128020737	12.401595547937173	1.015694540646587415	21.5422270286392	10.088071772244	2859.9863337607903
340.67902301326694	12.405737094225302	1.03672659416481933806	20.8596154482977	9.771721132843	2568.342597469663
343.0249607958724	12.41049579360882	1.05750982228901011891	20.2219075717618	9.472901612471	2313.763528475894
345.27906604255077	12.415730834655824	1.07805576292312184184	19.62485032266445	9.190185442245	2090.6269320946312
347.44540295081873	12.421374693083651	1.09832999004333387147	19.06591010620887	8.922876857987	1894.7042216203117
349.53543241786065	12.427401849813453	1.1183767724539022001	18.5407232110416	8.669332794711	1721.7346754116722
351.5534758744182	12.433855570877778	1.13818208634412246079	18.04689870522042	8.4287871774	1568.6670568170273
353.50347415771	12.440587355028905	1.15773281564754444368	17.58223553608899	8.200517385086	1432.8948257707634
355.3924112018672	12.44756991099349	1.17705170316677210677	17.1439333804587	7.983456139464	1311.979207299793
357.22438174577456	12.454823904340037	1.19613743652899884778	16.73001579785623	7.776897296333	1204.0119137363733
359.00332037404075	12.462261385105183	1.21499075927198581026	16.33865127050094	7.580170103276	1107.3535212853928
360.7329984310669	12.469900116985835	1.23361416677407224774	15.9681473434747	7.392640368991	1020.594083251262
362.4170159816496	12.477649557339731	1.25201156231059740268	15.616943811099	7.213712295356	942.5195552060139
364.05879139673624	12.48552556470685	1.2701878940151103073	15.28360769388009	7.04282812788	872.0833990287995
365.6598379635343	12.493525824118054	1.28812949836315430562	14.96715995962034	6.879641662771	808.4477390191149
367.22344702111	12.501539802275362	1.30584477922241590288	14.66632421553233	6.723634898828	750.8079917188934
368.7535742377756	12.509680017053311	1.3233523594593731763	14.37977735923504	6.574246009143	698.4408875695285
370.2519663442171	12.517843057945159	1.34064800428839575147	14.10667869814061	6.431147203792	650.7861136143619
371.718754499099	12.525994692537516	1.35771027173623217574	13.84650921978072	6.294168868874	607.3931092887143
373.1594468013936	12.534166508866784	1.37458206135865579492	13.59784322475268	6.162650250211	567.7118387606506
374.5724295956569	12.542336112795745	1.39122485625409273762	13.36054057058722	6.036599405184	531.4466978155237
375.96241485194963	12.550497664482716	1.40767568322658812805	13.1334190434067	5.9154620870899	498.17572964781397
377.3286499193958	12.558628444927422	1.42390873156956981502	12.91623799262562	5.7991763945134	467.65226455501016
377.6681042598879	12.560667422040357	1.427950154698774434	12.8632036588478	5.7707135459611	460.38773551928966
378.0040368166906	12.562692945838274	1.43195245804497948777	12.81108082037351	5.7427144287202	453.31972575565925
378.3399401774374	12.564712771958922	1.43595706323799569266	12.75932012225481	5.7148851549538	446.37083101472615
378.6750266354592	12.566762993338097	1.43995422368340609185	12.70804298086847	5.6872911356177	439.55529381671903
379.00750525886656	12.568779777959353	1.44392248932446265313	12.65751467609051	5.660076854042	432.90569010447456
379.339983882274	12.570773284573852	1.44789272545640460684	12.60733479793706	5.6330268536746	426.3668268357521
379.670971110799	12.5728152168255	1.45184679748975877766	12.55772663451175	5.6062622303807	419.96575963258044
380.0001502387118	12.574839616647491	1.45578088884761564162	12.50872905446328	5.5798050861222	413.7049978407022
380.3293293666246	12.57678546521791	1.45971629848023930057	12.46007066873299	5.5535093391848	407.54778619786055
380.65650000735127	12.578856074793435	1.46362873976645231888	12.41204510431131	5.5275345122549	401.5292757864963
380.9825038616906	12.58080393180007	1.4675282597603676776	12.3645207737683	5.5018101229646	395.6306142633928
381.30850771602996	12.58286061085932	1.47142847391049847689	12.31732671394597	5.476244133287	389.8288753490187
381.6321294178626	12.584856043701857	1.47530066885174472525	12.27080325407087	5.4510218440037	384.1638910633714
381.95508118660723	12.586843717629021	1.4791653037241694371	12.22469684279873	5.4260063372256	378.60265526208536
382.2780329553518	12.588836084999068	1.48303003600891539955	12.17891189135361	5.4011463108695	373.1321529914096
382.918380452155	12.592795695768313	1.49069280323205261226	12.08907338695549	5.3523119884341	362.5476696938701
383.2384022805392	12.594774559874095	1.49452184597337914848	12.04464443258905	5.3281346497058	357.38603482739177
383.5556703587169	12.596740135592512	1.49831737728343317539	12.00090455754436	5.3043153838124	352.351303131174
383.8728833454903	12.598706428899893	1.5021116073446418963	11.95747581754961	5.2806486166807	347.39815136563715
384.19000691230804	12.600676072778322	1.50590375706581088977	11.91436374604348	5.2571379746379	342.526049111404
384.50453111088234	12.602623333643782	1.50966376516114116387	11.8719033115768	5.2339668176749	337.77117198115906
384.8190553094567	12.604573961733866	1.51342261702240141583	11.82973817627164	5.2109411546663	333.0919806464344
385.1334370365513	12.606527364514443	1.51717824378382217009	11.78788844251246	5.1880722698496	328.48960475418926
385.44539146084156	12.608467895220851	1.52090332999853484404	11.74665195621407	5.1655237165037	323.9952694773272
385.7573458851318	12.610399582509949	1.52462677237779642079	11.70570287612932	5.1431177024921	319.57196105483104
386.0691838169388	12.612342298497657	1.5283468160319470816	11.66505749489542	5.1208634399842	315.2204224317148
386.3786864516942	12.614263747277633	1.5320369812484708507	11.62499894549932	5.098916731834	310.9695573935691
386.6881890864495	12.61617084034427	1.5357250410921190803	11.58522002692997	5.0771096808533	306.78538853944264
386.9976681729498	12.618127221705194	1.53941035138799879207	11.54572501128322	5.0554447158085	302.66742434315074
387.30483598836025	12.620030672381382	1.54306565061704643041	11.50680021896274	5.0340796139358	298.6442130827374
387.6120038037708	12.621925582324948	1.54671840830797063897	11.46814754056884	5.0128512705044	294.68367071164965
387.91917161918127	12.623814087894852	1.55036826315145338866	11.42976803920168	4.9917605878694	290.78504427195026
388.2242452630582	12.625703299605624	1.55399028268075557613	11.39191880930742	4.9709491180282	286.9732516872466
388.52919423341746	12.627596553010076	1.55760786731173722724	11.35434998000278	4.950279992575	283.2219527810294
388.8341432037768	12.62949156267145	1.56122214055472040127	11.31704704766768	4.9297455652791	279.5288756291403
389.13730520414583	12.631361992652838	1.5648118274513993408	11.28022490839627	4.9094645062184	275.9142272039347
389.44015033034617	12.633230416200597	1.56839441225735725292	11.24369915850829	4.8893357623605	272.35882572675627
389.7429954565465	12.635115177070482	1.57197330110848335899	11.20743222946634	4.8693387675386	268.858206547316
390.0443929456806	12.63698640107161	1.57553123302701333437	11.1715948212067	4.8495680530447	265.4278984048992
390.3452482813152	12.638853258623133	1.57907903127674232504	11.13607315583413	4.8299613043821	262.0560130772757
390.6461036169499	12.640723594231131	1.58262277189549411053	11.10080326906486	4.8104835388792	258.7357021809044
390.9458723152366	12.642556001712343	1.58614944007195180994	11.06591119284087	4.7912044297836	255.47797191295538
391.24485099608586	12.644407127476013	1.58966270082242454121	11.03135593764237	4.7721020882063	252.2781013058864
391.5438296769351	12.646250625600697	1.59317156416186981098	10.99704587682462	4.7531257815178	249.12681651672713
391.8420943377094	12.648076952963267	1.59666737713770585367	10.96306227239446	4.734320955762	246.03085624361367
392.13930861438763	12.649912779085733	1.60014638153389024618	10.92943755811449	4.7157057589532	242.99231584747034
392.4365228910658	12.651735730720214	1.60362066954634558104	10.89605137672802	4.6972139235108	239.99957461094482
392.73339775302884	12.653553615679996	1.60708595677875936849	10.86294221934814	4.6788669455952	237.05543245597462
393.02895902657406	12.655344152077049	1.61053101437921120639	10.83021334354996	4.6607224476874	234.16828640651485
393.3245203001193	12.657165346802893	1.61397105640458334607	10.79771664188731	4.6426985957141	231.32434552693312
393.6200815736645	12.658950304577937	1.6174057475750460821	10.76545300550057	4.6247960191981	228.52310776494042
393.914128406087	12.660755620653022	1.6208175182189058889	10.73358373168955	4.6071045507363	225.7778614774909
394.20814726627793	12.662541152998045	1.6242236674924327672	10.70194348128329	4.5895327735705	223.0736522821514
394.50216612646886	12.664309473509029	1.62762418966749980755	10.67053016270769	4.5720795444108	220.40975558408095
394.79513175203806	12.666094554231826	1.63100678739697367268	10.63945408574193	4.5548065325135	217.79490459563272
395.0877180182291	12.667851753173595	1.63437941818425737668	10.60863872427741	4.5376713808681	215.22199156469586
395.38030428442016	12.669615125333005	1.63774616314701082113	10.57804423030155	4.5206521973385	212.68715920898532
395.67227344040197	12.67137118948449	1.64109969084371401998	10.54773439167316	4.5037848396075	210.19514775724764
395.96353620467175	12.67311571286261	1.64443919553150558197	10.51771351409668	4.487071516511	207.74567673874142
396.2547989689416	12.674854992985177	1.6477725719175132794	10.48790756148656	4.470471700209	205.33219744235825
396.54584778249335	12.676589015777571	1.65109707122000468601	10.45833904660379	4.4539977828724	202.95603207958834
396.83589545490844	12.678328371038567	1.6544038576840335376	10.42908343703076	4.437692056217	200.62268454689544
397.1259431273236	12.680037735567868	1.65770428850005536503	10.40003725960024	4.4214972210444	198.32337527536342
397.4159907997387	12.681757381623088	1.6609980508800210101	10.37120119015758	4.4054138371187	196.0577299724146
397.7050799453726	12.683465697398413	1.66427423395939573202	10.34266800553891	4.3894937649542	193.8325217734915
397.9940203011731	12.685171458556823	1.66754215428064054076	10.31435368022792	4.3736903245522	191.64068864841195
398.2829606569738	12.686868927640859	1.67080319775166909957	10.28624417824801	4.3579957310829	189.48071751591834
398.57136497110184	12.688651396158953	1.67405112576162428054	10.25839076084449	4.3424389275083	187.35611921511267
398.85930519962255	12.690245544646825	1.67728698019444518916	10.23078180450569	4.3270135502644	185.2655053851259
399.14724542814326	12.6919262557204	1.6805157625885766962	10.203372285421	4.311694712882	183.20507845869133
399.4350175213217	12.693602257844455	1.6837353060927637817	10.17617852074185	4.2964916952607	181.1756658443529
399.72206427646665	12.695265057637686	1.68693954790372245156	10.14924932772831	4.2814317134782	179.1804586964499
400.00911103161155	12.696920495671009	1.69013653383414219775	10.12251449256666	4.2664759268514	177.21385332872836
400.29615778675645	12.698574410056649	1.69332596940255476006	10.09597473733569	4.2516246777185	175.2755372932606
400.5825563105397	12.700221216141284	1.6965006111221836703	10.06968786940234	4.2369106591809	173.3693458238831
400.8688157626354	12.701858845790651	1.69966627035885198136	10.04360347496987	4.2223056757461	171.49121903276523
401.1550752147311	12.70349325849697	1.70282421141271351162	10.01770913302925	4.2078030297042	169.639924849127
401.44103298877303	12.705118638041704	1.70597089732913349737	9.99203194136855	4.1934178529187	167.81704003856538
401.726610877629	12.706737895840698	1.70910570322155470044	9.96657459659905	4.1791520079515	166.0223984808735
402.01218876648494	12.708351213315439	1.71223263279279312856	9.94130258253089	4.1649862568262	164.2532246991514
402.29773949149455	12.709961578094585	1.7153511095815804257	9.91621884591259	4.1509222605123	162.5094061103004
402.5827411805047	12.711557541895324	1.71845553771601046444	9.89136623577227	4.1369842180786	160.79358091464658
402.86774286951476	12.713151119888643	1.7215519400376456585	9.86669455215574	4.123143986842	159.10194510570994
403.15274455852494	12.7147380783732	1.7246400407420590042	9.84220413195801	4.109402058792	157.43423744850566
403.43744561076164	12.716317952537647	1.72771645551555372244	9.81791985706483	4.0957725865229	155.79184853097544
403.7219761418848	12.717892098805972	1.73078281484022856373	9.79382710379145	4.0822471790827	154.17346369165816
404.00650667300795	12.71945852554456	1.7338407358423917298	9.76991121387699	4.0688179635466	152.5778230311525
404.2909578330281	12.721020190687826	1.7368891169301385814	9.74617915555875	4.0554888669518	151.00510889920486
404.57512198219035	12.722571941734554	1.73992591648942819582	9.7226449199982	4.0422679006902	149.45596177570442
404.8592861313526	12.724117976706294	1.74295414768804751623	9.69928340585375	4.0291410169862	147.92844887692877
405.14345028051486	12.7256832018336	1.74597354841442993628	9.67609486180249	4.0161086630031	146.42234013782
405.42740916135074	12.727193154020702	1.74898188432903760113	9.65309493456381	4.0031794355177	144.9383658130651
405.7113114952143	12.72871793017273	1.75198091273052823786	9.63026839765159	3.9903449512745	143.47529078544744
405.995213829078	12.730251639036652	1.75497099152301919885	9.60761080446962	3.9776029734697	142.03259007721346
406.27906241574675	12.731751065080191	1.75795134019410269914	9.58512664196112	3.9649558717703	140.61029070939227
406.56280734835394	12.733260044434036	1.760921649154235443	9.56281647411693	3.9524042409105	139.20819619346935
406.84655228096125	12.734757274167665	1.76388289415594104694	9.5406713834712	3.9399431604003	137.82550853473919
407.1302972135685	12.736269246818798	1.76683482667683436531	9.51869177325155	3.9275728411362	136.46202214061483
407.41399489052645	12.737742943402662	1.76977695942944966189	9.49687966395268	3.9152945945332	135.11763510617587
407.6976867400504	12.739217009330549	1.77270985358530416291	9.47522948165057	3.9031052210841	133.7917783670028
407.9813785895744	12.740688708081127	1.7756333301226959221	9.45374094469475	3.8910048019641	132.48422546813904
408.26509253243125	12.742161974714264	1.77854743283984899093	9.43241232261176	3.8789923588571	131.19465520710094
408.54883557821955	12.743682146550988	1.7814524534222883981	9.41124006683062	3.8670659380693	129.9226481042544
408.8325786240078	12.745082314221467	1.7843479540879588652	9.39022576432168	3.8552267435116	128.66809395243365
409.1163216697961	12.746516175005903	1.78723370021132245239	9.36936990547996	3.8434748241474	127.43081848197491
409.40021503147176	12.747958671826096	1.79011126538766601755	9.34865958606087	3.8318032102992	126.20987089712474
409.68411357104463	12.749388586537702	1.79297926349390441556	9.32810356830779	3.8202167453303	125.00557095341055
409.9680121106175	12.750838478007418	1.79583741266870153548	9.30770242455892	3.8087158930742	123.81776627470636
410.2520397971151	12.752293467124847	1.79868685366151877438	9.28744674005693	3.7972953253102	122.64571951693992
410.5361982029657	12.753712993546886	1.80152781453670186746	9.26733338641753	3.7859536686965	121.48908506508313
410.8203566088163	12.755082554390212	1.80435883349917212217	9.2473717307552	3.7746958400747	120.34820550740851
411.10452363208077	12.756464955279018	1.80717977475355800521	9.22756121349946	3.7635218136579	119.22288356729347
411.38904640812194	12.757838760341814	1.80999415573945808242	9.20787592214348	3.7524170537236	118.11148287923193
411.673569184163	12.759226079896111	1.81279850302707513863	9.18833909035939	3.7413945717238	117.01515005204023
411.95809196020406	12.760608713471573	1.81559260042668004679	9.16895076955513	3.7304546389152	115.93372381908769
412.2428717899923	12.761983341602981	1.81837883237091362261	9.1496932880247	3.7195872283761	114.8660537461871
412.5278636274925	12.763404403811297	1.8211569572166825061	9.13056717964499	3.7087927303942	113.81202553729456
412.8128554649927	12.764764522060933	1.8239247456145943498	9.11158658642551	3.6980791929603	112.77225656186327
413.09788826742647	12.766078924938931	1.82668238662313170178	9.09274898147669	3.6874451960241	111.74644868623746
413.38345410027404	12.767454280976537	1.8294347285819280172	9.07402016294819	3.6768715377532	110.73260953892115
413.6690199331216	12.76879721797156	1.8321766472807066396	9.05543396928035	3.6663773398438	109.73242587244629
413.95458576596917	12.770076551301049	1.83490794008649758769	9.03699052832659	3.6559627279254	108.7457503275408
414.24055573526454	12.771414279200327	1.83763234967428974577	9.01866349379129	3.645612856593	107.77104269435938
414.52680079439347	12.772757112899628	1.84034882765105620862	9.0004589162935	3.6353312184711	106.80849521870972
414.81304585352245	12.774044473732863	1.84305459727940022528	8.98239425992213	3.6251277687206	105.85889239037402
415.0993852382672	12.775383529515832	1.84575035462977267851	8.96446376739847	3.614999217286	104.92179489339627
415.38641510507375	12.776641229598523	1.84844180991182658013	8.9466285539012	3.6049236126903	103.99504151783476
415.6734449718804	12.777969603418539	1.85112247309168926115	8.92893060070364	3.5949248326511	103.08070968160229
415.960474838687	12.7792268043988	1.85379215485885664242	8.91137005065539	3.5850029039108	102.17865710159408
416.24808214953725	12.780513369946705	1.85645612033924501583	8.89391119418406	3.5751378286871	101.28694284313148
416.5360028081097	12.781768358620104	1.8591120818500453724	8.87656826802511	3.5653375482992	100.4061751854311
416.8239234666822	12.783031627564316	1.86175698151368714982	8.85936025447835	3.5556127584385	99.53719658919532
417.112024042709	12.7843295023008	1.86439228941643374264	8.8422763223244	3.5459576241389	98.6793475976996
417.400941930685	12.785561208236013	1.86702394271111036157	8.82527730989146	3.5363498565904	97.83054598306148
417.689859818661	12.786786631401363	1.86964445082146447115	8.80841072947714	3.5268163668924	96.9930652240994
417.97877770663706	12.788017326741153	1.87225363862920540581	8.79167655637347	3.5173572341441	96.16678473963229
418.26848839097795	12.78925062580857	1.8748585798602658906	8.7750285191109	3.5079463865737	95.34931886475889
418.55851044883804	12.790472972765839	1.87745507459385674243	8.75849284249344	3.4985985007765	94.54185500982874
418.848532506698	12.791694865483858	1.88004016840425868916	8.74208727321737	3.4893237421589	93.74515448101657
419.1388723248835	12.792904751716941	1.88261652492432147031	8.725793846744	3.4801120873929	92.95823941957318
419.4301060434766	12.794107207902968	1.88518937137926492805	8.70957888502066	3.4709444021012	92.17939180229021
419.72133976206976	12.795301260108163	1.88775073284941651217	8.69349187187096	3.4618486599533	91.41089552769253
420.01257348066287	12.796497097863348	1.89030044809637360654	8.67753273047283	3.4528249004664	90.65263884324399
420.30488202028306	12.797724165599556	1.89284786747958336082	8.66164211623134	3.4438396957022	89.90172092216095
420.5974354863754	12.79890045720876	1.89538584467901684149	8.64586407054319	3.4349177977405	89.16013207639715
420.8899889524677	12.800072243116011	1.89791209372890542728	8.63021176201715	3.4260667922086	88.42839787888214
421.1830791268101	12.801209831002069	1.90043109732018099828	8.61465657375032	3.4172704762539	87.70508313597259
421.4770610664324	12.80237228273067	1.90294602426384831437	8.59917825931803	3.4085174915525	86.98917755364754
421.7710430060545	12.80355226099839	1.905449137159147344	8.58382370072119	3.3998343361589	86.28276444461467
422.06502494567667	12.8046869106718	1.90794028861695321986	8.56859283131392	3.3912209594146	85.58573587585492
422.360463856573	12.805812047774957	1.91043180150578235737	8.55340967514849	3.3826344420085	84.89454612879385
422.65598367593446	12.80697533232133	1.91291209336527568444	8.53834420726192	3.3741144017799	84.21231603900662
422.95150349529604	12.808055586613236	1.91538033948489882	8.52340049611909	3.36566314286	83.53912846874948
423.2478977702569	12.809269855891944	1.9178437154996521006	8.5085343335441	3.357255705707	82.87292521278712
423.5450655939812	12.810329816598781	1.92030148608974988526	8.49374964035912	3.3488942609412	82.21380012097957
423.84223341770553	12.811509861361824	1.9227471228963406705	8.47908483283589	3.3406006848889	81.56340689839926
424.13962386798187	12.81254190782217	1.92518231412269390681	8.46452898614049	3.3323686891239	80.92115563869632
424.4385505744054	12.813642348190713	1.92761784831915032355	8.45001707991728	3.3241615357589	80.28412895340144
424.7374772808288	12.814743602466853	1.9300411549630562774	8.43562339818088	3.3160213024445	79.65552355560729
425.0364039872523	12.815833557519984	1.93245210751320690142	8.42134776796849	3.3079479132584	79.0352444902196
425.33670819358133	12.816906855390743	1.9348617220589941005	8.40712439354775	3.2999041154127	78.42036642946276
425.6375054468443	12.8179320297821	1.93726296196971148055	8.39299423012853	3.2919131965728	77.8126067032628
425.9383027001072	12.819026739035046	1.93965175629145628407	8.37898057624992	3.2839881743551	77.212892213461
426.23981636333593	12.820091057920607	1.94203365813072875843	8.3650499238416	3.27611035435	76.6197198733755
426.54259664198236	12.821162259360236	1.9444130783356512709	8.35117620502324	3.2682647510674	76.03192120363568
426.84537692062884	12.822183309790807	1.946779955960784833	8.33741735529144	3.2604842832334	75.45189138203254
427.14816189609667	12.823221800524545	1.94913421607503326637	8.32377286996815	3.2527687659228	74.87953635734152
427.45303851788395	12.824280494271685	1.95150262723861814858	8.31008766046429	3.2450302239439	74.30831100061765
427.75791513967124	12.825316156418163	1.95386135878287732605	8.29649902469167	3.2373467186531	73.74393368429193
428.0627917614585	12.826311316388223	1.95618343821750710705	8.28316118690042	3.2298051585809	73.19268652844086
428.3782643013824	12.827264524942475	1.95852800260706898417	8.26973386161121	3.2222131829433	72.64045069454299
428.69918571420976	12.828350146415424	1.96086530286055149596	8.25638751884111	3.2146672800155	72.0942431125042
429.02010712703714	12.829333919273527	1.96315637789737498672	8.24334307482136	3.2072923351638	71.56297522283607
429.3495874284655	12.830270271024142	1.96546082604962389982	8.23026008524511	3.1998959746328	71.03270122502282
429.6883378086722	12.83127957265024	1.96778012704643763149	8.21713085109998	3.1924735542639	70.50312420176863
430.0270881888789	12.832284431636538	1.97004914748483624235	8.20432265533491	3.1852331475762	69.98898397877467
430.3750462724132	12.833257861425231	1.97232790191892150757	8.19149578739312	3.1779823629279	69.4765373436933
430.7337231455732	12.834232648875807	1.97462224187523973945	8.17861750072681	3.1707029286957	68.9644987884081
431.0924000187332	12.835183879193185	1.97686159069327171241	8.1660828320685	3.1636180726148	68.46848473688704
431.4646906734457	12.836137688154894	1.97912824937666858016	8.15343022717617	3.1564668951107	67.97016071795629
431.8457848511782	12.837085669617533	1.9813881962301971193	8.14084980108798	3.1493568917459	67.47702304920269
432.2268790289107	12.838007037516078	1.9835876326448027375	8.12863925258401	3.1424563075344	67.00061414162828
432.6312564251955	12.838953091081606	1.98585585871029058463	8.1160806730538	3.1353594423125	66.51291278315547
433.0377568814435	12.839869389861951	1.98806855392211171918	8.10386239876634	3.1284553245323	66.04064803886021
433.45558834518283	12.840780355838444	1.99027306941987027726	8.09172122123079	3.1215952941871	65.57353101978683
433.89112454830564	12.841692289018246	1.9924963368881842592	8.07950889176917	3.1146954463174	65.10584668950897
434.32764532790503	12.842577395537026	1.99464885832515332797	8.06771559023306	3.1080327707839	64.65627267549829
434.79668431588345	12.843482868008792	1.99687800096203027786	8.0555336961501	3.1011510704108	64.19401001835114
435.2657233038618	12.844355749610333	1.99902125666519250359	8.04385079301363	3.094551769204	63.75270742326426
435.7673800709528	12.845243500496823	2.0012194423908591421	8.03189836493193	3.0878006973405	63.303269244060345
436.27550564126267	12.846098054574323	2.0033478343036353276	8.02035390005025	3.0812806057584	62.87113350278228
436.82087075471776	12.846967228655323	2.00552345730853130579	8.00858187195613	3.0746325282458	62.43245973080392
437.37518955869217	12.847793388486014	2.00762066962826571252	7.99726113876337	3.0682398420626	62.01248498075846
437.98188788693824	12.848654877002941	2.00978563511444212758	7.98560211578321	3.0616566695404	61.58188529441525
438.6086640098219	12.849481323148854	2.01188075748127304286	7.97434522666555	3.0553012373329	61.16799042272534
439.286164770235	12.850303119519136	2.01398567822796731885	7.96306106744519	3.0489309887697	60.75491312670944
440.02512423928334	12.851112356973209	2.01609467831048937328	7.95177998397215	3.042563120244	60.34376744476994
440.8274455310337	12.851916057901555	2.01816671332107246732	7.94072034611906	3.0363208921845	59.94245525246981
441.72469117766036	12.85269768381534	2.02021915510923667366	7.9297876962255	3.0301510759698	59.54746457713121
738.6363029754889	12.822787335554715	2.02963065913955632036	7.83366427817261	2.9780807695506	56.19487037832451

760.9526631320516	12.69383587505544	2.02926005002062124304	7.65809366452559	2.8872641101625	50.488221848493694
772.1108432103331	12.620643179809909	2.02993632644826869247	7.55616635513199	2.8343304701901	47.35451511360307
783.2690232886139	12.546463773454013	2.03151726557965526684	7.45014161325986	2.7790453658726	44.22893527146618
794.4272033668951	12.472669024602943	2.03394946359670264378	7.34275273819557	2.722823115005	41.199352653049
805.5853834451763	12.400430919817678	2.0371186264466878694	7.23597788516513	2.6667076110848	38.32005141664408
816.7435635234575	12.3303204144593	2.04089446515624443055	7.13121336882866	2.6114522439661	35.62108967867372
827.9017436017384	12.262522783521266	2.04515010207378120444	7.02941263496532	2.5575859056127	33.11568665680072
839.0599236800199	12.197186191603743	2.04977023498134597216	6.93119660491733	2.5054657665691	30.80579376664336
850.2181037583008	12.134408300342946	2.0546539894980742074	6.83693900070239	2.4553195294746	28.686144824675303
861.3762838365822	12.074153566648526	2.0597152114417897008	6.74683291311513	2.4072779732061	26.74712311718024
872.534463914863	12.016330309507232	2.06488155998506146943	6.66094106929845	2.3614004594626	24.976743373895673
883.6926439931444	11.960859320348902	2.07009309595712441404	6.57923407300938	2.3176943767076	23.36198326841952
894.8508240714252	11.907638720551466	2.07530072301534650631	6.5016189253584	2.2761300287604	21.8896480515432
906.0090041497066	11.856548494149507	2.08046466336285154009	6.42796018552497	2.2366519188259	20.546912024029226
917.1671842279876	11.807475347316723	2.0855530534525300747	6.35809540214473	2.199187312584	19.32163742117967
928.3253643062689	11.760363699392414	2.09054069379657533632	6.29184676601212	2.1636523865036	18.202544638439424
939.4835443845499	11.714913271060178	2.0954079571199778954	6.22902905169045	2.1299570383484	17.179276754109335
950.6417244628313	11.671200318367038	2.10013985575049643539	6.1694553898691	2.0980083314289	16.24241990414256
961.7999045411125	11.629083211736399	2.10472524079839426598	6.11294150596715	2.0677128470616	15.383460420466697
972.9580846193935	11.588457381073425	2.109156130171627356	6.0593082835321	2.0389785343286	14.594737010374176
984.1162646976749	11.549236890316907	2.11342714202316156304	6.00838350533039	2.011715946045	13.869376159884022
995.2744447759558	11.511333755693515	2.11753502006012824732	5.96000311188318	1.9858389512172	13.201222872727998
1006.4326248542369	11.474680824716817	2.1214782372756269937	5.91401175801778	1.9612652581653	12.584772599739972
1017.5908049325179	11.439193319950743	2.12525666526842558818	5.87026289492991	1.9379167809395	12.015104794877235
1028.748985010799	11.404840424759731	2.1288712999044704109	5.82861889695715	1.9157196853163	11.487822503268372
1039.9071650890803	11.371493178732893	2.13232403194593841417	5.7889508067602	1.8946044290715	10.998993306822669
1051.0653451673616	11.339141173955003	2.13561745939876073845	5.75113809773507	1.8745056564015	10.545101525839934
1062.2235252456423	11.30773081865714	2.1387547296753035931	5.71506816380399	1.8553621334397	10.1229992914852
1073.3817053239238	11.27720691201375	2.14173941046047112468	5.68063595878956	1.8371165503727	9.729865966790898
1084.5398854022046	11.247522348143201	2.14457538305122941981	5.64774366583449	1.81971528279	9.363171386838108
1095.6980654804859	11.21864111262273	2.14726675457235845831	5.61630007978361	1.803108267978	9.02064341421262
1106.8562455587671	11.190518761606464	2.14981778577952607378	5.58622022643984	1.7872487785356	8.700238638279544
1118.0144256370481	11.16310771234128	2.15223283218853855676	5.55742504035119	1.7720931601527	8.400116987676027
1129.1726057153292	11.136405156598464	2.1545162964974473161	5.52984078040614	1.7576007172416	8.118619962625571
1140.33078579361	11.110341918648158	2.15667258879742074492	5.50339879712213	1.7437334460027	7.854248923014607
1151.4889658718914	11.084896434687002	2.15870609620523254468	5.47803506143366	1.7304559005094	7.605649390204679
1162.6471459501724	11.060038637522684	2.16062115738860287489	5.45368983049246	1.7177350070264	7.371594646727813
1173.8053260284535	11.035751360871489	2.16242204295984589965	5.43030741289713	1.7055398659119	7.150972380096234
1184.9635061067347	11.012018255160394	2.16411293992143209211	5.40783583987929	1.6938416073281	6.942772431928703
1196.1216861850157	10.988804842162805	2.16569793963051599991	5.38622652425343	1.6826132739306	6.746075748832284
1207.279866263297	10.966094087801634	2.16718102922002818899	5.3654340715879	1.6718296607772	6.560045576905261
1218.4380463415782	10.943857402113213	2.16856608489678560318	5.34541600277704	1.6614672027369	6.38391858744802
1229.5962264198595	10.922121140120913	2.16985686813015617343	5.32613263827919	1.6515038163812	6.21699824241064
1240.7544064981405	10.900739889345548	2.17105702077356656027	5.3075467549925	1.6419188486699	6.058645683558692
1251.9125865764215	10.879831001329832	2.17217006769678656265	5.28962343963045	1.6326929690767	5.908278586031037
1263.0707666547028	10.859329610653976	2.17319941231700762159	5.27233009053399	1.6238079906345	5.765361118332305
1274.2289467329838	10.839222670741258	2.17414833935400100995	5.25563593781541	1.6152469337869	5.6294018028144865
1285.3871268112648	10.81950549730486	2.17502001571164187719	5.23951220306215	1.60699380731609	5.499948867636874
1296.5453068895463	10.800150031938694	2.17581749201170212053	5.22393179853201	1.59903361360013	5.376586252309513
1307.7034869678273	10.781131404757064	2.17654370514339356002	5.20886928541729	1.59135224112927	5.258930548876625
1318.8616670461083	10.762467617609124	2.17720148130331879902	5.19430068375749	1.58393643942597	5.146628387863278
1330.0198471243898	10.744130336554283	2.17779353798708465259	5.18020340209558	1.57677374174453	5.039352914653729
1341.1780272026706	10.726099475920343	2.17832248761363228435	5.16655622245917	1.56985237974557	4.936801892691697
1352.3362072809518	10.70837820149397	2.17879084089332441779	5.1533390821334	1.56316129097846	4.838695725676318
1363.4943873592335	10.690952631661254	2.17920100970366815212	5.14053304572922	1.5566900436771	4.744775080399411
1374.652567437514	10.67379601123744	2.17955531045892635097	5.128120265859	1.55042878756704	4.654799218618237
1385.8107475157956	10.656938845607078	2.1798559682013441946	5.11608379382934	1.54436825776549	4.568545052220346
1396.9689275940768	10.64035685016234	2.18010511874528575114	5.10440779965252	1.53849962061833	4.485804653544107
1408.1271076723576	10.62403394784138	2.18030481263532181155	5.09307707915322	1.53281462685101	4.406384565659556
1419.285287750639	10.60796438827708	2.18045701841638497138	5.08207735846915	1.5273054214896	4.3301046570050765
1430.4434678289203	10.592137726864378	2.18056362565140449936	5.07139512173584	1.52196457232966	4.256796883372205
1441.6016479072011	10.57655162048469	2.18062644816602376744	5.06101750939768	1.51678506150889	4.18630446658824
1452.7598279854824	10.561193304059865	2.18064722686678435754	5.0509323814397	1.51176021826882	4.118480839220066