316.53558422092107	12.393722970147744	0.8606355718906165911764	28.0703501439232	12.948503727748	6759.5381388704245
320.3689217589404	12.392124925998418	0.883747925709174604594	26.895047930673	12.453790465132	5898.002097451889
323.8696523351511	12.391559511091067	0.9064820037114525167382	25.8178754844669	11.993026589158	5172.864063482004
327.10733352272615	12.391944420811317	0.9289032945018817010128	24.8257176301041	11.562118135556	4557.629430525684
330.12711965531446	12.393212894708906	0.9510009167383883289481	23.9104511182374	11.158834728512	4033.37157764995
332.9722475161476	12.395273552026623	0.9728363988157052460149	23.0620967026551	10.779896044065	3583.3470372971815
335.6669905498666	12.39808423360187	0.994400508738831851692	22.2746098363241	10.423562775751	3195.5561165957797
338.23070128020737	12.401595547937173	1.01569454064658741497	21.5422270286392	10.088071772244	2859.9863337607903
340.67902301326694	12.405737094225302	1.036726594164819338057	20.8596154482977	9.771721132843	2568.342597469663
343.0249607958724	12.41049579360882	1.057509822289010118908	20.2219075717618	9.472901612471	2313.763528475894
345.27906604255077	12.415730834655824	1.078055762923121841839	19.62485032266445	9.190185442245	2090.6269320946312
347.44540295081873	12.421374693083651	1.098329990043333871472	19.06591010620887	8.922876857987	1894.7042216203117
349.53543241786065	12.427401849813453	1.118376772453902200095	18.5407232110416	8.669332794711	1721.7346754116722
351.5534758744182	12.433855570877778	1.138182086344122460791	18.04689870522042	8.4287871774	1568.6670568170273
353.50347415771	12.440587355028905	1.157732815647544443682	17.58223553608899	8.200517385086	1432.8948257707634
355.3924112018672	12.44756991099349	1.177051703166772106766	17.1439333804587	7.983456139464	1311.979207299793
357.22438174577456	12.454823904340037	1.196137436528998847779	16.73001579785623	7.776897296333	1204.0119137363733
359.00332037404075	12.462261385105183	1.214990759271985810263	16.33865127050094	7.580170103276	1107.3535212853928
360.7329984310669	12.469900116985835	1.233614166774072247737	15.9681473434747	7.392640368991	1020.594083251262
362.4170159816496	12.477649557339731	1.252011562310597402677	15.616943811099	7.213712295356	942.5195552060139
364.05879139673624	12.48552556470685	1.270187894015110307296	15.28360769388009	7.04282812788	872.0833990287995
365.6598379635343	12.493525824118054	1.288129498363154305616	14.96715995962034	6.879641662771	808.4477390191149
367.22344702111	12.501539802275362	1.305844779222415902884	14.66632421553233	6.723634898828	750.8079917188934
368.7535742377756	12.509680017053311	1.32335235945937317629	14.37977735923504	6.574246009143	698.4408875695285
370.2519663442171	12.517843057945159	1.340648004288395751471	14.10667869814061	6.431147203792	650.7861136143619
371.718754499099	12.525994692537516	1.357710271736232175743	13.84650921978072	6.294168868874	607.3931092887143
373.1594468013936	12.534166508866784	1.374582061358655794923	13.59784322475268	6.162650250211	567.7118387606506
374.5724295956569	12.542336112795745	1.391224856254092737618	13.36054057058722	6.036599405184	531.4466978155237
375.96241485194963	12.550497664482716	1.407675683226588128046	13.1334190434067	5.9154620870899	498.17572964781397
377.3286499193958	12.558628444927422	1.423908731569569815021	12.91623799262562	5.7991763945134	467.65226455501016
377.6681042598879	12.560667422040357	1.42795015469877443395	12.8632036588478	5.7707135459611	460.38773551928966
378.0040368166906	12.562692945838274	1.431952458044979487773	12.81108082037351	5.7427144287202	453.31972575565925
378.3399401774374	12.564712771958922	1.435957063237995692663	12.75932012225481	5.7148851549538	446.37083101472615
378.6750266354592	12.566762993338097	1.439954223683406091847	12.70804298086847	5.6872911356177	439.55529381671903
379.00750525886656	12.568779777959353	1.443922489324462653126	12.65751467609051	5.660076854042	432.90569010447456
379.339983882274	12.570773284573852	1.447892725456404606838	12.60733479793706	5.6330268536746	426.3668268357521
379.670971110799	12.5728152168255	1.451846797489758777659	12.55772663451175	5.6062622303807	419.96575963258044
380.0001502387118	12.574839616647491	1.455780888847615641623	12.50872905446328	5.5798050861222	413.7049978407022
380.3293293666246	12.57678546521791	1.459716298480239300572	12.46007066873299	5.5535093391848	407.54778619786055
380.65650000735127	12.578856074793435	1.463628739766452318883	12.41204510431131	5.5275345122549	401.5292757864963
380.9825038616906	12.58080393180007	1.46752825976036767762	12.3645207737683	5.5018101229646	395.6306142633928
381.30850771602996	12.58286061085932	1.471428473910498476886	12.31732671394597	5.476244133287	389.8288753490187
381.6321294178626	12.584856043701857	1.475300668851744725246	12.27080325407087	5.4510218440037	384.1638910633714
381.95508118660723	12.586843717629021	1.479165303724169437096	12.22469684279873	5.4260063372256	378.60265526208536
382.2780329553518	12.588836084999068	1.483030036008915399548	12.17891189135361	5.4011463108695	373.1321529914096
382.918380452155	12.592795695768313	1.490692803232052612256	12.08907338695549	5.3523119884341	362.5476696938701
383.2384022805392	12.594774559874095	1.494521845973379148475	12.04464443258905	5.3281346497058	357.38603482739177
383.5556703587169	12.596740135592512	1.498317377283433175388	12.00090455754436	5.3043153838124	352.351303131174
383.8728833454903	12.598706428899893	1.50211160734464189627	11.95747581754961	5.2806486166807	347.39815136563715
384.19000691230804	12.600676072778322	1.505903757065810889769	11.91436374604348	5.2571379746379	342.526049111404
384.50453111088234	12.602623333643782	1.509663765161141163875	11.8719033115768	5.2339668176749	337.77117198115906
384.8190553094567	12.604573961733866	1.513422617022401415829	11.82973817627164	5.2109411546663	333.0919806464344
385.1334370365513	12.606527364514443	1.517178243783822170088	11.78788844251246	5.1880722698496	328.48960475418926
385.44539146084156	12.608467895220851	1.520903329998534844041	11.74665195621407	5.1655237165037	323.9952694773272
385.7573458851318	12.610399582509949	1.524626772377796420793	11.70570287612932	5.1431177024921	319.57196105483104
386.0691838169388	12.612342298497657	1.528346816031947081599	11.66505749489542	5.1208634399842	315.2204224317148
386.3786864516942	12.614263747277633	1.532036981248470850699	11.62499894549932	5.098916731834	310.9695573935691
386.6881890864495	12.61617084034427	1.535725041092119080297	11.58522002692997	5.0771096808533	306.78538853944264
386.9976681729498	12.618127221705194	1.539410351387998792069	11.54572501128322	5.0554447158085	302.66742434315074
387.30483598836025	12.620030672381382	1.543065650617046430406	11.50680021896274	5.0340796139358	298.6442130827374
387.6120038037708	12.621925582324948	1.546718408307970638972	11.46814754056884	5.0128512705044	294.68367071164965
387.91917161918127	12.623814087894852	1.550368263151453388661	11.42976803920168	4.9917605878694	290.78504427195026
388.2242452630582	12.625703299605624	1.553990282680755576126	11.39191880930742	4.9709491180282	286.9732516872466
388.52919423341746	12.627596553010076	1.557607867311737227237	11.35434998000278	4.950279992575	283.2219527810294
388.8341432037768	12.62949156267145	1.561222140554720401268	11.31704704766768	4.9297455652791	279.5288756291403
389.13730520414583	12.631361992652838	1.564811827451399340805	11.28022490839627	4.9094645062184	275.9142272039347
389.44015033034617	12.633230416200597	1.568394412257357252916	11.24369915850829	4.8893357623605	272.35882572675627
389.7429954565465	12.635115177070482	1.571973301108483358989	11.20743222946634	4.8693387675386	268.858206547316
390.0443929456806	12.63698640107161	1.575531233027013334373	11.1715948212067	4.8495680530447	265.4278984048992
390.3452482813152	12.638853258623133	1.579079031276742325039	11.13607315583413	4.8299613043821	262.0560130772757
390.6461036169499	12.640723594231131	1.582622771895494110527	11.10080326906486	4.8104835388792	258.7357021809044
390.9458723152366	12.642556001712343	1.586149440071951809945	11.06591119284087	4.7912044297836	255.47797191295538
391.24485099608586	12.644407127476013	1.589662700822424541206	11.03135593764237	4.7721020882063	252.2781013058864
391.5438296769351	12.646250625600697	1.593171564161869810984	10.99704587682462	4.7531257815178	249.12681651672713
391.8420943377094	12.648076952963267	1.596667377137705853672	10.96306227239446	4.734320955762	246.03085624361367
392.13930861438763	12.649912779085733	1.600146381533890246177	10.92943755811449	4.7157057589532	242.99231584747034
392.4365228910658	12.651735730720214	1.603620669546345581045	10.89605137672802	4.6972139235108	239.99957461094482
392.73339775302884	12.653553615679996	1.607085956778759368489	10.86294221934814	4.6788669455952	237.05543245597462
393.02895902657406	12.655344152077049	1.610531014379211206386	10.83021334354996	4.6607224476874	234.16828640651485
393.3245203001193	12.657165346802893	1.613971056404583346073	10.79771664188731	4.6426985957141	231.32434552693312
393.6200815736645	12.658950304577937	1.617405747575046082099	10.76545300550057	4.6247960191981	228.52310776494042
393.914128406087	12.660755620653022	1.62081751821890588894	10.73358373168955	4.6071045507363	225.7778614774909
394.20814726627793	12.662541152998045	1.624223667492432767195	10.70194348128329	4.5895327735705	223.0736522821514
394.50216612646886	12.664309473509029	1.627624189667499807553	10.67053016270769	4.5720795444108	220.40975558408095
394.79513175203806	12.666094554231826	1.631006787396973672685	10.63945408574193	4.5548065325135	217.79490459563272
395.0877180182291	12.667851753173595	1.634379418184257376677	10.60863872427741	4.5376713808681	215.22199156469586
395.38030428442016	12.669615125333005	1.637746163147010821129	10.57804423030155	4.5206521973385	212.68715920898532
395.67227344040197	12.67137118948449	1.641099690843714019977	10.54773439167316	4.5037848396075	210.19514775724764
395.96353620467175	12.67311571286261	1.644439195531505581975	10.51771351409668	4.487071516511	207.74567673874142
396.2547989689416	12.674854992985177	1.647772571917513279396	10.48790756148656	4.470471700209	205.33219744235825
396.54584778249335	12.676589015777571	1.651097071220004686013	10.45833904660379	4.4539977828724	202.95603207958834
396.83589545490844	12.678328371038567	1.65440385768403353756	10.42908343703076	4.437692056217	200.62268454689544
397.1259431273236	12.680037735567868	1.657704288500055365027	10.40003725960024	4.4214972210444	198.32337527536342
397.4159907997387	12.681757381623088	1.66099805088002101009	10.37120119015758	4.4054138371187	196.0577299724146
397.7050799453726	12.683465697398413	1.664274233959395732021	10.34266800553891	4.3894937649542	193.8325217734915
397.9940203011731	12.685171458556823	1.667542154280640540762	10.31435368022792	4.3736903245522	191.64068864841195
398.2829606569738	12.686868927640859	1.670803197751669099567	10.28624417824801	4.3579957310829	189.48071751591834
398.57136497110184	12.688651396158953	1.674051125761624280535	10.25839076084449	4.3424389275083	187.35611921511267
398.85930519962255	12.690245544646825	1.677286980194445189155	10.23078180450569	4.3270135502644	185.2655053851259
399.14724542814326	12.6919262557204	1.68051576258857669616	10.203372285421	4.311694712882	183.20507845869133
399.4350175213217	12.693602257844455	1.683735306092763781705	10.17617852074185	4.2964916952607	181.1756658443529
399.72206427646665	12.695265057637686	1.686939547903722451564	10.14924932772831	4.2814317134782	179.1804586964499
400.00911103161155	12.696920495671009	1.690136533834142197755	10.12251449256666	4.2664759268514	177.21385332872836
400.29615778675645	12.698574410056649	1.693325969402554760062	10.09597473733569	4.2516246777185	175.2755372932606
400.5825563105397	12.700221216141284	1.69650061112218367027	10.06968786940234	4.2369106591809	173.3693458238831
400.8688157626354	12.701858845790651	1.699666270358851981361	10.04360347496987	4.2223056757461	171.49121903276523
401.1550752147311	12.70349325849697	1.702824211412713511615	10.01770913302925	4.2078030297042	169.639924849127
401.44103298877303	12.705118638041704	1.705970897329133497366	9.99203194136855	4.1934178529187	167.81704003856538
401.726610877629	12.706737895840698	1.709105703221554700445	9.96657459659905	4.1791520079515	166.0223984808735
402.01218876648494	12.708351213315439	1.712232632792793128562	9.94130258253089	4.1649862568262	164.2532246991514
402.29773949149455	12.709961578094585	1.715351109581580425702	9.91621884591259	4.1509222605123	162.5094061103004
402.5827411805047	12.711557541895324	1.718455537716010464438	9.89136623577227	4.1369842180786	160.79358091464658
402.86774286951476	12.713151119888643	1.721551940037645658499	9.86669455215574	4.123143986842	159.10194510570994
403.15274455852494	12.7147380783732	1.72464004074205900424	9.84220413195801	4.109402058792	157.43423744850566
403.43744561076164	12.716317952537647	1.727716455515553722435	9.81791985706483	4.0957725865229	155.79184853097544
403.7219761418848	12.717892098805972	1.730782814840228563732	9.79382710379145	4.0822471790827	154.17346369165816
404.00650667300795	12.71945852554456	1.733840735842391729801	9.76991121387699	4.0688179635466	152.5778230311525
404.2909578330281	12.721020190687826	1.73688911693013858138	9.74617915555875	4.0554888669518	151.00510889920486
404.57512198219035	12.722571941734554	1.739925916489428195823	9.7226449199982	4.0422679006902	149.45596177570442
404.8592861313526	12.724117976706294	1.742954147688047516229	9.69928340585375	4.0291410169862	147.92844887692877
405.14345028051486	12.7256832018336	1.745973548414429936284	9.67609486180249	4.0161086630031	146.42234013782
405.42740916135074	12.727193154020702	1.748981884329037601126	9.65309493456381	4.0031794355177	144.9383658130651
405.7113114952143	12.72871793017273	1.751980912730528237858	9.63026839765159	3.9903449512745	143.47529078544744
405.995213829078	12.730251639036652	1.754970991523019198849	9.60761080446962	3.9776029734697	142.03259007721346
406.27906241574675	12.731751065080191	1.757951340194102699142	9.58512664196112	3.9649558717703	140.61029070939227
406.56280734835394	12.733260044434036	1.76092164915423544296	9.56281647411693	3.9524042409105	139.20819619346935
406.84655228096125	12.734757274167665	1.763882894155941046941	9.5406713834712	3.9399431604003	137.82550853473919
407.1302972135685	12.736269246818798	1.766834826676834365305	9.51869177325155	3.9275728411362	136.46202214061483
407.41399489052645	12.737742943402662	1.769776959429449661886	9.49687966395268	3.9152945945332	135.11763510617587
407.6976867400504	12.739217009330549	1.772709853585304162912	9.47522948165057	3.9031052210841	133.7917783670028
407.9813785895744	12.740688708081127	1.77563333012269592212	9.45374094469475	3.8910048019641	132.48422546813904
408.26509253243125	12.742161974714264	1.778547432839848990927	9.43241232261176	3.8789923588571	131.19465520710094
408.54883557821955	12.743682146550988	1.781452453422288398104	9.41124006683062	3.8670659380693	129.9226481042544
408.8325786240078	12.745082314221467	1.78434795408795886523	9.39022576432168	3.8552267435116	128.66809395243365
409.1163216697961	12.746516175005903	1.787233700211322452391	9.36936990547996	3.8434748241474	127.43081848197491
409.40021503147176	12.747958671826096	1.790111265387666017549	9.34865958606087	3.8318032102992	126.20987089712474
409.68411357104463	12.749388586537702	1.792979263493904415557	9.32810356830779	3.8202167453303	125.00557095341055
409.9680121106175	12.750838478007418	1.795837412668701535477	9.30770242455892	3.8087158930742	123.81776627470636
410.2520397971151	12.752293467124847	1.798686853661518774375	9.28744674005693	3.7972953253102	122.64571951693992
410.5361982029657	12.753712993546886	1.801527814536701867456	9.26733338641753	3.7859536686965	121.48908506508313
410.8203566088163	12.755082554390212	1.804358833499172122172	9.2473717307552	3.7746958400747	120.34820550740851
411.10452363208077	12.756464955279018	1.807179774753558005206	9.22756121349946	3.7635218136579	119.22288356729347
411.38904640812194	12.757838760341814	1.809994155739458082424	9.20787592214348	3.7524170537236	118.11148287923193
411.673569184163	12.759226079896111	1.812798503027075138631	9.18833909035939	3.7413945717238	117.01515005204023
411.95809196020406	12.760608713471573	1.815592600426680046787	9.16895076955513	3.7304546389152	115.93372381908769
412.2428717899923	12.761983341602981	1.818378832370913622614	9.1496932880247	3.7195872283761	114.8660537461871
412.5278636274925	12.763404403811297	1.82115695721668250609	9.13056717964499	3.7087927303942	113.81202553729456
412.8128554649927	12.764764522060933	1.82392474561459434981	9.11158658642551	3.6980791929603	112.77225656186327
413.09788826742647	12.766078924938931	1.826682386623131701782	9.09274898147669	3.6874451960241	111.74644868623746
413.38345410027404	12.767454280976537	1.82943472858192801721	9.07402016294819	3.6768715377532	110.73260953892115
413.6690199331216	12.76879721797156	1.832176647280706639597	9.05543396928035	3.6663773398438	109.73242587244629
413.95458576596917	12.770076551301049	1.834907940086497587693	9.03699052832659	3.6559627279254	108.7457503275408
414.24055573526454	12.771414279200327	1.837632349674289745765	9.01866349379129	3.645612856593	107.77104269435938
414.52680079439347	12.772757112899628	1.840348827651056208616	9.0004589162935	3.6353312184711	106.80849521870972
414.81304585352245	12.774044473732863	1.843054597279400225285	8.98239425992213	3.6251277687206	105.85889239037402
415.0993852382672	12.775383529515832	1.845750354629772678507	8.96446376739847	3.614999217286	104.92179489339627
415.38641510507375	12.776641229598523	1.848441809911826580129	8.9466285539012	3.6049236126903	103.99504151783476
415.6734449718804	12.777969603418539	1.851122473091689261145	8.92893060070364	3.5949248326511	103.08070968160229
415.960474838687	12.7792268043988	1.853792154858856642422	8.91137005065539	3.5850029039108	102.17865710159408
416.24808214953725	12.780513369946705	1.856456120339245015833	8.89391119418406	3.5751378286871	101.28694284313148
416.5360028081097	12.781768358620104	1.859112081850045372402	8.87656826802511	3.5653375482992	100.4061751854311
416.8239234666822	12.783031627564316	1.861756981513687149825	8.85936025447835	3.5556127584385	99.53719658919532
417.112024042709	12.7843295023008	1.864392289416433742639	8.8422763223244	3.5459576241389	98.6793475976996
417.400941930685	12.785561208236013	1.867023942711110361573	8.82527730989146	3.5363498565904	97.83054598306148
417.689859818661	12.786786631401363	1.869644450821464471155	8.80841072947714	3.5268163668924	96.9930652240994
417.97877770663706	12.788017326741153	1.872253638629205405813	8.79167655637347	3.5173572341441	96.16678473963229
418.26848839097795	12.78925062580857	1.874858579860265890596	8.7750285191109	3.5079463865737	95.34931886475889
418.55851044883804	12.790472972765839	1.877455074593856742433	8.75849284249344	3.4985985007765	94.54185500982874
418.848532506698	12.791694865483858	1.880040168404258689164	8.74208727321737	3.4893237421589	93.74515448101657
419.1388723248835	12.792904751716941	1.882616524924321470308	8.725793846744	3.4801120873929	92.95823941957318
419.4301060434766	12.794107207902968	1.885189371379264928046	8.70957888502066	3.4709444021012	92.17939180229021
419.72133976206976	12.795301260108163	1.887750732849416512173	8.69349187187096	3.4618486599533	91.41089552769253
420.01257348066287	12.796497097863348	1.890300448096373606541	8.67753273047283	3.4528249004664	90.65263884324399
420.30488202028306	12.797724165599556	1.892847867479583360825	8.66164211623134	3.4438396957022	89.90172092216095
420.5974354863754	12.79890045720876	1.895385844679016841494	8.64586407054319	3.4349177977405	89.16013207639715
420.8899889524677	12.800072243116011	1.897912093728905427283	8.63021176201715	3.4260667922086	88.42839787888214
421.1830791268101	12.801209831002069	1.900431097320180998282	8.61465657375032	3.4172704762539	87.70508313597259
421.4770610664324	12.80237228273067	1.902946024263848314367	8.59917825931803	3.4085174915525	86.98917755364754
421.7710430060545	12.80355226099839	1.9054491371591473435	8.58382370072119	3.3998343361589	86.28276444461467
422.06502494567667	12.8046869106718	1.907940288616953219862	8.56859283131392	3.3912209594146	85.58573587585492
422.360463856573	12.805812047774957	1.910431801505782357371	8.55340967514849	3.3826344420085	84.89454612879385
422.65598367593446	12.80697533232133	1.912912093365275684444	8.53834420726192	3.3741144017799	84.21231603900662
422.95150349529604	12.808055586613236	1.91538033948489882003	8.52340049611909	3.36566314286	83.53912846874948
423.2478977702569	12.809269855891944	1.917843715499652100596	8.5085343335441	3.357255705707	82.87292521278712
423.5450655939812	12.810329816598781	1.920301486089749885257	8.49374964035912	3.3488942609412	82.21380012097957
423.84223341770553	12.811509861361824	1.92274712289634067046	8.47908483283589	3.3406006848889	81.56340689839926
424.13962386798187	12.81254190782217	1.925182314122693906813	8.46452898614049	3.3323686891239	80.92115563869632
424.4385505744054	12.813642348190713	1.927617848319150323551	8.45001707991728	3.3241615357589	80.28412895340144
424.7374772808288	12.814743602466853	1.930041154963056277403	8.43562339818088	3.3160213024445	79.65552355560729
425.0364039872523	12.815833557519984	1.932452107513206901418	8.42134776796849	3.3079479132584	79.0352444902196
425.33670819358133	12.816906855390743	1.93486172205899410052	8.40712439354775	3.2999041154127	78.42036642946276
425.6375054468443	12.8179320297821	1.937262961969711480553	8.39299423012853	3.2919131965728	77.8126067032628
425.9383027001072	12.819026739035046	1.939651756291456284072	8.37898057624992	3.2839881743551	77.212892213461
426.23981636333593	12.820091057920607	1.942033658130728758426	8.3650499238416	3.27611035435	76.6197198733755
426.54259664198236	12.821162259360236	1.94441307833565127092	8.35117620502324	3.2682647510674	76.03192120363568
426.84537692062884	12.822183309790807	1.9467799559607848334	8.33741735529144	3.2604842832334	75.45189138203254
427.14816189609667	12.823221800524545	1.949134216075033266372	8.32377286996815	3.2527687659228	74.87953635734152
427.45303851788395	12.824280494271685	1.951502627238618148584	8.31008766046429	3.2450302239439	74.30831100061765
427.75791513967124	12.825316156418163	1.953861358782877326054	8.29649902469167	3.2373467186531	73.74393368429193
428.0627917614585	12.826311316388223	1.956183438217507107048	8.28316118690042	3.2298051585809	73.19268652844086
428.3782643013824	12.827264524942475	1.958528002607068984166	8.26973386161121	3.2222131829433	72.64045069454299
428.69918571420976	12.828350146415424	1.960865302860551495963	8.25638751884111	3.2146672800155	72.0942431125042
429.02010712703714	12.829333919273527	1.963156377897374986719	8.24334307482136	3.2072923351638	71.56297522283607
429.3495874284655	12.830270271024142	1.965460826049623899823	8.23026008524511	3.1998959746328	71.03270122502282
429.6883378086722	12.83127957265024	1.967780127046437631487	8.21713085109998	3.1924735542639	70.50312420176863
430.0270881888789	12.832284431636538	1.970049147484836242353	8.20432265533491	3.1852331475762	69.98898397877467
430.3750462724132	12.833257861425231	1.972327901918921507574	8.19149578739312	3.1779823629279	69.4765373436933
430.7337231455732	12.834232648875807	1.974622241875239739453	8.17861750072681	3.1707029286957	68.9644987884081
431.0924000187332	12.835183879193185	1.976861590693271712407	8.1660828320685	3.1636180726148	68.46848473688704
431.4646906734457	12.836137688154894	1.979128249376668580157	8.15343022717617	3.1564668951107	67.97016071795629
431.8457848511782	12.837085669617533	1.981388196230197119297	8.14084980108798	3.1493568917459	67.47702304920269
432.2268790289107	12.838007037516078	1.98358763264480273754	8.12863925258401	3.1424563075344	67.00061414162828
432.6312564251955	12.838953091081606	1.985855858710290584634	8.1160806730538	3.1353594423125	66.51291278315547
433.0377568814435	12.839869389861951	1.988068553922111719181	8.10386239876634	3.1284553245323	66.04064803886021
433.45558834518283	12.840780355838444	1.990273069419870277264	8.09172122123079	3.1215952941871	65.57353101978683
433.89112454830564	12.841692289018246	1.99249633688818425921	8.07950889176917	3.1146954463174	65.10584668950897
434.32764532790503	12.842577395537026	1.994648858325153327968	8.06771559023306	3.1080327707839	64.65627267549829
434.79668431588345	12.843482868008792	1.996878000962030277856	8.0555336961501	3.1011510704108	64.19401001835114
435.2657233038618	12.844355749610333	1.999021256665192503592	8.04385079301363	3.094551769204	63.75270742326426
435.7673800709528	12.845243500496823	2.001219442390859142105	8.03189836493193	3.0878006973405	63.303269244060345
436.27550564126267	12.846098054574323	2.003347834303635327599	8.02035390005025	3.0812806057584	62.87113350278228
436.82087075471776	12.846967228655323	2.005523457308531305787	8.00858187195613	3.0746325282458	62.43245973080392
437.37518955869217	12.847793388486014	2.007620669628265712524	7.99726113876337	3.0682398420626	62.01248498075846
437.98188788693824	12.848654877002941	2.009785635114442127579	7.98560211578321	3.0616566695404	61.58188529441525
438.6086640098219	12.849481323148854	2.011880757481273042855	7.97434522666555	3.0553012373329	61.16799042272534
439.286164770235	12.850303119519136	2.013985678227967318847	7.96306106744519	3.0489309887697	60.75491312670944
440.02512423928334	12.851112356973209	2.016094678310489373281	7.95177998397215	3.042563120244	60.34376744476994
440.8274455310337	12.851916057901555	2.018166713321072467322	7.94072034611906	3.0363208921845	59.94245525246981
441.72469117766036	12.85269768381534	2.020219155109236673662	7.9297876962255	3.0301510759698	59.54746457713121
738.6363029754889	12.822787335554715	2.029630659139556320355	7.83366427817261	2.9780807695506	56.19487037832451
749.7944830537707	12.763084748804278	2.029369601496382395838	7.75222132061027	2.9359724096218	53.497421573511446
760.9526631320516	12.69383587505544	2.029260050020621243037	7.65809366452559	2.8872641101625	50.488221848493694
772.1108432103331	12.620643179809909	2.029936326448268692472	7.55616635513199	2.8343304701901	47.35451511360307
783.2690232886139	12.546463773454013	2.031517265579655266836	7.45014161325986	2.7790453658726	44.22893527146618
794.4272033668951	12.472669024602943	2.033949463596702643775	7.34275273819557	2.722823115005	41.199352653049
805.5853834451763	12.400430919817678	2.03711862644668786943	7.23597788516513	2.6667076110848	38.32005141664408
816.7435635234575	12.3303204144593	2.040894465156244430555	7.13121336882866	2.6114522439661	35.62108967867372
827.9017436017384	12.262522783521266	2.045150102073781204435	7.02941263496532	2.5575859056127	33.11568665680072
839.0599236800199	12.197186191603743	2.049770234981345972155	6.93119660491733	2.5054657665691	30.80579376664336
850.2181037583008	12.134408300342946	2.054653989498074207401	6.83693900070239	2.4553195294746	28.686144824675303
861.3762838365822	12.074153566648526	2.05971521144178970078	6.74683291311513	2.4072779732061	26.74712311718024
872.534463914863	12.016330309507232	2.064881559985061469431	6.66094106929845	2.3614004594626	24.976743373895673
883.6926439931444	11.960859320348902	2.070093095957124414036	6.57923407300938	2.3176943767076	23.36198326841952
894.8508240714252	11.907638720551466	2.075300723015346506306	6.5016189253584	2.2761300287604	21.8896480515432
906.0090041497066	11.856548494149507	2.080464663362851540094	6.42796018552497	2.2366519188259	20.546912024029226
917.1671842279876	11.807475347316723	2.08555305345253007471	6.35809540214473	2.199187312584	19.32163742117967
928.3253643062689	11.760363699392414	2.090540693796575336316	6.29184676601212	2.1636523865036	18.202544638439424
939.4835443845499	11.714913271060178	2.095407957119977895395	6.22902905169045	2.1299570383484	17.179276754109335
950.6417244628313	11.671200318367038	2.100139855750496435386	6.1694553898691	2.0980083314289	16.24241990414256
961.7999045411125	11.629083211736399	2.104725240798394265983	6.11294150596715	2.0677128470616	15.383460420466697
972.9580846193935	11.588457381073425	2.109156130171627356005	6.0593082835321	2.0389785343286	14.594737010374176
984.1162646976749	11.549236890316907	2.113427142023161563042	6.00838350533039	2.011715946045	13.869376159884022
995.2744447759558	11.511333755693515	2.117535020060128247319	5.96000311188318	1.9858389512172	13.201222872727998
1006.4326248542369	11.474680824716817	2.12147823727562699372	5.91401175801778	1.9612652581653	12.584772599739972
1017.5908049325179	11.439193319950743	2.125256665268425588176	5.87026289492991	1.9379167809395	12.015104794877235
1028.748985010799	11.404840424759731	2.12887129990447041086	5.82861889695715	1.9157196853163	11.487822503268372
1039.9071650890803	11.371493178732893	2.132324031945938414173	5.7889508067602	1.8946044290715	10.998993306822669
1051.0653451673616	11.339141173955003	2.135617459398760738455	5.75113809773507	1.8745056564015	10.545101525839934
1062.2235252456423	11.30773081865714	2.13875472967530359309	5.71506816380399	1.8553621334397	10.1229992914852
1073.3817053239238	11.27720691201375	2.141739410460471124681	5.68063595878956	1.8371165503727	9.729865966790898
1084.5398854022046	11.247522348143201	2.144575383051229419808	5.64774366583449	1.81971528279	9.363171386838108
1095.6980654804859	11.21864111262273	2.147266754572358458308	5.61630007978361	1.803108267978	9.02064341421262
1106.8562455587671	11.190518761606464	2.149817785779526073781	5.58622022643984	1.7872487785356	8.700238638279544
1118.0144256370481	11.16310771234128	2.152232832188538556765	5.55742504035119	1.7720931601527	8.400116987676027
1129.1726057153292	11.136405156598464	2.15451629649744731608	5.52984078040614	1.7576007172416	8.118619962625571
1140.33078579361	11.110341918648158	2.156672588797420744917	5.50339879712213	1.7437334460027	7.854248923014607
1151.4889658718914	11.084896434687002	2.158706096205232544678	5.47803506143366	1.7304559005094	7.605649390204679
1162.6471459501724	11.060038637522684	2.160621157388602874893	5.45368983049246	1.7177350070264	7.371594646727813
1173.8053260284535	11.035751360871489	2.162422042959845899647	5.43030741289713	1.7055398659119	7.150972380096234
1184.9635061067347	11.012018255160394	2.164112939921432092112	5.40783583987929	1.6938416073281	6.942772431928703
1196.1216861850157	10.988804842162805	2.165697939630515999905	5.38622652425343	1.6826132739306	6.746075748832284
1207.279866263297	10.966094087801634	2.167181029220028188987	5.3654340715879	1.6718296607772	6.560045576905261
1218.4380463415782	10.943857402113213	2.168566084896785603182	5.34541600277704	1.6614672027369	6.38391858744802
1229.5962264198595	10.922121140120913	2.169856868130156173427	5.32613263827919	1.6515038163812	6.21699824241064
1240.7544064981405	10.900739889345548	2.171057020773566560269	5.3075467549925	1.6419188486699	6.058645683558692
1251.9125865764215	10.879831001329832	2.172170067696786562647	5.28962343963045	1.6326929690767	5.908278586031037
1263.0707666547028	10.859329610653976	2.173199412317007621588	5.27233009053399	1.6238079906345	5.765361118332305
1274.2289467329838	10.839222670741258	2.174148339354001009952	5.25563593781541	1.6152469337869	5.6294018028144865
1285.3871268112648	10.81950549730486	2.175020015711641877191	5.23951220306215	1.60699380731609	5.499948867636874
1296.5453068895463	10.800150031938694	2.175817492011702120527	5.22393179853201	1.59903361360013	5.376586252309513
1307.7034869678273	10.781131404757064	2.176543705143393560018	5.20886928541729	1.59135224112927	5.258930548876625
1318.8616670461083	10.762467617609124	2.177201481303318799022	5.19430068375749	1.58393643942597	5.146628387863278
1330.0198471243898	10.744130336554283	2.177793537987084652588	5.18020340209558	1.57677374174453	5.039352914653729
1341.1780272026706	10.726099475920343	2.178322487613632284349	5.16655622245917	1.56985237974557	4.936801892691697
1352.3362072809518	10.70837820149397	2.178790840893324417793	5.1533390821334	1.56316129097846	4.838695725676318
1363.4943873592335	10.690952631661254	2.179201009703668152122	5.14053304572922	1.5566900436771	4.744775080399411
1374.652567437514	10.67379601123744	2.179555310458926350966	5.128120265859	1.55042878756704	4.654799218618237
1385.8107475157956	10.656938845607078	2.17985596820134419458	5.11608379382934	1.54436825776549	4.568545052220346
1396.9689275940768	10.64035685016234	2.180105118745285751136	5.10440779965252	1.53849962061833	4.485804653544107
1408.1271076723576	10.62403394784138	2.180304812635321811548	5.09307707915322	1.53281462685101	4.406384565659556
1419.285287750639	10.60796438827708	2.180457018416384971382	5.08207735846915	1.5273054214896	4.3301046570050765
1430.4434678289203	10.592137726864378	2.180563625651404499356	5.07139512173584	1.52196457232966	4.256796883372205
1441.6016479072011	10.57655162048469	2.180626448166023767438	5.06101750939768	1.51678506150889	4.18630446658824
1452.7598279854824	10.561193304059865	2.180647226866784357544	5.0509323814397	1.51176021826882	4.118480839220066
1463.9180080637639	10.54606746706551	2.180627632985473204776	5.0411281697598	1.50688373918934	4.0531891059466165
1475.0761881420444	10.531161244181053	2.180569270531746000416	5.03159390191526	1.50214964171978	3.9903009724934533
1486.234368220326	10.516467686783642	2.180473679302941178259	5.02231916976483	1.49755224136118	3.929696318567724
1497.3925482986072	10.501983482618474	2.180342337513336145871	5.01329407235928	1.49308614378593	3.8712625515714794
1508.5507283768877	10.487702189218451	2.180176664274651261508	5.00450920908048	1.48874622047547	3.814894007950795
1519.7089084551692	10.473619167005824	2.179978022114175389024	4.9959555629273	1.48452761893576	3.760491475780833
1530.8670885334507	10.459728882728674	2.179747719311260540917	4.98762467277812	1.48042568412537	3.707961710363324
1542.0252686117312	10.446028304196421	2.179487012211253582913	4.97950833940421	1.47643603543735	3.6572170246884985
1553.1834486900125	10.432505229168163	2.179197107271167360403	4.97159888725424	1.47255445059493	3.6081748241173823
1564.341628768294	10.419162322670534	2.178879163437349209967	4.96388887108216	1.46877695652487	3.5607574120889036
1575.4998088465748	10.405994316002145	2.178534293884691327885	4.95637124135819	1.46509974640886	3.514891496373196
1586.657988924856	10.392999118881068	2.178163568071545167162	4.94903932271582	1.46151917154782	3.4705079721589844
1597.8161690031375	10.380166998204404	2.177768013451284391873	4.94188664049322	1.45803178897348	3.4275415429500384
1608.9743490814178	10.3674967094657	2.17734861743043169084	4.93490709983676	1.4546342786377	3.3859306078774223
1620.1325291596993	10.354983714027309	2.176906328914522442851	4.92809480096235	1.45132349893223	3.3456168923682448
1631.290709237981	10.342627958696793	2.176442060017701593276	4.92144416629963	1.4480964249952	3.3065453426352898
1642.4488893162616	10.33042144658675	2.175956687454058636434	4.91494977946565	1.44495019651703	3.2686637742314044
1653.6070693945428	10.318366100550328	2.175451054235457459372	4.90860654756818	1.44188204490763	3.2319228661813915
1664.7652494728236	10.306457060322776	2.174925970876910889902	4.90240953060402	1.43888934604241	3.1962758075095303
1675.923429551105	10.294682264412085	2.174382216739031703059	4.89635405560144	1.43596956699833	3.161678168520878
1687.0816096293863	10.283053165004159	2.173820541707423021607	4.89043553816758	1.43312032232645	3.128087981285864
1698.2397897076676	10.27155533413418	2.173241666802172892293	4.88464967711148	1.43033929306845	3.0954652049097247
1709.3979697859484	10.260182079623013	2.172646285780924052466	4.87899236229648	1.42762425205211	3.06377186603348
1720.5561498642296	10.248950763816024	2.172035066480187450303	4.87345955007719	1.42497310165897	3.0329720783629366
1731.7143299425106	10.23783622792441	2.171408651034532571048	4.8680474642391	1.42238379257635	3.003031368352234
1742.8725100207919	10.226856169691917	2.170767658009098819766	4.862752422924	1.41985437956717	2.973917293326317
1754.0306900990731	10.215990111942666	2.170112682332754955762	4.85757087463591	1.41738300065666	2.945598662405209
1765.188870177354	10.205249027043571	2.169444297146959566256	4.8524994356515	1.41496785870911	2.9180460225516045
1776.3470502556354	10.194624474231755	2.168763054039985899251	4.84753487094895	1.4126072224768	2.8912311610513797
1787.5052303339169	10.184116528402448	2.16806948427368881072	4.84267405156119	1.41029943408523	2.8651272411950854
1798.6634104121974	10.173719459622278	2.167364099416467968838	4.83791390385802	1.40804292470877	2.8397086368181896
1809.8215904904787	10.16343390267007	2.166647392292050622818	4.83325161730387	1.40583613205104	2.8149509309665963
1820.97977056876	10.153257037913828	2.165919837600497401097	4.82868430212899	1.40367762292026	2.7908307982255134
1832.137950647041	10.14318676712113	2.165181892693309258705	4.82420937639812	1.40156594116842	2.767325955870452
1843.2961307253224	10.133222340428416	2.164433998270354337763	4.81982416726998	1.39949975796195	2.7444151369755265
1854.4543108036034	10.12335851344563	2.163676578958095130315	4.81552620649121	1.39747775316878	2.7220779706122973
1865.6124908818842	10.113606522137541	2.162910044228210021674	4.81131309736039	1.39549866283299	2.700295087269742
1876.770670960166	10.103934660974007	2.162134788179038026483	4.80718251480733	1.39356127306217	2.6790476705384596
1887.9288510384472	10.094368428136058	2.16135119149815961226	4.80313223479348	1.39166441049073	2.658318084884666
1899.0870311167278	10.084918388353314	2.160559621020249956556	4.79916007139381	1.38980695685575	2.638089358042371
1910.245211195009	10.07552280412913	2.159760429440292138282	4.79526396591651	1.38798781418222	2.618344726775793
1921.4033912732903	10.066239329068853	2.158953958515282471168	4.7914419017565	1.38620593822924	2.5990689402519296
1932.5615713515715	10.057048116602116	2.158140536781932365512	4.78769192750976	1.38446032036327	2.5802468627093322
1943.7197514298525	10.04794492596733	2.157320481328573801141	4.78401219541542	1.38274997499324	2.561864071701374
1954.8779315081338	10.038926178856222	2.156494098029753738546	4.78040087591108	1.38107396576327	2.5439067362044208
1966.0361115864148	10.030003346001713	2.155661682179913505674	4.77685621469207	1.3794313855373	2.526361695613256
1977.194291664696	10.021148826783463	2.154823518122375759507	4.77337653005287	1.37782135095061	2.5092160207985144
1988.3524717429773	10.012387155988655	2.153979880955014787814	4.76996019170327	1.37624301216417	2.4924576825198708
1999.510651821258	10.003727154736945	2.153131035930799333902	4.7666055844353	1.37469556071797	2.4760750150073125
2010.6688318995396	9.995107812887033	2.152277238015811569881	4.76331121804267	1.37317818835586	2.4600562579063427
2021.8270119778206	9.986591312138152	2.151418735061017283192	4.76007559255785	1.3716901368385	2.444391057164296
2032.9851920561018	9.978149152554192	2.150555765001846245595	4.75689726632324	1.37023066787983	2.4290687538555917
2044.1433721343828	9.969783890401324	2.149688557958129647568	4.7537748862482	1.36879905191187	2.4140793340909075
2055.301552212664	9.96149102356468	2.148817335978784260296	4.75070705914625	1.36739461187662	2.3994131008437116
2066.4597322909453	9.953276665531305	2.147942313596207703023	4.74769249707924	1.36601667241091	2.385060794593982
2077.617912369227	9.9451331153297	2.147063697742093744137	4.7447299601817	1.36466457675278	2.37101343688519
2088.776092447508	9.93706106297064	2.146181688347289706281	4.74181822027337	1.36333769722879	2.357262367432117
2099.934272525789	9.929061707663866	2.145296478482853228478	4.738956054887	1.36203543694444	2.3437992983218243
2111.0924526040694	9.921132645195154	2.144408254545385689486	4.73614236686771	1.36075718844022	2.330616198371789
2122.250632682351	9.913273322498128	2.143517196577114957813	4.73337602427595	1.359502386897	2.3177053383330724
2133.4088127606324	9.905481624624091	2.142623478442608145626	4.73065592225382	1.35827048492648	2.30505924872898
2144.566992838913	9.89775605011742	2.141727268081222419769	4.72798103678196	1.35706093759092	2.29267073313433
2155.7251729171944	9.89009863758738	2.140828727763416152246	4.72535033159474	1.35587323037359	2.2805328697739
2166.8833529954754	9.882504540556424	2.139928014132603700382	4.72276285212268	1.3547068466469	2.268638915531447
2178.0415330737565	9.874974618172594	2.139025278594001262573	4.72021759341886	1.35356131239795	2.25698241862378
2189.199713152038	9.867508640733503	2.138120667397241352083	4.71771367622191	1.35243613511411	2.2455571373801155
2200.357893230319	9.860104446857571	2.137214321802717491413	4.71525015283607	1.35133086732254	2.23435701076534
2211.5160733085995	9.852764428682764	2.136306378356388586105	4.71282615198615	1.35024505907487	2.2233762356932347
2222.6742533868814	9.845482190397341	2.135396968846094450494	4.71044085449962	1.34917826466334	2.2126091265425103
2233.832433465162	9.838259132469014	2.134486220722769233484	4.70809337817564	1.34813007944321	2.2020502515806224
2244.9906135434435	9.831098363595121	2.133574257159698096491	4.70578295048251	1.34710008244819	2.191694361108845
2256.1487936217245	9.823993962121612	2.132661197028658933442	4.70350877527897	1.34608787891116	2.1815363071298193
2267.306973700006	9.816942046138731	2.131747155218002215064	4.70127009973919	1.34509307957805	2.171571117667041
2278.465153778287	9.809953148313785	2.130832242971127255224	4.69906619892469	1.3441153032211	2.1617941349754504
2289.623333856568	9.803026125861365	2.129916567598734651224	4.69689630024341	1.34315420123261	2.1522007225727084
2847.5323377706254	9.51406673263909	2.084741767520142303854	4.6201607371301	1.31049904540099	1.8353431898529597
3126.486839727654	9.401668866974807	2.063523838356886474061	4.59700397237061	1.30144736341573	1.7498516808415243
3405.4413416846824	9.304405909180838	2.043533337758643175521	4.57978873425514	1.29518651899328	1.6906224673246526
3684.3958436417115	9.219333914972186	2.024790138794192155765	4.56682695158643	1.29090186494433	1.64943260289643
3963.3503455987398	9.144186911045052	2.007249608035243679124	4.55700587077648	1.2880614832251	1.6211250078879356
4242.304847555769	9.077321396494426	1.990839322779479139249	4.54956296913567	1.28630384584105	1.6023091224843116
4521.259349512796	9.01744766374966	1.975477218774500608893	4.54395870141344	1.28537494760518	1.5906678058149322
4800.213851469825	8.96349413873826	1.961080563241124910558	4.53980090452944	1.28509127888077	1.5845655326656864
5079.168353426853	8.914682601738408	1.947570266356877079314	4.53679783928096	1.28531711987505	1.5828175229631438
5358.122855383882	8.870284923689521	1.93487276966498678791	4.53472823442161	1.28595000141693	1.584543142531701
5637.077357340911	8.829767981946205	1.922920691807520157714	4.53342129824024	1.28691120595684	1.58907616422612
5916.031859297938	8.792669985946814	1.911652824546717075765	4.53274324905818	1.2881393077615	1.5959024608508567
6194.986361254967	8.758590196928653	1.901013816855025334631	4.53258780755323	1.28958574601082	1.6046188613014423
6473.940863211997	8.727194741605643	1.890953720564822797729	4.53286964063788	1.29121163642099	1.6149053570824599
6752.895365169024	8.698184352403041	1.881427489671375078575	4.53351945417552	1.29298552325781	1.6265044894031047
7031.849867126054	8.671321201901801	1.872394485820409275653	4.53448040738936	1.29488173111043	1.6392071037675178
7310.804369083083	8.64640666577129	1.863818010596228174048	4.53570557296753	1.29687908948108	1.6528415658574105
7589.758871040111	8.623255656147625	1.855664876793091098018	4.53715581081591	1.29896003986222	1.6672655842473378
7868.71337299714	8.601703566075566	1.847905023425951472828	4.53879829685895	1.30110990160245	1.682361368463666
8147.667874954169	8.581597486422277	1.840511171865272897756	4.54060533073634	1.30331632203842	1.6980286390542187
8426.622376911197	8.562808990943305	1.83345852193918804587	4.54255336730873	1.30556885858688	1.7141816841827209
8705.576878868227	8.545244609358008	1.826724483732722877429	4.54462229738832	1.30785863988677	1.7307479607724225
8984.531380825252	8.528791110556275	1.820288438489248893678	4.54679489170805	1.31017807761254	1.7476642660392712
9263.48588278228	8.51337058231601	1.814131532430963598459	4.54905628726925	1.31252067264752	1.7648765625744187
9542.440384739308	8.498901711143214	1.80823649143687066321	4.5513936165209	1.31488083072295	1.782337545208616
9821.394886696338	8.485322619078731	1.802587460120815127401	4.55379573970108	1.31725371140664	1.800002858097279
10100.349388653367	8.472573054676916	1.79716985812798876421	4.5562528706833	1.31963514589235	1.817844392647891
10658.258392567424	8.449307198843442	1.786976254978727901675	4.56129923518894	1.32440958787667	1.853944647777239
10937.212894524453	8.438680371019728	1.782176404145492113446	4.56387442130133	1.32679668315094	1.8721490138615344
11216.167396481478	8.4286637027404	1.777560096568359465457	4.56647633354093	1.32918035961582	1.8904265572373582