12.796145865215665	0.5566026046117538	239.03896675712747	11.158180078281145	109.10664660251342	237.57544866508545	1.5265591692947131
12.756397131455852	0.5950198198197187	243.49697898379173	12.273998086109259	119.30912682229021	242.32710409154697	1.5538019483754248
12.72460869681717	0.6333758818429109	246.99894108327706	13.389816093937375	128.03124800095165	246.0250284343732	1.5751113814586852
12.710773085591146	0.6717600408464806	249.87631411382975	14.505634101765487	134.93012130493523	249.0332122386127	1.5925458744876992
12.70770171300165	0.710158193913883	252.34818046709614	15.621452109593601	141.64025313619845	251.59127143727324	1.6074621229369683
12.711735564815	0.7485137171404952	254.53693921734927	16.73727011742172	148.19761872443945	253.83773283050957	1.6206167083423995
12.724986079165607	0.7867566377903202	256.5140893799051	17.853088125249833	154.44847110442427	255.85858936861814	1.6324505284722926
12.742636212732965	0.8248165534514229	258.338745744553	18.968906133077947	160.51114259956765	257.7142891654509	1.643328716982804
12.77131006664823	0.8626285153845005	260.0433465849683	20.084724140906058	166.21913546317245	259.43955527665787	1.6534508898779394
12.799630027357528	0.9001352344998172	261.65297162744787	21.200542148734172	171.8551506421861	261.0629777990261	1.6629714232812423
12.829113427243445	0.9372873878128042	263.1868377154529	22.316360156562286	177.37936120573323	262.60543503584006	1.6720087190758213
12.86221432947597	0.9740433436770837	264.659604833973	23.4321781643904	182.7255538421622	264.0827299917755	1.6806532641671854
12.896945907181797	1.0103684488508962	266.07914561101865	24.547996172218518	187.94031705614663	265.50722859476394	1.6889525378492989
12.932403206609251	1.0462339990653762	267.45552735491117	25.663814180046632	193.04293652190836	266.8842531643183	1.6969687754479459
12.967727556337337	1.0816171282138531	268.79731198672874	26.779632187874743	198.0305267537508	268.2237432221396	1.704755654301805
13.006240890879452	1.1164993494704702	270.1055634098988	27.89545019570286	202.7974095381927	269.5306650381765	1.7123171506627635
13.043747637306161	1.15086646161637	271.38969004042895	29.011268203530975	207.45076694399032	270.809343278468	1.7197140978169003
13.094726856431794	1.1847075936113467	272.6491073211757	30.12708621135909	211.5932057824536	272.063057518081	1.7269396097410823
13.120167213427356	1.2180150451956773	273.8902853475352	31.242904219187203	216.24520519024279	273.2988858678986	1.7340361040122658
13.1563128246561	1.2507834565199367	275.1142762551537	32.35872222701532	220.40675956469596	274.51492645418944	1.7410083456063863
13.19313817096352	1.2830098953798792	276.3235225019676	33.47454023484344	224.3039954106384	275.7166553805638	1.7478712431959655
13.231898278432684	1.3146930887136687	277.5212132087846	34.590358242671556	227.8594624265826	276.90411912406597	1.754645927862888
13.26447176975937	1.3458334170267214	278.70741520610346	35.70617625049967	231.22292182722217	278.08080755500447	1.7613297326984885
13.300491731281012	1.3764326461025778	279.8849053763797	36.82199425832778	234.15174944581454	279.24796033135465	1.767941553020781
13.335228783326688	1.4064935795235352	281.0552923317665	37.937812266155895	236.76088720856544	280.4065424635871	1.774491745672049
13.369785375174372	1.4360200075353993	282.2190929120495	39.053630273984005	239.05919883491924	281.5580864345387	1.7809809308913935
13.403015316821662	1.4650165448597772	283.3779212733342	40.169448281812116	241.10593335377942	282.7043344840878	1.787419852767565
13.43496825868953	1.4934884259941223	284.5331008044939	41.28526628964023	242.93666799862137	283.8462517813472	1.7938175076724738
13.466980144662944	1.5214414275819108	285.6855024110222	42.401084297468344	244.56928811259223	284.9842283788498	1.8001784927708573
13.49812047232648	1.54888179463547	286.83591030384804	43.51690230529646	246.04854574980362	286.1198893705688	1.806504774436145
13.529060918758102	1.5758161189919282	287.98551950379345	44.63272031312458	247.39232893719583	287.2539864063869	1.8128062884356084
13.558592105583891	1.6022512705586658	289.1351171898304	45.7485383209527	248.644556758691	288.3874303072377	1.8190875187633755
13.587679478078275	1.6281943463860062	290.2855393549046	46.86435632878081	249.79466587460786	289.5210272221799	1.825352247209618
13.614637690058014	1.6536525965750484	291.43777503423155	47.980174336608926	250.88728147058922	290.6557489386386	1.8316045473386684
13.643788872502705	1.6786333878838908	292.5924290894611	49.095992344437036	251.88870269377674	291.791811333582	1.8378502163106918
13.668208660385643	1.7031441685969093	293.75020731075085	50.211810352265154	252.86671978502747	292.93070888525676	1.8440931512285443
13.694034572185519	1.7271924205602427	294.9120120341521	51.327628360093264	253.77606731801762	294.0728462641431	1.8503374026280013
13.72206572847932	1.7507856163555455	296.0790065051504	52.44344636792138	254.6190665768128	295.21866500066426	1.8565877873858283
13.746596773138837	1.773931212453843	297.25139148409994	53.559264375749486	255.44823073121586	296.369384190782	1.8628477437462518
13.77082371083896	1.7966366336288024	298.4298495425558	54.6750823835776	256.240960970855	297.52527155902646	1.8691209181448347
13.794074211404759	1.818909245597972	299.61547056605826	55.79090039140572	257.0063886402624	298.68751749893005	1.875412060626731
13.794074211404759	1.818909245597972	299.61547056605826	55.79090039140572	257.0063886402624	298.68751749893005	1.875412060626731
13.798856402557472	1.8244106196715248	299.91353271516334	56.06985489336274	257.19837050198936	298.9796266458741	1.8769893947770733
13.805401435287237	1.8298855016960194	300.21159486426836	56.348809395319776	257.3760771989635	299.2714834310902	1.8785667289274155
13.811418692683421	1.835334029479475	300.50981015110176	56.6277638972768	257.5573246598119	299.56353028368653	1.8801445147226519
13.81692506031236	1.8407562917860283	300.8095489919186	56.90671839923384	257.74202322774516	299.8570270857833	1.881726793893791
13.822830124401468	1.846152393049309	301.10928783273545	57.185672901190856	257.91831053479973	300.15045429522144	1.8833090730649296
13.827628272108504	1.8515224706386895	301.4090266735524	57.464627403147894	258.1013076684255	300.44401774254123	1.8848913522360684
13.833773344472082	1.8568666260158635	301.71043826365855	57.74358190510491	258.2734402169893	300.73881148652913	1.8864788206708278
13.839327306842952	1.8621849460393545	302.01197318207403	58.02253640706195	258.4495690760479	301.0338876827437	1.8880666716991494
13.84493274297098	1.8674775688616867	302.3135081004895	58.301490909018966	258.6245970338305	301.3289412006359	1.8896545227274706
13.849974049623398	1.8727446075054084	302.6165417795042	58.580445410976004	258.79803924114356	301.62522207039564	1.8912472216813618
13.855661182589804	1.8779861328583596	302.91999223142756	58.859399912933036	258.9660915829013	301.92199690295377	1.8928412687385068
13.859628483405448	1.883202286312659	303.223442683351	59.13835441489007	259.1466666577214	302.2190022722392	1.894435315795652
13.865968257226529	1.888393183099058	303.5282073473415	59.41730891684709	259.30871454737945	302.5165174174257	1.896033765673767
13.869923534766462	1.8935588918216228	303.83369295710276	59.69626341880411	259.48761579757894	302.8153785632979	1.8976346308357144
13.87629141240921	1.8986995439675003	304.139178566864	59.975217920761146	259.64358589332625	303.1138703856151	1.8992354959976616
13.881183401220106	1.9038151816592976	304.45272850737535	60.25417242271817	259.8100159688434	303.4131056428886	1.9008765206592608
13.886780382707254	1.9089054029289625	304.7736499202028	60.53312692467521	259.97064496467925	303.71364931971607	1.902554254460042
13.891852187112063	1.9139702661934666	305.09457133303016	60.812081426632226	260.13467135987736	304.0142365227482	1.9042319882608227
13.896626005703949	1.9190097934079828	305.42516019426535	61.091035928589264	260.30041557128055	304.3163343744658	1.9059580820880746
13.901814106745082	1.9240235246742883	305.7639105744721	61.36999043054628	260.45804008856857	304.631996762171	1.9077250027454116
13.906879453805207	1.9290115162869257	306.1026609546788	61.64894493250332	260.6158995723981	304.94763902758535	1.9094919234027488
13.912456531417828	1.933973694760347	306.45560798100473	61.927899434460336	260.7694089969177	305.26435450967955	1.9113300340298622
13.916074475245813	1.9389095872947335	306.81428485416484	62.206853936417374	260.9368869127199	305.5976612458381	1.9131968773322505
13.92147881594225	1.9438193093334275	307.17372689324577	62.4858084383744	261.09052097207285	305.9306206046626	1.9150675663292525
13.926254665833156	1.9487024989303783	307.55482107097833	62.76476294033144	261.2456212115894	306.2673564703295	1.9170470781458664
13.931274764216786	1.9535588608078416	307.9359152487109	63.043717442288454	261.39676826448914	306.61982896661885	1.9190265899624803
13.943207283413845	1.9583884213601948	308.32992235871313	63.32267194424548	261.4965719933537	306.9709787065875	1.921071138723358
13.940389711167338	1.9631905345051568	308.7364228149612	63.60162644620251	261.70401629461236	307.33498123476414	1.923178611152268
13.94510173085356	1.9679652309773759	309.1468647939237	63.88058094815954	261.85556643959313	307.709311206055	1.9253059741591632
13.949939464690129	1.9727119382851268	309.58240099704665	64.15953545011656	262.00529966757733	308.083514201778	1.9275599731539212
13.95445991242427	1.9774303831645221	310.01793720016957	64.4384899520736	262.1531244523764	308.4799742635816	1.9298139721486796
13.958952550232954	1.9821201759127691	310.48421112432425	64.71744445403063	262.3004773503918	308.8789839007278	1.9322233661744836
13.96336960349356	1.9867807145334915	310.9532501123028	64.99639895598766	262.4476791254605	309.29145859988824	1.9346467390238413
13.968176601916529	1.9914116216027271	311.45567793608893	65.27535345794469	262.5913063712498	309.7186200226431	1.9372391889101985
13.97139099152578	1.9960121154759933	311.96380350639896	65.5543079599017	262.74585192954015	310.15306239266744	1.9398604914976612
13.976687158673338	2.000581576136664	312.5156638575125	65.83326246185874	262.883402753973	310.61259056515973	1.9427035962020556
13.980772318320593	2.005119174070972	313.0808371527042	66.11221696381577	263.0264876411294	311.0764201897014	1.945614293261587
13.985274353826068	2.0096237206882117	313.69058783707624	66.3911714657728	263.1657076818116	311.5739429950045	1.9487513754080528
13.989581885864139	2.0140942920931857	314.3411226440652	66.67012596772985	263.30543000434966	312.0785251993542	1.9520958339417513
13.99548642207671	2.018529176728755	315.03266855605085	66.94908046968686	263.4325481024662	312.6201279795134	1.9556489014729017
14.0011801612802	2.0229264036062196	315.7948569115158	67.2280349716439	263.56007531303686	313.18126907853355	1.9595615616449042
14.002120372243384	2.0272835552228474	316.6537281701994	67.50698947360091	263.72064054118056	313.7774624784753	1.9639668449909033
14.005520977702766	2.0315969472086857	317.63640487875165	67.78594397555796	263.8593661188696	314.42068794804766	1.9690034249046924
14.009567675738033	2.0358608948691304	318.8194504712938	68.06489847751497	263.9919650008513	315.10123791375634	1.97506240492329
14.013668125335032	2.0400641025813564	320.53036907675727	68.34385297947202	264.12223660365163	315.83973918874034	1.983817125647186
14.01540060911049	2.0425137976133088	716.1645883376272	68.62280748142904	264.2031487074102	316.3550512385833	4.006272223856217
14.014885309341643	2.041813330100845	718.1685901970385	68.90176198338607	264.1805303758451	316.36314237826616	4.016514479973208
14.01366866544194	2.0410553853551554	719.4208315786094	69.1807164853431	264.1609830270719	316.43312447534186	4.022912531432202
14.012009476544016	2.040263698710152	720.4187831606133	69.45967098730013	264.1434848745271	316.54946789551406	4.028009721699944
14.010562295833196	2.0394472770122962	721.2714696543838	69.73862548925715	264.1236188790326	316.7042224142822	4.032363516633986
14.008811269118532	2.0386113928544036	722.0334109627833	70.01757999121418	264.1053023268176	316.8991971565091	4.036252765472109
14.007077150286074	2.037759603456164	722.730797217677	70.29653449317121	264.08633975001476	317.154833561096	4.03981145503623
14.004086822758083	2.0368945261506286	723.3548015130667	70.57548899512823	264.0760252513729	317.44398245797913	4.042994203642398
14.002191288546125	2.0360181890022924	723.9520369716006	70.85444349708526	264.0574340368111	317.76266201411823	4.046039750346137
14.007157101237313	2.0351321783229888	724.5099459755153	71.13339799904229	263.98895057878644	318.15893310087205	4.048883715072797
13.999162284296379	2.0342378448646503	725.0370436998296	71.41235250099933	264.0138714321219	318.6137223683987	4.051569650274303
13.996658975221823	2.033336276297212	725.5442337033885	71.69130700295635	263.9988818153028	319.16575812663257	4.054153479763264
13.994668564595036	2.0324284441710505	726.0230051041971	71.97026150491338	263.97999648409893	319.8086106994604	4.056591455524873
13.992501115699735	2.0315151351098515	726.487929274126	72.2492160068704	263.9622269476294	320.70568091475224	4.05895836268909
13.99011069057102	2.0305971229368853	726.9328289354787	72.52817050882744	263.94593126603536	322.44953064839984	4.061222423860601
13.987701300733425	2.0296749815627875	727.3619897077208	72.80712501078446	263.92965487777025	717.18177913521	4.063405650005946
13.985174387591757	2.0287493185824323	727.7828821609364	73.08607951274149	263.9141303353914	718.7038762538548	4.065546377272704
13.982027384717812	2.02782060764121	728.181388592304	73.36503401469851	263.9030035292116	719.8159268373001	4.067572041148518
13.978113918066333	2.0268893319348487	728.5798950236716	73.64398851665555	263.89734808465835	720.7229009015324	4.069597705024332
13.978904501845014	2.0259558996850364	728.9571105602387	73.92294301861257	263.85766276475835	721.5034708256093	4.0715138440726255
13.974627926333392	2.02502067423121	729.3290498961817	74.20189752056959	263.8545404635689	722.2192038368664	4.073402841238498
13.972592921924901	2.0240840291014424	729.6973978363728	74.48085202252663	263.8351988306089	722.882223664289	4.0752733472657985
13.968606975673264	2.0231462557538062	730.0460909638194	74.75980652448366	263.82993451112947	723.4871680471816	4.077042655906009
13.965374999565357	2.022207658309655	730.3947840912659	75.0387610264407	263.8192168779653	724.0571027347355	4.078811964546221
13.968366157947615	2.0212685239756643	730.7367385957441	75.31771552839771	263.7635318765819	724.5938494224024	4.080546545473004
13.961332111882259	2.0203290800101468	731.0649203627524	75.59667003035476	263.7803021528371	725.1050150546037	4.082210148147672
13.958766695102577	2.019389570976158	731.393102129761	75.87562453231178	263.76479734353114	725.599295236603	4.08387375082234
13.959225990083633	2.018450230920812	731.7153947495169	76.1545790342688	263.7274511910685	726.0588027600111	4.085506973718518
13.95267058386448	2.017511240211174	732.0253441961361	76.43353353622582	263.7408474616713	726.516120746021	4.087076523072553
13.950035139702578	2.0165727990304956	732.3352936427552	76.71248803818287	263.72594302274007	726.9483818824183	4.088646072426588
13.9507889404573	2.0156351041136293	732.6430020219848	76.99144254013989	263.6863617027403	727.3640672435886	4.09020404903614
13.944233571107507	2.0146983020583544	732.9366383398344	77.27039704209692	263.7001084907492	727.7786212679006	4.091689358321431
13.941211722401876	2.013762553617567	733.2302746576842	77.54935154405395	263.687974840839	728.1680230547523	4.093174667606722
13.937755444098665	2.012828025685956	733.5239109755338	77.82830604601098	263.6790158934149	728.557878721639	4.094659976892013
13.935039995692447	2.011894852645608	733.8062264991443	78.10726054796801	263.66463917549453	728.9279706524139	4.096086762813956
13.931818722330302	2.0109631550717606	734.0851810011015	78.38621504992503	263.65407646953076	729.2917975049285	4.097496173780813
13.93229810305426	2.0100330700080367	734.3641355030588	78.66516955188207	263.6161767723243	729.6521471049734	4.09890558474767
13.92559418648748	2.0091047325942935	734.643090005016	78.94412405383909	263.6315639505865	729.9959765868732	4.100314612508062
13.922742145454238	2.0081782613363997	734.9220445069731	79.22307855579612	263.6185008977604	730.3369521895879	4.101722308863036
13.918949653662809	2.0072537683227827	735.20099900893	79.50203305775315	263.61249419860184	730.6757550034164	4.103130005218011
13.917822741850042	2.006331355582141	735.4799535108871	79.7809875597102	263.5868144358568	730.9955163896952	4.104537701572986
13.912800389427938	2.0054111355033277	735.7589080128441	80.05994206166721	263.5901120424944	731.3180847923252	4.105944249206298
13.909524591608264	2.0044931896975737	736.0378625148011	80.33889656362425	263.5805551455154	731.6380918220476	4.107350235116127
13.905532667414114	2.0035776110732355	736.3168170167581	80.61785106558126	263.57641221578956	731.9420924997645	4.108756221025956
13.903271483771336	2.002664482724913	736.5957715187152	80.89680556753831	263.5595253983313	732.2449366085295	4.110162010082707
13.897535640312963	2.0017538831665593	736.8747260206721	81.17576006949533	263.56854235412015	732.5501530302558	4.111566289698956
13.895046978809194	2.00084588836266	737.1536805226292	81.45471457145234	263.55355526600744	732.8399922913229	4.112970569315205
13.892769484273618	1.9999405706430033	737.4326350245863	81.73366907340937	263.53710370310336	733.1269365346151	4.114374848931454
13.889964750033451	1.9990379947685295	737.7115895265433	82.0126235753664	263.5246774108484	733.4142256761228	4.115778184149463
13.886624055538826	1.9981382273274364	737.9905440285004	82.29157807732344	263.5163475696652	733.696329479729	4.117180761608601
13.881934187586614	1.9972413260245216	738.2694985304574	82.57053257928045	263.5181707271268	733.9704206385219	4.11858333906774
13.879830367517048	1.996347351718162	738.5484530324145	82.84948708123748	263.5008710494939	734.2429189165968	4.119985916526877
13.8761981654215	1.9954563567904435	738.8274075343714	83.12844158319453	263.4950629101519	734.5163591620445	4.121386813000561
13.872951739244629	1.9945683946641126	739.1063620363285	83.40739608515156	263.48650320378783	734.7895623202164	4.122787692424035
13.868454590489085	1.9936835144221814	739.3853165382855	83.68635058710858	263.4873851365371	735.0635411830082	4.124188571847508
13.86624083180871	1.9928017630823083	739.6642710402425	83.96530508906562	263.4713745517636	735.3361055418183	4.1255887385124925
13.861905081506054	1.9919231853506136	739.9432255421996	84.24425959102264	263.4713080968973	735.6099859649722	4.126987924006795
13.85926989416222	1.991047821190449	740.2221800441565	84.52321409297967	263.458684836222	735.8827640318792	4.128387109501099
13.85530045584906	1.9901757205841133	740.5011345461136	84.80216859493669	263.4561446233169	736.156420169519	4.129786294995403
13.85218151300446	1.989306911390762	740.7800890480706	85.08112309689372	263.44738490097046	736.4295465975844	4.131184048749985
13.84867583588828	1.9884414347668802	741.0590435500278	85.36007759885075	263.4416427811618	736.7029150810228	4.132581544406735
13.845114162326366	1.9875793246841151	741.3379980519849	85.63903210080777	263.4364509438441	736.976319461048	4.133979040063485
13.845405526199084	1.9867206150743222	741.6169525539419	85.9179866027648	263.4025736868683	737.2473059906115	4.135376081515505
13.837314161234401	1.985865336667067	741.8959070558989	86.19694110472183	263.43153072368574	737.5235563302373	4.136771891411512
13.83348131982767	1.9850135198753485	742.1748615578559	86.47589560667886	263.428773590481	737.7971348405212	4.138167701307519
13.833489131829706	1.9841651927029917	742.453816059813	86.75485010863589	263.3973862005489	738.0682930039903	4.139563511203525
13.827284149227651	1.9833203827136396	742.73277056177	87.03380461059292	263.41266885529876	738.3433689184841	4.140958165290977
13.82405701926671	1.9824791157191795	743.011725063727	87.31275911254995	263.4057807854541	738.6165673379018	4.1423522934883135
13.820181445663826	1.981641412268557	743.2906795656841	87.59171361450699	263.40389293595655	738.8901768096522	4.14374642168565
13.815667152378795	1.9808073022391124	743.5696340676411	87.870668116464	263.40694089307954	739.1641930078688	4.145140380749552
13.812790822754614	1.979976802006143	743.8485885695982	88.14962261842105	263.3978348826404	739.4371714025318	4.146532831295628
13.808697698740048	1.979149934278298	744.1275430715552	88.42857712037807	263.3980068361648	739.7109236576426	4.1479252818417045
13.806190116527123	1.9783267176186274	744.4064975735122	88.70753162233508	263.38640326849156	739.9836675683033	4.149317732387781
13.800434148704328	1.9775071714820216	744.6854520754692	88.98648612429211	263.39936884481244	740.2584834788933	4.150709329348599
13.797544716512478	1.976691312600053	744.9644065774263	89.26544062624914	263.39091899310836	740.5314725529828	4.15210010627623
13.805286881569481	1.975879157237864	745.2433610793834	89.54439512820618	263.30252943118273	740.7976535345848	4.153490883203862
13.791395419117013	1.9750707213105279	745.5223155813403	89.8233496301632	263.3772212350776	741.077687271143	4.154881660131493
13.79852454404058	1.9742660186670773	745.8012700832974	90.10230413212022	263.2936356391831	741.3442410264556	4.156270909523639
13.77922953047325	1.9726678695150337	746.3591790872115	90.6602131360343	263.3799285484068	741.8989043817545	4.159049124178595
13.775385579259588	1.9718744467764178	746.6381335891685	90.93916763799132	263.3795324358184	742.1725110856831	4.160437706048632
13.772680075157314	1.971084807350273	746.9170880911256	91.21812213994835	263.3706790384304	742.4453841602837	4.161825147779793
13.76969962925202	1.9702989618066158	747.1960425930827	91.49707664190538	263.36404244839537	742.7184344483945	4.163212589510954
13.765431188758564	1.969516920147279	747.4749970950396	91.77603114386241	263.36729376513136	742.9923190017129	4.1646000312421165
13.761766929599442	1.96873868868944	747.7539515969967	92.05498564581943	263.36612237433434	743.2658140311131	4.165986290370915
13.757629232262182	1.9679642790902083	748.0329060989538	92.33394014777646	263.368685965657	743.5396179049114	4.167372070495214
13.753714379833463	1.967193697255447	748.3118606009109	92.61289464973349	263.36971200867055	743.8132789747924	4.168757850619512
13.75000898125173	1.966426945803449	748.5908151028679	92.89184915169052	263.36929895834	744.0868053396456	4.170143458936701
13.74965008449136	1.9656640437036554	748.8697696048249	93.17080365364754	263.34362525057844	744.3581491982461	4.171527581429272
13.74300738086296	1.9649049843506277	749.148724106782	93.44975815560458	263.3658100755677	744.6335947916642	4.172911703921843
13.739023370222553	1.9641497774074543	749.427678608739	93.7287126575616	263.36795954907797	744.9073072342236	4.174295826414413
13.736732481669964	1.9633984263375825	749.7066331106961	94.00766715951863	263.35737949137314	745.179911902952	4.175679136542699
13.731738642936733	1.9626509355227064	749.9855876126531	94.28662166147566	263.3675125240966	745.4542894239663	4.17706160536443
13.727801685066288	1.9619073096010606	750.2645421146102	94.56557616343271	263.36975655998094	745.727976082114	4.178444074186161
13.724059460104504	1.9611675484397109	750.5434966165672	94.84453066538973	263.3706679802649	746.0015364114578	4.179826543007892
13.72021348825165	1.9604316560175605	750.8224511185242	95.12348516734676	263.3725210126252	746.2751666228176	4.1812075690947434
13.716491087235676	1.9596996392583148	751.1014056204813	95.40243966930377	263.37358220566006	746.5487169526062	4.182588388192344
13.712738195872353	1.9589714920803232	751.3803601224383	95.68139417126082	263.3750264322152	746.8222889069332	4.183969207289944
13.708385386152916	1.9582472191699967	751.6593146243954	95.96034867321784	263.3812080118578	747.0962595824604	4.185349609192804
13.704960922619355	1.9575268219123008	751.9382691263523	96.23930317517487	263.3804441166924	747.3696174267362	4.186728782498869
13.700525091507338	1.9568102958624638	752.2172236283094	96.51825767713188	263.38757099061013	747.6436477124672	4.188107955804934
13.696137714964882	1.956097647552488	752.4961781302665	96.79721217908893	263.39448525977986	747.9176486219195	4.189487129111001
13.692399690846559	1.9553888720422452	752.7751326322234	97.07616668104595	263.39657846311735	748.1912199295141	4.190865271104665
13.6885051283198	1.9546839689805926	753.0540871341803	97.35512118300298	263.40002376431727	748.4648971558343	4.192242802537747
13.685750488620814	1.9539829376660145	753.3330416361374	97.63407568496	263.39486778155646	748.7378150080782	4.19362033397083
13.682478110544618	1.953285776400391	753.6119961380944	97.91303018691704	263.39383028908486	749.0110787415025	4.194997865403912
13.684420024573415	1.9525924826166934	753.8909506400514	98.19198468887407	263.3528330147859	749.2808500749549	4.196373761406748
13.674528624490215	1.951903053651337	754.1699051420084	98.47093919083109	263.40300405309665	749.5585503613562	4.19774965487142
13.670532626307208	1.9512174875259456	754.4488596439654	98.74989369278813	263.40798528889457	749.8323034809061	4.199125548336092
13.666521582395747	1.9505357809635853	754.7278141459225	99.02884819474517	263.4132365581884	750.1060687923707	4.200500846264183
13.66311369157817	1.9498579302754753	755.0067686478794	99.30780269670218	263.4139887182281	750.3794299556068	4.201875105651106
13.665955865505925	1.9491839329753409	755.2857231498365	99.58675719865921	263.36662908382357	750.6485751650326	4.203249365038029
13.654315076977001	1.9485137831063117	755.5646776517934	99.86571170061625	263.43125562822223	750.9274945049207	4.2046236244249515
13.65154417670458	1.9478474778179102	755.8436321537505	100.14466620257328	263.4275345422539	751.2004296089843	4.205996700082561
13.647955187691254	1.9471850116278355	756.1225866557076	100.4236207045303	263.4302840234103	751.4739186162119	4.20736932926855
13.64384503995741	1.9465263812578408	756.4015411576645	100.70257520648732	263.4372192746856	751.7477624933939	4.20874195845454
13.64011458677606	1.9458715803547777	756.6804956596217	100.98152970844436	263.4413665113548	752.0213507771116	4.210114451873182
13.636361304109085	1.945220604738225	756.9594501615787	101.26048421040139	263.44584149622904	752.2949562105421	4.211485454721274
13.632355441865935	1.9445734433507555	757.2384046635357	101.5394387123584	263.45242838794513	752.5687353819898	4.212856457569365
13.628700930328373	1.943930104081398	757.5173591654927	101.81839321431544	263.45643922910875	752.8422770236582	4.214227460417456
13.623578175245118	1.9432905675236376	757.7963136674497	102.09734771627247	263.4720188074393	753.1168231727395	4.215597755024997
13.619809263171573	1.942654832848665	758.0752681694067	102.3763022182295	263.4772283211076	753.3904474878606	4.21696713538451
13.615958728706351	1.9420228925372194	758.3542226713638	102.65525672018653	263.48322454507144	753.6641294443763	4.218336515744024
13.613324084714685	1.9413947400108484	758.6331771733209	102.93421122214357	263.4798920309132	753.93697916989	4.219705896103538
13.608955974472522	1.9407703689548668	758.9121316752778	103.21316572410059	263.49022283400245	754.2110193205376	4.221074005450684
13.604043250385578	1.9401497720633667	759.1910861772349	103.49212022605762	263.50496576078564	754.485437000343	4.2224417671572905
13.600997838772418	1.9395329424699284	759.4700406791918	103.77107472801464	263.50527744260967	754.7585722865892	4.223809528863897
13.594580408684724	1.9389198719890535	759.7489951811489	104.05002922997168	263.5321117953599	755.0340339654816	4.2251770812546
13.594070626769737	1.9383105532785976	760.0279496831059	104.3289837319287	263.51287195487	755.3054217210481	4.226543228130384
13.59032764792615	1.937704979153901	760.3069041850629	104.60793823388573	263.51907782329016	755.5790414836642	4.227909375006169
13.586471455710408	1.9371031411972577	760.5858586870199	104.88689273584275	263.52632142631063	755.8527414103935	4.229275521881952
13.583710321432179	1.936505032215322	760.8648131889769	105.16584723779978	263.52511869198923	756.1256835712262	4.2306409120728805
13.578393900074346	1.935910641854942	761.1437676909339	105.4448017397568	263.5441313010934	756.4004008249572	4.232005447926405
13.574335239885949	1.9353199637300575	761.4227221928909	105.72375624171383	263.5534227863913	756.6742478401248	4.23336998377993
13.570905123065476	1.9347329885358633	761.701676694848	106.00271074367086	263.5579200124185	756.9476593692596	4.234734519633455
13.566896429344945	1.9341497076480574	761.980631196805	106.2816652456279	263.5671204979519	757.2214756665356	4.2360977609575485
13.562840169089728	1.9335701129756806	762.259585698762	106.56061974758492	263.5768488036036	757.4953274741811	4.237460689583919
13.557994607623815	1.9329941935159467	762.538540200719	106.83957424954195	263.59296034689913	757.7697337564183	4.238823618210291
13.555110142019046	1.9324219413949157	762.8174947026761	107.11852875149897	263.59374314618816	758.0427703201055	4.240186327369795
13.55218914467866	1.9318533482546771	763.096449204633	107.39748325345602	263.594951090766	758.3158325992648	4.241547652550723
13.54745787257334	1.931288403598641	763.3754037065901	107.67643775541303	263.61062323688276	758.5901666612539	4.242908977731652
13.543911942578195	1.9307270985705445	763.654358208547	107.95539225737006	263.61706778218553	758.863670690392	4.244270302912581
13.538958389920058	1.9301694231269981	763.9333127105041	108.2343467593271	263.6348188141023	759.1381675669877	4.245630885874832
13.536918436534199	1.9296153677249204	764.212267212461	108.51330126128413	263.6296118523887	759.4106136640279	4.246990611378697
13.532395318325035	1.929064922469612	764.4912217144181	108.79225576324114	263.644253462405	759.6848120870594	4.248350336882562
13.530540810151214	1.9285180767865737	764.7701762163751	109.07121026519818	263.6378356065574	759.9571263828834	4.249710062386428
13.525373287589229	1.9279748230883311	765.0491307183321	109.3501647671552	263.6579042108398	760.2317853648568	4.251068532270703
13.51905965053249	1.9274351487302521	765.3280852202892	109.62911926911224	263.68727132133904	760.507261582856	4.252426661852615
13.519838413907575	1.926899044493667	765.6070397222461	109.90807377106927	263.6602725918917	760.7777079540642	4.253784791434527
13.513600934134283	1.9263665000122472	765.8859942242032	110.1870282730263	263.68934990340864	761.0531370838238	4.255142753465424
13.509359510650285	1.925837505812961	766.1649487261602	110.46598277498333	263.70250926038136	761.3271513623409	4.2564992908672865
13.50440276707152	1.9253120482236206	766.4439032281172	110.74493727694036	263.72127146330007	761.601678499854	4.257855828269149
13.500595992358704	1.9247901203220779	766.7228577300743	111.02389177889738	263.731196178337	761.8753888036077	4.259212365671012
13.496517345582156	1.9242717099851252	767.0018122320314	111.30284628085441	263.7433945267392	762.1492954845385	4.260568236910026
13.493808230679576	1.9237568074289142	767.2807667339883	111.58180078281144	263.7450033425788	762.4222242444183	4.261923185860599
13.342053016317132	1.9059066372627038	778.4389468122695	122.73998086109259	264.26516058134894	773.372104035957	4.315788967487301
13.195062363275099	1.892902268452545	789.5971268905506	133.89816093937375	264.95478549267443	784.321807654887	4.368991443460662
13.054770408833662	1.8839860935495425	800.7553069688321	145.0563410176549	265.7727846073766	795.2695482787747	4.421554818487182
12.921970046265365	1.878453972433115	811.9134870471134	156.21452109593602	266.68842456187826	806.2141930342449	4.473501813985722
12.796584867736655	1.875683633993788	823.0716671253941	167.37270117421716	267.680965856859	817.1552384956548	4.524853953071491
12.677372677665206	1.875140644642762	834.229847203675	178.53088125249832	268.74322060558643	828.0932636442009	4.575630030135589
12.568684467334094	1.8763741866826615	845.3880272819563	189.68906133077948	269.815555578999	839.0235238728324	4.625849831484249
12.463253035711084	1.8790085402374332	856.5462073602376	200.84724140906062	270.9526778690215	849.952314687292	4.675531323305723
12.364875792152306	1.8827332383066633	867.7043874385192	212.00542148734172	272.1075688194287	860.8755189830647	4.724691232652248
12.273263285576528	1.8872933466517796	878.8625675168001	223.16360156562288	273.27015601752674	871.7927061074112	4.773345148787228
12.186769408324725	1.892480558309412	890.0207475950809	234.32178164390402	274.446442081126	882.7051352905489	4.821509335809683
12.106856211683825	1.8981253597096304	901.178927673362	245.47996172218518	275.61347645433705	893.61049435652	4.869198025173044
12.02937591429116	1.9040903133792022	912.3371077516432	256.63814180046626	276.8093284918827	904.513390626513	4.916424498167798
11.958093834329173	1.910264388512817	923.4952878299245	267.79632187874745	277.98347185365697	915.408624129168	4.963202401254371
11.889852900776361	1.9165582314706724	934.6534679082062	278.9545019570286	279.1682229866353	926.299846185041	5.009544609170895
11.82533163141014	1.9229002451358022	945.811647986487	290.1126820353098	280.34974503039757	937.1857929192137	5.055462289387928
11.764354490422226	1.9292333629681557	956.9698280647679	301.2708621135909	281.5249384939179	948.0663187290877	5.100967079551404
11.706295431299132	1.9355123832993357	968.1280081430489	312.429042191872	282.69852489860847	958.9419965355675	5.146070234193113
11.65093220340724	1.9417018028075037	979.2861882213301	323.58722227015323	283.8696437530818	969.8128685159929	5.190782180389099
11.598391497152774	1.9477740239316794	990.4443682996115	334.74540234843437	285.03249976320717	980.678428604957	5.235112987374857
11.54960432525209	1.953707895597909	1001.6025483778931	345.9035824267155	286.1697843409312	991.5367367176278	5.279071504170095
11.504125818626774	1.9594875192395635	1012.760728456174	357.06176250499664	287.2833405449988	1002.38807375755	5.322667576040669
11.454344709009806	1.96510126537409	1023.9189085344547	368.21994258327777	288.4928709024316	1013.2460394828001	5.365910411358992
11.40969648968662	1.970540973671267	1035.0770886127361	379.37812266155896	289.6470031239856	1024.0935549290245	5.408807708552614
11.366373677456624	1.9758012926795192	1046.2352686910174	390.5363027398401	290.8045517216176	1034.9373087665829	5.4513679528516885
11.326554155175238	1.9808791413448192	1057.393448769298	401.69448281812123	291.92492336671023	1045.772755733307	5.493598964241461
11.287480879307099	1.9857732667332886	1068.5516288475792	412.85266289640236	293.05435622195813	1056.6051282012056	5.535508491268865
11.249809475242232	1.9904838790730863	1079.7098089258602	424.01084297468344	294.18012049778173	1067.4329805214431	5.577102930142107
11.215497326814068	1.995012355451446	1090.8679890041412	435.16902305296463	295.26147804318884	1078.2517918338074	5.618390248106931
11.178058632572275	1.9993609938018164	1102.0261690824227	446.32720313124577	296.42582879435093	1089.0758723330616	5.659376950813646
11.144079167449092	2.00353280882393	1113.1843491607044	457.48538320952696	297.5410755803479	1099.89040911774	5.7000693007210375
11.111162715867424	2.0075313758011166	1124.3425292389854	468.64356328780804	298.65395034201623	1110.7006204741012	5.740473215282598
11.07927399881149	2.011360685980389	1135.500709317266	479.8017433660893	299.7644442635938	1121.5064718231624	5.780595210471978
11.050260964168018	2.015025039740448	1146.6588893955472	490.95992344437036	300.82795639956055	1132.3030938243683	5.820441089089292
11.018277418010513	2.018528958225275	1157.8170694738283	502.1181035226515	301.9794957332916	1143.1054015973846	5.860016495766335
10.98939521116697	2.02187710553019	1168.9752495521095	513.2762836009326	303.0765420812005	1153.8976512905929	5.899326352397325
10.961112707495086	2.0250742313372245	1180.1334296303912	524.4344636792138	304.17694549050077	1164.6862244467331	5.93837634847166
10.933890626314978	2.0281251208772706	1191.2916097086727	535.5926437574949	305.31462805978333	1175.469753960673	5.977171708006992
10.90697364607019	2.0310345573194586	1202.4497897869535	546.7508238357761	306.5371177067388	1186.2503004460063	6.015717502602434
10.880184897926584	2.033807291281013	1213.6079698652343	557.9090039140572	307.8596321528881	1197.0284061324294	6.054017860385722
10.855332391266376	2.0364480085869916	1224.7661499435148	569.0671839923383	309.24599427670637	1207.7985361337264	6.092077625359883
10.830746224392731	2.0389613224558736	1235.9243300217959	580.2253640706195	310.79220470717337	1218.565603076242	6.129902004148834
10.810027280498518	2.0413517483042427	1247.0825101000773	591.3835441489007	312.37417899070476	1229.3179300569645	6.167493777524035
10.782991345462287	2.0436236976702893	1258.2406901783588	602.5417242271818	314.6544046321834	1240.088527807665	6.204858994680956
10.75984485514525	2.045781466012965	1269.3988702566405	613.699904305463	317.4732205312972	1250.844224221848	6.241999942036249
10.739261226705768	2.0478292314598883	1280.5570503349218	624.858084383744	717.0555413178938	1261.5887729527708	6.278922023625198
10.717638188618741	2.049771045618392	1291.7152304132023	636.0162644620251	723.3348700300836	1272.3344649953303	6.3156284899987645
10.695717908285046	2.05161083336379	1302.8734104914831	647.1744445403064	726.7874562479204	1283.0789096338062	6.352122716981132
10.673033381861641	2.053352393111172	1314.031590569764	658.3326246185874	729.5232807213486	1293.8239895594904	6.388409032174794
10.652515990859397	2.0549993941880054	1325.189770648045	669.4908046968686	731.6884547981886	1304.558760507516	6.424490830717826
10.63217057647057	2.0565553786514057	1336.3479507263266	680.6489847751498	733.5990699477358	1315.2905244137498	6.460371147182914
10.611669502085542	2.0580237645410766	1347.5061308046083	691.8071648534309	735.3760244206287	1326.0206042887633	6.496053282556689
10.592555304429794	2.0594078441470693	1358.6643108828898	702.965344931712	737.0635023334711	1336.7428031907723	6.53154080791882
10.5739843913854	2.0607107916460614	1369.8224909611706	714.1235250099932	738.7129275746041	1347.4603294862573	6.566836831109795
10.555256117267511	2.0619356623482985	1380.9806710394516	725.2817050882744	740.368854121102	1358.1760772543232	6.601944394145947
10.536593131482935	2.06308539486281	1392.1388511177322	736.4398851665554	742.0175575832085	1368.889174002011	6.636866474952975
10.517968041819048	2.064162819520239	1403.297031196013	747.5980652448367	743.6611616997674	1379.5997771784944	6.671605989044959
10.501519466296429	2.065170656672573	1414.4552112742945	758.7562453231178	745.1576819318194	1390.2982336881628	6.7061657911508785
10.48401005932913	2.066111522209519	1425.6133913525757	769.914425401399	746.720790288926	1400.9989679808666	6.740548676790513
10.467077271008444	2.0669879313036628	1436.7715714308572	781.07260547968	748.2418669221718	1411.6945956521836	6.774757204881089
10.449704727964994	2.067802301789227	1447.929751509139	792.2307855579612	749.7898594773161	1422.38989791879	6.808793709442643
10.433705875115663	2.0685569571589393	1459.08793158742	803.3889656362423	751.2404473442153	1433.0761433999994	6.842661227826192
10.41748255268608	2.069254130229262	1470.2461116657007	814.5471457145234	752.7030756985363	1443.7609877489956	6.876362337162996
10.401692250636128	2.0698959677190683	1481.4042917439817	825.7053257928047	754.1321380084937	1454.441186173107	6.9098994898228545
10.385355658482577	2.070484531797449	1492.5624718222623	836.8635058710857	755.5967310689833	1465.1217537018415	6.943274137105447
10.369793085007728	2.0710218034423735	1503.7206519005433	848.0216859493669	757.0036364416438	1475.7958971781043	6.9764896970136965
10.355333232421447	2.0715096876478225	1514.878831978825	859.1798660276481	758.3277919472496	1486.4616556046196	7.009548227284175
10.3397279632617	2.0719500146471854	1526.0370120571065	870.3380461059293	759.7317965794858	1497.1311123669163	7.042451219171107
10.325651712163376	2.0723445427905256	1537.195192135388	881.4962261842104	761.0209281640786	1507.7896684846032	7.075202029063391
10.31576943502157	2.0726949629284395	1548.3533722136694	892.6544062624915	761.9945244539775	1518.4216819260487	7.107801357227257
10.29709689384964	2.073002899690589	1559.51155229195	903.8125863407726	763.6337283170914	1529.1008245958408	7.140252718521643
10.282179419666365	2.0732699139712203	1570.669732370231	914.9707664190539	764.9769678874336	1539.7567503801697	7.172556715625008
10.269441325477745	2.0734975097006387	1581.8279124485116	926.128946497335	766.152392665524	1550.3972593698313	7.204716712752479
10.255217257174069	2.0736871289643006	1592.9860925267924	937.2871265756161	767.4385029091064	1561.0441534774448	7.236733302926594
10.240892133831144	2.0738401584900847	1604.1442726050739	948.4453066538972	768.7116781508481	1571.6899687263196	7.2686093553898266
10.22893671454975	2.073957935575	1615.3024526833556	959.6034867321786	769.8156936754211	1582.3177711732994	7.300346558306268
10.215238599717825	2.0740417424791984	1626.4606327616366	970.7616668104596	771.0526495274268	1592.9541108473074	7.3319459975445005
10.201757064654348	2.074092815250517	1637.6188128399183	981.9198468887407	772.2704093035981	1603.586641927165	7.363410298878486
10.189627285744677	2.074112341311431	1648.7769929181998	993.0780269670219	773.3783984311015	1614.2077888569763	7.3947411058773325
10.176929529513727	2.074101463171983	1659.9351729964803	1004.236207045303	774.528714509276	1624.8301514885668	7.425939403396111
10.164301583934233	2.07406128308728	1671.0933530747614	1015.3943871235842	775.6711396384396	1635.449560399905	7.457007333557655
10.152287882891486	2.0739928577834865	1682.251533153042	1026.552567201865	776.7611624575624	1646.0622152459946	7.48794663452511
10.14030111636102	2.073897206929655	1693.409713231323	1037.7107472801463	777.8460159991849	1656.6721216497006	7.5187588447207325
10.128167120240237	2.073775311216951	1704.5678933096042	1048.8689273584273	778.940818167952	1667.2805635116683	7.549445478131214
10.115798571382395	2.0736281159150702	1715.7260733878854	1060.0271074367085	780.053075932362	1677.8882666805027	7.580008019504497
10.1076321218187	2.0734565301287566	1726.8842534661667	1071.1852875149898	780.8113458881439	1688.4622391045625	7.6104476573224344
10.093104311311706	2.0732614304336088	1738.0424335444477	1082.3434675932708	782.1004520109502	1699.0811065129694	7.640766199941798
10.081644166218839	2.0730436609354403	1749.2006136227287	1093.501647671552	783.1301039814983	1709.6745608530662	7.67096506644695
10.070829508814427	2.0728040339089375	1760.35879370101	1104.659827749833	784.1025112620719	1720.2604826643135	7.70104565383533
10.059350643122995	2.0725433335387016	1771.5169737792912	1115.8180078281143	785.1295469522101	1730.849064822669	7.731009337445505
10.048374993519591	2.0722623140178107	1782.6751538575722	1126.9761879063956	786.1113617190119	1741.4311747428565	7.760857471375293
10.037440613715656	2.071961706146146	1793.8333339358535	1138.1343679846766	787.0875851944937	1752.0104387986476	7.7905913888902365
10.02682051699386	2.071642207793911	1804.9915140141345	1149.2925480629576	788.0343855970012	1762.5846078154389	7.820212402822689
10.016113116000994	2.0713044973735104	1816.1496940924158	1160.450728141239	788.9868721633898	1773.1569783842303	7.849721628880902
10.006044849033907	2.070949227426363	1827.307874170697	1171.6089082195201	789.8808718917137	1783.7214067873242	7.879120313965412
9.995260225300086	2.0705770250208255	1838.466054248978	1182.7670882978011	790.8365789616731	1794.2894338409305	7.9084098491945785
9.98470522017243	2.0701884986177634	1849.624234327259	1193.9252683760824	791.7703430999579	1804.8530392312848	7.93759147100477
9.964124101434052	2.0693647942131355	1871.9405944838215	1216.2416285326447	793.5884513297407	1825.9682052566206	7.9956358274389165
9.954260373947317	2.0689307258878786	1883.0987745621026	1227.399808610926	794.4551026951322	1836.5182009453504	8.02450063255372
9.944912562401658	2.068482554420864	1894.2569546403838	1238.557988689207	795.2726573116347	1847.0608790840101	8.053261831285885
9.942238450095491	2.0680207889706637	1905.4151347186648	1249.716168767488	795.4720341714781	1857.5379785532857	8.08192096921163
9.925474483815165	2.0675459155538465	1916.573314796946	1260.8743488457694	796.9706188190643	1868.1454854493788	8.110479177546793
9.92901965413664	2.067055359623703	1927.7314948752273	1272.0325289240504	796.5801542717813	1878.5554505408613	8.138936918654117
9.90775382454121	2.066558735411703	1938.8896749535083	1283.1907090023315	798.5027625559381	1889.2033249618119	8.167295594274696
9.897037091339758	2.0660473243447113	1950.0478550317894	1294.3488890806127	799.4406223658098	1899.746740499847	8.195556583053442
9.878328642117646	2.064990993153101	1972.3642151883519	1316.665249237175	801.0565900115403	1920.7993603609316	8.251787811800147
9.87156757094631	2.064446883967918	1983.5223952666329	1327.8234293154562	801.6143983472739	1931.2951438457042	8.27976072495197
9.860027236876684	2.0638926617835196	1994.6805753449141	1338.9816093937372	802.6288819387966	1941.8379575759304	8.307638952132884
9.852866161826555	2.063328699194128	2005.8387554231952	1350.1397894720183	803.220828031941	1952.3324352743552	8.335424585709141
9.847649194196727	2.0627553545691786	2016.9969355014764	1361.2979695502997	803.6210667768388	1962.803013071425	8.36311749683401
9.838007356403235	2.062172975593158	2028.1551155797576	1372.4561496285808	804.4491602508325	1973.3183713968772	8.390719491578395
9.825847419897276	2.061581898547645	2039.3132956580387	1383.6143297068618	805.518978892255	1983.859302883025	8.418230743028648
9.823817486269816	2.060982447064956	2050.47147573632	1394.772509785143	805.5973729251662	1994.2854346724878	8.44565278424296
9.808480061275185	2.060374935235124	2061.629655814601	1405.930689863424	806.9865150302252	2004.8579576304626	8.472985798529727
9.80124776168885	2.059759666978115	2072.7878358928824	1417.0888699417053	807.5745498180158	2015.337000373429	8.500231475004693
9.792315970772504	2.0591369362050296	2083.946015971164	1428.2470500199865	808.3351285324588	2025.8329539782076	8.527389587937645
9.79021762414047	2.0585070249340958	2095.1041960494445	1439.4052300982676	808.4038745544121	2036.2463052920139	8.554462081052064
9.77586111684912	2.0578702095995505	2106.262376127726	1450.5634101765488	809.7006966374792	2046.8012158695497	8.58144885850565
9.767743930385718	2.057226756057758	2117.420556206007	1461.72159025483	810.3710578012751	2057.280317245091	8.608351244958955
9.759818522044815	2.056576921555195	2128.578736284288	1472.879770333111	811.0226106862706	2067.7546125409976	8.635170185781288
9.759396422408477	2.055920953623535	2139.7369163625694	1484.0379504113923	810.9070416116041	2078.1338859443686	8.661905598251106
9.745489375049278	2.0552590940980644	2150.8950964408505	1495.1961304896734	812.3281716540197	2088.6767334495034	8.688559150959742
9.738553649535604	2.0545915765231033	2162.0532765191315	1506.3543105679544	812.872175944211	2099.1308672734476	8.71513147259058
8.098834587535773	1.9581018671164174	2173.211456597413	1517.5124906462356	1010.9589529335223	2128.825753385796	8.741622557612649
8.095113229814945	1.9580065274780671	2184.369636675694	1528.6706707245164	1012.0324658224081	2139.4648983156267	8.768033921352538
8.091422060965874	1.957905762141571	2195.527816753975	1539.828850802798	1013.0927500795076	2150.101262616393	8.794366243253
9.70891622918138	2.051869328875127	2206.6859968322565	1550.9870308810791	815.2308615857447	2140.9453162491077	8.820619843871379
8.084135541078016	1.957691060056992	2217.8441769105375	1562.14521095936	1015.1732713153348	2171.3655766167826	8.84679542655473
9.690182979676536	2.05035466452317	2229.002356988818	1573.3033910376412	816.8191858789389	2161.8903309033453	8.872894007083332
8.077011332841918	1.957473942020592	2240.1605370670995	1584.4615711159224	1017.1963797077134	2192.618249082219	8.898916233987405
8.073472665226262	1.9573505316745985	2251.3187171453806	1595.6197511942034	1018.1914166646106	2203.2406409062564	8.924862748534792
9.671878492006323	2.048364261638665	2262.4768972236616	1606.7779312724847	818.1600992407274	2193.1569190307687	8.950733775130978
9.66682336952369	2.04765146301201	2273.6350773019435	1617.936111350766	818.4916082447828	2203.5586622178416	8.976530317855474
9.654877549749093	2.0469351301836283	2284.7932573802245	1629.094291429047	819.5639525459511	2214.055798272181	9.002253072884493
9.64728946987119	2.0462154228088667	2295.9514374585056	1640.2524715073282	820.1679370103127	2224.489001168844	9.027902652733498
8.056399146210387	1.95674411001952	2307.1096175367866	1651.4106515856095	1022.9536683656697	2256.308495307448	9.053479663157288
8.053079082669939	1.9566150565216975	2318.267797615068	1662.5688316638903	1023.8678113936369	2266.913556815733	9.078984703243027
8.049829817270787	1.956499174794812	2329.425977693349	1673.7270117421715	1024.7639217426054	2277.5152744943402	9.10441836550173
9.34174516199408	2.0060690694052985	2887.334981607405	2231.6360156562287	841.2411454893047	2772.362216262102	10.29636247914742
7.768726413700472	1.9076319644962032	3166.2894835644347	2510.5905176132574	1083.2481183235077	3067.151629911439	10.843345379406548
9.135966555941748	1.9694003681218593	3445.2439855214625	2789.545019570286	851.711778948587	3281.059258480083	11.364048318866137
9.057887991028766	1.9523364808033994	3724.1984874784916	3068.4995215273148	854.0501307636234	3532.308203777199	11.861930194141115
8.977971377745462	1.9362002201290633	4003.15298943552	3347.454023484343	857.0363531676821	3782.146398465352	12.339752403677775
8.912956299180571	1.9209768330613255	4282.107491392549	3626.4085254413717	858.2788985503064	4029.831731640049	12.799759893974958
8.856804219813627	1.9066268118591003	4561.061993349578	3905.3630273984004	858.598050372073	4275.534836618131	13.243808110286531
8.801310962284019	1.8930995398922033	4840.016495306605	4184.317529355429	859.2026435636024	4519.724571942463	13.67345135089502
7.357880086644793	1.8067286948709858	5118.970997263634	4463.272031312457	1138.1311890390728	4862.785919205367	14.090006843914269
7.2985417389201785	1.7875391067224855	5397.925499220663	4742.226533269486	1145.9652947112031	5115.563186855732	14.494601966768178
8.676464896745268	1.8569132358864848	5676.880001177691	5021.181035226515	856.8356907520975	5240.390951055431	14.888211516420679
8.634768981227895	1.8461438520056763	5955.83450313472	5300.1355371835425	856.727954830122	5477.7416591743	15.271684722253504
8.600481464831931	1.8359424275882046	6234.789005091748	5579.090039140572	855.7753006146505	5712.922997173184	15.645766501116649
8.575689512397364	1.8262672796208912	6513.743507048777	5858.044541097601	852.8433331659521	5945.517965018366	16.01111464381577
7.130428119348428	1.737989674591223	6792.698009005805	6136.9990430546295	1154.515287645	6355.2774012033915	16.368313808419796
7.088469787845488	1.7239211183564502	7071.652510962834	6415.953545011657	1159.1009862951087	6601.476169429663	16.717886136431666
8.494415797001787	1.8000338546939156	7350.607012919862	6694.908046968686	849.8630186799908	6635.266081558476	17.06030038961717
8.46847779650494	1.7921136146849808	7629.561514876891	6973.862548925715	848.9263855296342	6862.21326631439	17.395978722764173
6.922615717551994	1.6661944897204894	7908.516016833921	7252.817050882743	1184.884332749214	7342.45603205684	17.725304014020626
6.854970989791068	1.642502516952742	8187.4705187909485	7531.771552839771	1198.598596020027	7590.907802011566	18.04862357837724
6.784829689043379	1.6180611076056106	8466.425020747976	7810.726054796801	1213.835547918719	7839.849268436108	18.366254733417488
6.712808405246173	1.5931280038239803	8745.379522705005	8089.6805567538295	1230.4775453375576	8089.301604384423	18.678487436205064
8.375717875399033	1.757543206206488	9024.334024662037	8368.635058710857	841.3916463119175	7969.191768098942	18.985588037085382
8.367652472079302	1.7514920477151086	9303.288526619066	8647.589560667886	838.7845380624999	8183.8792548915	19.287801336272715
8.346692917528472	1.7456883874652	9582.243028576093	8926.544062624915	838.3412159877433	8400.29069677065	19.58535385569416
8.333593513373128	1.7401177258634182	9861.197530533122	9205.498564581943	836.8161317553393	8613.361533646468	19.87845440388595
8.321735885914185	1.734766685640689	10140.15203249015	9484.453066538972	835.2408996069213	8824.678820715097	20.167297290717087
8.300853241004159	1.7246749478968484	10698.06103640421	10042.36207045303	831.9552697100165	9242.221399093325	20.73291884658183
8.28910486009492	1.7199122116922447	10977.015538361236	10321.316572410058	830.832396724523	9449.310728763872	21.010022307186116
8.279287920490468	1.715324859599202	11255.970040318263	10600.271074367085	829.4464457532404	9654.394402145157	21.283519300892298