12.791537419932258	0.5526437519998779	245.1184017926448	11.158180078281145	108.219651688037	242.56472921922156	1.5639839091792753
12.739572808659515	0.5871555107318713	253.65404090664194	12.273998086109259	117.58384358558934	251.0698729635511	1.6161407799055856
12.701930573418469	0.6199291096590416	261.7296762334477	13.389816093937375	125.87739599152174	259.1091376933781	1.6652806857113722
12.675901774411528	0.651141087369613	269.40553073802005	14.505634101765487	131.6375044894731	266.7472856696637	1.711798936654424
12.64828969411854	0.6809410831290499	276.7225516314397	15.621452109593601	137.22149517758857	274.03336269546037	1.7559692305451557
12.629611940959535	0.7094616056601274	283.69725451900524	16.73727011742172	142.40418331150002	280.9862795616686	1.7979129098664504
12.612946780948972	0.7368266220437606	290.32087620704	17.853088125249833	147.34879075675417	287.6117387130925	1.8375982106977824
12.6104432415488	0.7631598015680086	296.55291525295667	18.968906133077947	151.73044246691322	293.8790336652394	1.8748032909053989
12.588328857505207	0.7885920845456114	302.320237964098	20.084724140906058	156.42966861154488	299.74526415235437	1.9091128966538244
12.577990700936947	0.813260460497382	307.5717846124321	21.200542148734172	160.69406911334823	305.13490794055116	1.9402473529548385
12.568078410922007	0.837296787790137	312.2945993911931	22.316360156562286	164.8408964925188	310.021470023543	1.968152759838837
12.563273459035967	0.8608150751794428	316.53558422092107	23.4321781643904	168.77361153418647	314.4176218121607	1.9931288315930522
12.557515858162617	0.8839035629474306	320.3689217589404	24.547996172218518	172.66785043451617	318.3845091149193	2.0156311354627374
12.553688800348294	0.9066247634347685	323.8696523351511	25.663814180046632	176.46250269075784	321.9960688727293	2.036114903375781
12.547380759660117	0.929020390822853	327.10733352272615	26.779632187874743	180.28528797373616	325.319225321174	2.0550001244662432
12.548469257293053	0.9511174669226982	330.12711965531446	27.89545019570286	183.8751500508219	328.40720467217056	2.072558507129207
12.547184965180742	0.9729333425887495	332.9722475161476	29.011268203530975	187.50053043812437	331.3081246482085	2.0890510364461456
12.546938448335814	0.9944792468157694	335.6669905498666	30.12708621135909	191.07136862960465	334.04846836523177	2.1046241144011444
12.547948911946206	1.0157627236608515	338.23070128020737	31.242904219187203	194.57989713103416	336.6512396010037	2.1193948825269664
12.549371372820028	1.0367890804498026	340.67902301326694	32.35872222701532	198.03722526407606	339.134008237363	2.1334584326662944
12.55131606911527	1.0575622940204548	343.0249607958724	33.47454023484344	201.44200505354397	341.50907903958955	2.146894136839191
12.551914279391443	1.0780856424878704	345.27906604255077	34.590358242671556	204.8502747840173	343.78962100680496	2.159766579003008
12.557294944123822	1.0983619011669137	347.44540295081873	35.70617625049967	208.08479730794826	345.9812390268048	2.1721006804043097
12.56096629816362	1.118393685725749	349.53543241786065	36.82199425832778	211.33576088538027	348.09337455857906	2.1839667828115465
12.563767551524167	1.1381833886943795	351.5534758744182	37.937812266155895	214.5809540638068	350.1307093153556	2.1953914348992734
12.57011469246664	1.1577334269025727	353.50347415771	39.053630273984005	217.6899448250063	352.10001885838335	2.2063988254027755
12.574700148381154	1.177046139221618	355.3924112018672	40.169448281812116	220.82098756588277	354.006819593111	2.2170317627581584
12.579698759459403	1.1961238379072918	357.22438174577456	41.28526628964023	223.9104166941569	355.854751153804	2.227315294276845
12.587200737538883	1.2149688378018273	359.00332037404075	42.401084297468344	226.89440261209427	357.64733587025927	2.237273441308691
12.59197933489561	1.233583454151706	360.7329984310669	43.51690230529646	229.93436660620247	359.3895442094668	2.2469291843970343
12.597478070602243	1.2519700017214832	362.4170159816496	44.63272031312458	232.92438942967814	361.08428229098786	2.256304421310891
12.603085918397213	1.2701308015669215	364.05879139673624	45.7485383209527	235.88399250362153	362.7351783268841	2.2654199127790204
12.609623871291886	1.2880681774234095	365.6598379635343	46.86435632878081	238.78817832392537	364.34537494690824	2.2742846676734936
12.617044047474653	1.3057844160807601	367.22344702111	47.980174336608926	241.6364942181529	365.9180074516018	2.2829186045663055
12.623252695858545	1.3232818481244795	368.7535742377756	49.095992344437036	244.49710252970954	367.4545440635561	2.2913457684501424
12.63013782902581	1.3405628209340708	370.2519663442171	50.211810352265154	247.30321375605712	368.95719364079514	2.299576585627821
12.636760116998405	1.3576296161966293	371.718754499099	51.327628360093264	250.08740526783018	370.4304756526698	2.3076114017292713
12.643558503866878	1.3744845624433248	373.1594468013936	52.44344636792138	252.83465638822088	371.87331878820163	2.3154839661929936
12.651044093147913	1.3911299955828071	374.5724295956569	53.559264375749486	255.5288499442217	373.28986019621055	2.323183752148083
12.657072004401988	1.407568189085878	375.96241485194963	54.6750823835776	258.24223365947955	374.6813075566409	2.3307396535478277
12.663789871098512	1.423801493607783	377.3286499193958	55.79090039140572	260.90330461205076	376.0491117889604	2.3381464336129936
12.663789871098512	1.423801493607783	377.3286499193958	55.79090039140572	260.90330461205076	376.0491117889604	2.3381464336129936
12.666086541182946	1.4278280655877815	377.6681042598879	56.06985489336274	261.5429327359715	376.38716532100534	2.3399848843099162
12.669159693548258	1.4318420089505326	378.0040368166906	56.348809395319776	262.1544089309989	376.72505669265627	2.3418011055149295
12.670792850155431	1.4358433775862545	378.3399401774374	56.6277638972768	262.812932379077	377.0598560536148	2.343617142434493
12.67139040448129	1.4398321675706935	378.6750266354592	56.90671839923384	263.504875296695	377.3946169594053	2.34542800656848
12.680149929983111	1.4438084544749776	379.00750525886656	57.185672901190856	263.91768549982777	377.7271194490493	2.3472223573908244
12.674052010721132	1.4477722619212237	379.339983882274	57.464627403147894	264.83354845158146	378.05972758389805	2.3490167082131688
12.676344706449616	1.4517235993167596	379.670971110799	57.74358190510491	265.4622367709327	378.3906365220843	2.350801582243375
12.667888932533668	1.4556625453043361	380.0001502387118	58.02253640706195	266.45569694018883	378.72243021288904	2.3525749670336285
12.68254046597696	1.4595891121659414	380.3293293666246	58.301490909018966	266.6598809185535	379.0474589992279	2.354348351823882
12.682112087142391	1.463503321969591	380.65650000735127	58.580445410976004	267.37603294751887	379.37553224536407	2.3561089253480842
12.681282751238736	1.467405241821286	380.9825038616906	58.859399912933036	268.1042148414747	379.7018870171612	2.3578620564494837
12.684654179826476	1.4712948929390819	381.30850771602996	59.13835441489007	268.6868047001036	380.0259324759553	2.3596151875508835
12.686625216952663	1.4751722944924783	381.6321294178626	59.41730891684709	269.3157938441816	380.3502564461934	2.3613530605474735
12.687059940921781	1.4790375171175978	381.95508118660723	59.69626341880411	269.9958702795829	380.6727248540868	2.363086642505079
12.689696081942598	1.4828905623542274	382.2780329553518	59.975217920761146	270.5980001831875	380.9937773908757	2.364820224462685
12.693098938461992	1.4905603157928284	382.918380452155	60.53312692467521	271.8612524996554	381.63385110029253	2.368251638522901
12.695226098181246	1.4943770857342578	383.2384022805392	60.812081426632226	272.47580359924467	381.9519858936459	2.369966368037022
12.696831495213807	1.4981818290754525	383.5556703587169	61.091035928589264	273.1060016952622	382.2702225767849	2.371663290198435
12.698698219790337	1.5019746006472827	383.8728833454903	61.36999043054628	273.7252212887336	382.5858902544183	2.3733598561067404
12.700422096302699	1.5057554053975746	384.19000691230804	61.64894493250332	274.34777635725936	382.90120643339947	2.3750558406024953
12.701803050218917	1.5095242981888948	384.50453111088234	61.927899434460336	274.98059787827793	383.21658863819937	2.376734923889672
12.703777248837255	1.5132813189281853	384.8190553094567	62.206853936417374	275.5904977878655	383.52932492131885	2.3784140071768487
12.705586218049005	1.5170264806189337	385.1334370365513	62.4858084383744	276.20409320430775	383.84184218139285	2.3800921585270376
12.707092851371206	1.5207598353657819	385.44539146084156	62.76476294033144	276.82657328298643	384.1544177178557	2.381754432360771
12.708705983623155	1.5244814182733588	385.7573458851318	63.043717442288454	277.44371197895657	384.464530286755	2.383416706194505
12.710557950144462	1.5281912493246868	386.0691838169388	63.32267194424548	278.04995069056923	384.77437579971695	2.3850782129723855
12.71193581231055	1.5318893752877811	386.3786864516942	63.60162644620251	278.670790161623	385.0843144593877	2.3867243427643774
12.713867999965625	1.5355758390197953	386.6881890864495	63.88058094815954	279.27060623252197	385.39186345579907	2.3883704725563693
12.715043605283869	1.5392506535171309	386.9976681729498	64.15953545011656	279.89514029180094	385.6993002220949	2.3900164461583877
12.722289689061725	1.542913865294056	387.30483598836025	64.4384899520736	280.30419061104374	386.0054865883086	2.3916470896490836
12.718742966220274	1.5465655185662508	387.6120038037708	64.71744445403063	281.08948953750286	386.3118475996643	2.39327773313978
12.720128500084826	1.5502056254886387	387.91917161918127	64.99639895598766	281.7003003284878	386.61681236227537	2.3949083766304757
12.722153018783098	1.5538342363992272	388.2242452630582	65.27535345794469	282.2864991536431	386.9216407134553	2.3965250176153754
12.723848630949835	1.5574513877471077	388.52919423341746	65.5543079599017	282.8815782792797	387.22478244958154	2.3981408249810485
12.725642614580476	1.5610571029839058	388.8341432037768	65.83326246185874	283.47143883822883	387.52734760841173	2.3997566323467217
12.726794915350665	1.5646514149481274	389.13730520414583	66.11221696381577	284.08198997310546	387.83003980752807	2.4013603840890387
12.72855029457205	1.5682343751713619	389.44015033034617	66.3911714657728	284.6683030678866	388.13118651093396	2.4029619980698658
12.730591575608306	1.5718060014989268	389.7429954565465	66.67012596772985	285.24251575342754	388.43149917245194	2.404563612050693
12.731815234712181	1.5753663240576339	390.0443929456806	66.94908046968686	285.84357346593697	388.73197552876917	2.40615536219621
12.733316952546716	1.5789153963228848	390.3452482813152	67.2280349716439	286.4322521686322	389.0313391689882	2.4077434182439754
12.735499568808683	1.5824532426069415	390.6461036169499	67.50698947360091	286.994204013285	389.3295346485553	2.4093314742917418
12.73700189169019	1.5859798821039213	390.9458723152366	67.78594397555796	287.5781541480316	389.62786454855257	2.4109120437253684
12.738415714992325	1.5894953709146147	391.24485099608586	68.06489847751497	288.16289637249537	389.92554710545727	2.412487170169456
12.73999812737747	1.592999735888245	391.5438296769351	68.34385297947202	288.7382824833173	390.2218904422293	2.4140622966135434
12.74268347601371	1.5964929957099296	391.8420943377094	68.62280748142904	289.27306734051484	390.5179978065789	2.4156324421627464
12.743640872887703	1.5999752050676295	392.13930861438763	68.90176198338607	289.86622765661934	390.8142001385501	2.417195260393076
12.744936155121525	1.6034463895887774	392.4365228910658	69.1807164853431	290.4436439535982	391.10873806662397	2.418758078623405
12.746546185060257	1.6069065715290927	392.73339775302884	69.45967098730013	291.00791307783624	391.4032044866071	2.420318495788754
12.748380529803633	1.6103557975858442	393.02895902657406	69.73862548925715	291.56233160668495	391.69761867887564	2.421869620454375
12.749988891532773	1.613794102352531	393.3245203001193	70.01757999121418	292.1202824900693	391.9904797247539	2.4234207451199965
12.751481880235351	1.6172215052034429	393.6200815736645	70.29653449317121	292.6800624031642	392.2832157727645	2.4249718697856175
12.753142167987166	1.6206380460247953	393.914128406087	70.57548899512823	293.231895428652	392.57591108922867	2.4265121100462674
12.756035672503417	1.6240437656020088	394.20814726627793	70.85444349708526	293.73612657986314	392.86725231365983	2.4280521492683347
12.756570657143525	1.6274386862578523	394.50216612646886	71.13339799904229	294.32015794861394	393.15854469617204	2.429592188490403
12.757787558077494	1.630822837321045	394.79513175203806	71.41235250099933	294.8778216410707	393.4496878389691	2.43112452021409
12.759318626188314	1.6341962669728942	395.0877180182291	71.69130700295635	295.41967350625	393.740157783262	2.43265407581199
12.759156239279976	1.6375589952885858	395.38030428442016	71.97026150491338	296.01734417745513	394.0300629947441	2.4341836314098897
12.762191523346521	1.640911051292132	395.67227344040197	72.2492160068704	296.5019860613829	394.31928502528257	2.4357085765841244
12.765351212422264	1.644252482188137	395.96353620467175	72.52817050882744	296.977770328258	394.60833466836385	2.437228244313557
12.76544970958551	1.64758331185717	396.2547989689416	72.80712501078446	297.5561536954367	394.89675631108906	2.43874791204299
12.766902617383124	1.6509035646832653	396.54584778249335	73.08607951274149	298.0837743804132	395.18488477019787	2.4402659426136584
12.767351727438717	1.6542132829609664	396.83589545490844	73.36503401469851	298.64150417049575	395.4732222698259	2.441776312415528
12.767980447572977	1.6575124996235393	397.1259431273236	73.64398851665555	299.1903489583793	395.76049883513247	2.4432866822173973
12.771732992491666	1.660801239215243	397.4159907997387	73.92294301861257	299.62838771298743	396.04681410839925	2.4447970520192666
12.773061243002463	1.6640795328004785	397.7050799453726	74.20189752056959	300.1455029926956	396.3336418126692	2.4462998791146573
12.774714639949861	1.6673474208788803	397.9940203011731	74.48085202252663	300.6477726308293	396.6198696517562	2.447801535373655
12.776909065029347	1.6706049291313396	398.2829606569738	74.75980652448366	301.1272217733344	396.9053020247716	2.4493031916326524
12.777498239801977	1.6738520860715946	398.57136497110184	75.0387610264407	301.6579256024662	397.1910737845717	2.4508004880438965
12.777846620312516	1.6770889298061562	398.85930519962255	75.31771552839771	302.189949527308	397.4768095156837	2.452294009855708
12.781419915076526	1.680315490904206	399.14724542814326	75.59667003035476	302.6130558859455	397.7608342517266	2.4537875316675195
12.781920574449135	1.683531790536424	399.4350175213217	75.87562453231178	303.1326220295787	398.04551705968663	2.455279630756831
12.786548889245985	1.6867378685432046	399.72206427646665	76.1545790342688	303.51317292931003	398.32929527971623	2.4567655922029386
12.785741385018737	1.6899337572006088	400.00911103161155	76.43353353622582	304.0676130793557	398.6135691534438	2.458251553649047
12.786571961870422	1.6931194819492679	400.29615778675645	76.71248803818287	304.5625054463718	398.8971774634034	2.459737515095154
12.793672612564485	1.6962950733227562	400.5825563105397	76.99144254013989	304.8532354827181	399.1794043148489	2.461217720439481
12.787959752925122	1.6994605668745884	400.8688157626354	77.27039704209692	305.54979327256177	399.46417832127645	2.462696690868567
12.790829412682593	1.70261599246284	401.1550752147311	77.54935154405395	305.96815859066305	399.7464415950835	2.4641756612976526
12.79233794085477	1.7057613722093692	401.44103298877303	77.82830604601098	306.42436619955515	400.0289958196101	2.4656517873573867
12.793815726657735	1.7088967469678764	401.726610877629	78.10726054796801	306.87808620644864	400.31155110597774	2.4671243316723865
12.795658430139136	1.7120221416227615	402.01218876648494	78.38621504992503	307.3157687590501	400.59334032498083	2.468596875987386
12.795564852412054	1.7151375854115667	402.29773949149455	78.66516955188207	307.8091408293527	400.875455188427	2.4700691437908975
12.798209018928226	1.7182431083832927	402.5827411805047	78.94412405383909	308.21401790856135	401.1569557464907	2.471535822740782
12.799564273191924	1.7213387442135855	402.86774286951476	79.22307855579612	308.65344144526006	401.43844078739755	2.4730025016906665
12.801203651801154	1.7244245193999534	403.15274455852494	79.50203305775315	309.08110505046943	401.71947977780826	2.4744691806405505
12.801237239793398	1.7275004613565752	403.43744561076164	79.7809875597102	309.55166388960004	402.0008713783089	2.4759324723551006
12.803598820564606	1.7305666049672457	403.7219761418848	80.05994206166721	309.9492167534912	402.28173489976615	2.4773938428304945
12.805219684188534	1.7336229762476865	404.00650667300795	80.33889656362425	310.36311786814196	402.5621951236141	2.478855213305888
12.804523746611551	1.7366696037207128	404.2909578330281	80.61785106558126	310.8439196731737	402.8431658849188	2.480315553651102
12.807987011365016	1.7397065184882297	404.57512198219035	80.89680556753831	311.19442119206815	403.1231911101038	2.4817721689813514
12.807042358474455	1.7427337494451645	404.8592861313526	81.17576006949533	311.6732194613032	403.4039619301958	2.4832287843116
12.814141812429543	1.7457513223863244	405.14345028051486	81.45471457145234	311.9107855943524	403.68268056228897	2.4846853996418496
12.812305632812675	1.7487592712860642	405.42740916135074	81.73366907340937	312.40573703519897	403.96342186193993	2.4861387181118464
12.813306016060675	1.7517576211792931	405.7113114952143	82.0126235753664	312.81391080643186	404.2434940508557	2.4875911283683423
12.813805892561001	1.7547464026781552	405.995213829078	82.29157807732344	313.23224360112823	404.5233311619865	2.4890435386248377
12.81623490764805	1.7577256409017286	406.27906241574675	82.57053257928045	313.59205264981995	404.80271922875914	2.490494699812497
12.817199472373487	1.760695367944087	406.56280734835394	82.84948708123748	313.9883442075938	405.0824360060917	2.4919434521105672
12.819073308064912	1.7636556097659706	406.84655228096125	83.12844158319453	314.35754781253047	405.36179039591264	2.4933922044086376
12.81910448521206	1.7666063952215445	407.1302972135685	83.40739608515156	314.77130386853617	405.6414518457792	2.4948409567067085
12.821590914627487	1.7695477512684432	407.41399489052645	83.68635058710858	315.116325206348	405.9205366104272	2.4962869373054453
12.823138865336398	1.7724797082838804	407.6976867400504	83.96530508906562	315.48027819427676	406.199821900422	2.497732576106002
12.822654795356199	1.7754022917427794	407.9813785895744	84.24425959102264	315.89930793105395	406.4794282058524	2.499178214906559
12.82571350257855	1.7783155294587019	408.26509253243125	84.52321409297967	316.2157431748814	406.75820032599324	2.500622744045174
12.824375990348523	1.7812194510636823	408.54883557821955	84.80216859493669	316.64902208182707	407.037994386664	2.502065811457054
12.828085321556248	1.784114080190568	408.8325786240078	85.08112309689372	316.9429344873787	407.3165663702821	2.503508878868934
12.833793415759487	1.7869994485294085	409.1163216697961	85.36007759885075	317.1783545507228	407.5946324037685	2.5049519462808143
12.832004047218382	1.789875579840501	409.40021503147176	85.63903210080777	317.6142639568058	407.87446228428905	2.5063930500047897
12.830272384277794	1.7927425023772152	409.68411357104463	85.9179866027648	318.04162746194675	408.15427282206815	2.5078340860860555
12.832424422492029	1.7956002431958598	409.9680121106175	86.19694110472183	318.3645683284115	408.4332105407266	2.509275122167321
12.834483549406071	1.7984488292899254	410.2520397971151	86.47589560667886	318.68679471093736	408.7121568214099	2.5107154162537464
12.835663899515849	1.8012882851231582	410.5361982029657	86.75485010863589	319.02752541172606	408.99130325670507	2.5121549593111743
12.837104274880545	1.8041186404141034	410.8203566088163	87.03380461059292	319.36125037219693	409.27046146297965	2.513594502368603
12.838557618791095	1.806939921445453	411.10452363208077	87.31275911254995	319.68836488719944	409.54968175735627	2.5150340228124217
12.839526787308516	1.8097521532447514	411.38904640812194	87.59171361450699	320.02669843443465	409.82900961980897	2.516472609698408
12.84065980404529	1.8125553597538275	411.673569184163	87.870668116464	320.35854003203315	410.1082913328579	2.517911196584394
12.841908129161673	1.8153495702654112	411.95809196020406	88.14962261842105	320.68234950471015	410.3877897321976	2.51934978347038
12.84329175701565	1.8181348132353905	412.2428717899923	88.42857712037807	321.00248253966845	410.6672495288193	2.5207881399261542
12.849495667332077	1.8209111074032018	412.5278636274925	88.70753162233508	321.19760035458955	410.9455199399104	2.5222263063322496
12.848928077674783	1.823678483267238	412.8128554649927	88.98648612429211	321.5591530375764	411.22560110475393	2.523664472738346
12.847022734036594	1.8264369664188962	413.09788826742647	89.26544062624914	321.95436755349544	411.5062042219069	2.52510264730468
12.848010355013004	1.8291865809883419	413.38345410027404	89.54439512820618	322.2705645616014	411.78608615370723	2.5265409280509807
12.849475050229167	1.831927351240502	413.6690199331216	89.8233496301632	322.5744412744023	412.065842906372	2.527979208797281
12.850350883549757	1.8346593049059372	413.95458576596917	90.10230413212022	322.89127042899025	412.34616355455483	2.5294174895435817
12.855794400924784	1.837382468206568	414.24055573526454	90.38125863407727	323.0913726014989	412.6253696722445	2.530856156187935
12.85217074756248	1.8400968614543667	414.52680079439347	90.6602131360343	323.5126260453682	412.90683327090176	2.532295085507511
12.853881558526902	1.8428025111667659	414.81304585352245	90.93916763799132	323.80084995250144	413.18717451941734	2.5337340148270866
12.855402529548938	1.8454994459999812	415.0993852382672	91.21812213994835	324.09003411263143	413.46789851987467	2.535173086270463
12.857977378544106	1.8481876865550422	415.38641510507375	91.49707664190538	324.35341176636746	413.74834701375744	2.536613198088022
12.854102923199207	1.85086725574719	415.6734449718804	91.77603114386241	324.7682352633155	414.03042179789	2.538053309905581
12.85866303986128	1.8535381827885662	415.960474838687	92.05498564581943	324.9786299197919	414.31091839079807	2.5394934217231397
12.858097705328309	1.85620049242956	416.24808214953725	92.33394014777646	325.3109848389575	414.5928085241125	2.540934646165587
12.859577680889476	1.85885420078695	416.5360028081097	92.61289464973349	325.59032360413266	414.87416674992437	2.542376474369521
12.862474301664523	1.8614993375335538	416.8239234666822	92.89184915169052	325.83437293657636	415.15539648269805	2.5438183025734546
12.863450613742677	1.8641359301190066	417.112024042709	93.17080365364754	326.1233864521206	415.4376383667484	2.5452605368071066
12.864509038236314	1.8667639920439962	417.400941930685	93.44975815560458	326.40716056985747	415.7198487779583	2.546704615514056
12.865746762948794	1.8693835589002634	417.689859818661	93.7287126575616	326.6841183571336	416.00200262449664	2.548148694221006
12.868604720986296	1.8719946465426578	417.97877770663706	94.00766715951863	326.92286900353383	416.2844148757685	2.549592772927955
12.869452367304959	1.8745972829613817	418.26848839097795	94.28662166147566	327.2064468146525	416.5675277256871	2.5510388513456634
12.867999884211677	1.8771914820469247	418.55851044883804	94.56557616343271	327.5394960681088	416.85123684203296	2.552485715156701
12.86984932306914	1.8797772773743615	418.848532506698	94.84453066538973	327.79611812600916	417.13432539509233	2.5539325789677383
12.87005543992757	1.882354691256314	419.1388723248835	95.12348516734676	328.0882745357643	417.41856297931486	2.5553803135695348
12.872520347982544	1.884923739811248	419.4301060434766	95.40243966930377	328.3255196575011	417.70219082341225	2.5568304978170318
12.873055596368882	1.8874844465523966	419.72133976206976	95.68139417126082	328.60656394632065	417.98631805333014	2.5582806820645287
12.873068884733529	1.890036840812684	420.01257348066287	95.96034867321784	328.89808283947343	418.27138865026507	2.5597308663120257
12.875180569224614	1.8925809429216447	420.30488202028306	96.23930317517487	329.13802601190105	418.55616398457505	2.5611841915404403
12.876436487436404	1.8951167683480628	420.5974354863754	96.51825767713188	329.39699374062553	418.84115900046555	2.5626382325246473
12.876440665591732	1.897644344749538	420.8899889524677	96.79721217908893	329.68414578990945	419.12675062000403	2.564092273508854
12.880094381568941	1.90016369955199	421.1830791268101	97.07616668104595	329.8843432457233	419.41226269149786	2.5655479654998907
12.879095310090273	1.9026748447988733	421.4770610664324	97.35512118300298	330.1884374939734	419.6990340210321	2.5670064007142095
12.880188766845066	1.9051778031246627	421.7710430060545	97.63407568496	330.4453759021998	419.98522465206287	2.5684648359285287
12.881548772979357	1.9076726073870107	422.06502494567667	97.91303018691704	330.6934302123158	420.27225760524374	2.569923271142848
12.883132347436662	1.91015926885549	422.360463856573	98.19198468887407	330.9344193957704	420.55959022553753	2.571386379952832
12.882483816862718	1.912637808201341	422.65598367593446	98.47093919083109	331.2248467320715	420.847530257168	2.5728497482967265
12.883689308673393	1.9151082505087447	422.95150349529604	98.74989369278813	331.4726422787739	421.13525000096104	2.5743131166406212
12.884296419607022	1.9175706233754866	423.2478977702569	99.02884819474517	331.73014994515756	421.4242267573708	2.57577938937632
12.88604648465994	1.9200249368502207	423.5450655939812	99.30780269670218	331.96218835762386	421.7128697490414	2.5772482313547456
12.8957386317724	1.922471210162482	423.84223341770553	99.58675719865921	332.0180512121868	421.99925968107686	2.578717073333171
12.890950669807191	1.92490947883611	424.13962386798187	99.86571170061625	332.3919696843432	422.2908220303374	2.580186676764138
12.887333141213292	1.9273397516787854	424.4385505744054	100.14466620257328	332.73634561017104	422.5824725978739	2.5816615346723313
12.890526074210731	1.9297620489220098	424.7374772808288	100.4236207045303	332.9316068641736	422.872169438633	2.583136392580524
12.891036508757153	1.9321763977652426	425.0364039872523	100.70257520648732	333.18449847205625	423.1630259690404	2.5846112504887175
12.894969474626372	1.9345828194990582	425.33670819358133	100.98152970844436	333.3595834653029	423.4540979466191	2.5860909394190212
12.893517354667196	1.9369813228862218	425.6375054468443	101.26048421040139	333.6510489543829	423.74671668792183	2.587572357511432
12.894348342494784	1.9393719353769525	425.9383027001072	101.5394387123584	333.8927800474498	424.0386634923686	2.5890537756038436
12.893555137681558	1.9417546835383779	426.23981636333593	101.81839321431544	334.16691001492205	424.33243102366913	2.590537761088007
12.896183636803766	1.9441295737902167	426.54259664198236	102.09734771627247	334.3655225757258	424.62555609390495	2.5920262857301006
12.896048778681703	1.9464966299013278	426.84537692062884	102.3763022182295	334.62329735209676	424.919482414829	2.593514810372194
12.898105656099656	1.94885588018676	427.14816189609667	102.65525672018653	334.8335065396091	425.2133610563062	2.5950033521655427
12.899093496419574	1.9512073366909346	427.45303851788395	102.93421122214357	335.06321712658405	425.50877033081065	2.59649953196713
12.900042065098368	1.9535510132844613	427.75791513967124	103.21316572410059	335.29295167420094	425.8041792561462	2.597995711768717
12.900506244796311	1.9558869385138489	428.0627917614585	103.49212022605762	335.5327830888275	426.099721809995	2.5994918915703042
12.90151445966479	1.9582150895242691	428.3782643013824	103.77107472801464	335.7602282540624	426.3968299162606	2.601038247403172
12.90232408922581	1.960535331802269	428.69918571420976	104.05002922997168	335.9883500210692	426.6941699174904	2.602610405890773
12.903661864932255	1.962847674446038	429.02010712703714	104.3289837319287	336.2049649676711	426.9913208817673	2.6041825643783736
12.903161441297161	1.9651521183014495	429.3495874284655	104.60793823388573	336.46035314304487	427.2899838131652	2.6057953275414514
12.905289202402512	1.9674485036249254	429.6883378086722	104.88689273584275	336.6585216094276	427.5888748255538	2.607452069374891
12.906131847120037	1.9697368222910194	430.0270881888789	105.16584723779978	336.881060615299	427.88812022992295	2.6091088112083303
12.905567012930218	1.9720170733324696	430.3750462724132	105.4448017397568	337.13295873714196	428.18888891879516	2.6108093112859403
12.906853170272509	1.9742890795646708	430.7337231455732	105.72375624171383	337.34551730009116	428.5036400758312	2.6125607508211925
12.907651589315194	1.9765528270170987	431.0924000187332	106.00271074367086	337.56641081078055	428.81850162963536	2.6143121903564452
12.914713770687042	1.9788082890941914	431.4646906734457	106.2816652456279	337.65410774892035	429.1312517153868	2.61612843191704
12.910586651123529	1.9810552720737755	431.8457848511782	106.56061974758492	337.97522445460123	429.46209812255233	2.61798657852214
12.911505715507404	1.9832937696730453	432.2268790289107	106.83957424954195	338.1904818127239	429.7942295877189	2.6198447251272405
12.912159513222452	1.9855236809475314	432.6312564251955	107.11852875149897	338.40973225584327	430.1263859425968	2.6218138675232736
12.91224971218257	1.9877448346456328	433.0377568814435	107.39748325345602	338.6379956732651	430.4733297438118	2.6237931309736306
12.913511299907679	1.9899572298707509	433.45558834518283	107.67643775541303	338.8415332664145	430.8246468044504	2.62582648719619
12.914241409349575	1.9921606160138126	433.89112454830564	107.95539225737006	339.05566445720245	431.1760645542643	2.627944363567121
12.915241565598004	1.9943549512582615	434.32764532790503	108.2343467593271	339.26279157692113	431.5456703709847	2.6300669462629935
12.915952838519594	1.9965400319906912	434.79668431588345	108.51330126128413	339.4730376064339	431.9188590930026	2.6323449676259294
12.915252173134665	1.9987156915025412	435.2657233038618	108.79225576324114	339.711978065523	432.2947459392366	2.6346229889888653
12.91580670266604	2.0008817855901064	435.7673800709528	109.07121026519818	339.9245385590768	432.6926272661385	2.6370571107629424
12.9186952191558	2.0030380238631356	436.27550564126267	109.3501647671552	340.08792731554894	433.0893540843756	2.639522190587184
12.918044126278424	2.005184247293389	436.82087075471776	109.62911926911224	340.3207097941803	433.50185753054444	2.642165683847524
12.920028896829496	2.007320100892549	437.37518955869217	109.90807377106927	340.49890515204163	433.9269679945379	2.6448520739469865
12.9208000816456	2.009445302788854	437.98188788693824	110.1870282730263	340.70132192106877	434.3553847408079	2.6477896616495227
12.92114548808074	2.01155947366984	438.6086640098219	110.46598277498333	340.91183623525126	434.81351607939246	2.650823609966155
12.924409039048962	2.0136620764802404	439.286164770235	110.74493727694036	341.0595897724982	435.26985783363887	2.654101037316918
12.924038492266792	2.015752637666381	440.02512423928334	111.02389177889738	341.27987457339594	435.7597000188243	2.6576737034428874
12.923804179869121	2.017830382035433	440.8274455310337	111.30284628085441	341.4966058825757	436.2551256183783	2.6615508868229774
12.923589853391892	2.019894312994827	441.72469117766036	111.58180078281144	341.7120378992956	436.78412457363254	2.6658844725250237
12.895056379059227	2.0293285252268984	738.6363029754889	122.73998086109259	343.314565811753	733.6023599559729	4.096306692263867
12.83467290073085	2.0290662271865716	749.7944830537707	133.89816093937375	344.6365195564929	745.1758856221346	4.149127199054874
12.766120988175523	2.028955048134712	760.9526631320516	145.0563410176549	346.1640870801246	756.0873645464028	4.201284573017298
12.693807298265236	2.0296293973683146	772.1108432103331	156.21452109593602	347.8598690562301	766.9991852155144	4.252803425524094
12.619405568033526	2.0312081876118278	783.2690232886139	167.37270117421716	349.69944989896123	777.910658880234	4.303706991429806
12.54636958868354	2.033638085803614	794.4272033668951	178.53088125249832	351.60209860129555	788.8192330472515	4.354016438851441
12.475039373348634	2.0368048552466584	805.5853834451763	189.68906133077948	353.54910661866495	799.724644839564	4.403751975900703
12.401889065009989	2.040578252513469	816.7435635234575	200.84724140906062	355.60143699467545	810.6303440449727	4.452932904495946
12.33356017383296	2.044831438094609	827.9017436017384	212.00542148734172	357.6083521834137	821.5299905610883	4.501577670594621
12.269852196509984	2.049449137549826	839.0599236800199	223.16360156562288	359.5604622997915	832.423394379106	4.549703586105721
12.206513956492762	2.054330496968946	850.2181037583008	234.32178164390402	361.5375042188985	843.3147623240251	4.597325597185967
12.14233610581952	2.0593893783607413	861.3762838365822	245.47996172218518	363.5596511494728	854.2057062675306	4.6444610570690745
12.084575271595714	2.0645534518862303	872.534463914863	256.63814180046626	365.4654225922473	865.0876755836624	4.691123075681067
12.028658912168089	2.0697627873483606	883.6926439931444	267.79632187874745	367.3464453675808	875.9657025794679	4.737326237308922
11.974899464338943	2.0749682914007592	894.8508240714252	278.9545019570286	369.19162808753737	886.8392599456465	4.783084036818508
11.921486485788346	2.0801301904378326	906.0090041497066	290.1126820353098	371.0374674252108	897.7106739332212	4.82840890934653
11.872449278792267	2.0852166215503365	917.1671842279876	301.2708621135909	372.79230038518455	908.5742707551976	4.873312831356618
11.825558375566693	2.090202383770672	928.3253643062689	312.429042191872	374.5027694864407	919.4328096356114	4.917807341593931
11.786454687525545	2.0950678527260806	939.4835443845499	323.58722227015323	376.0391606621874	930.2773453384416	4.961903560901394
11.735645802304317	2.099798037791432	950.6417244628313	334.74540234843437	377.8424669487399	941.1379749086697	5.005612210969042
11.692464147662248	2.1043817867691024	961.7999045411125	345.9035824267155	379.4731837759964	951.984704152718	5.048942587208619
11.651376891349516	2.108811115880526	972.9580846193935	357.06176250499664	381.0540980085008	962.8258641772181	5.091904768366546
11.61189892669917	2.1130806406522034	984.1162646976749	368.21994258327777	382.5976337000628	973.662073330383	5.134508532879221
11.572938945522505	2.1171871039487633	995.2744447759558	379.37812266155896	384.12895628576234	984.4951749815043	5.176761504210033
11.536003206898707	2.1211289699734706	1006.4326248542369	390.5363027398401	385.6095328955571	995.3223208277313	5.218673289886858
11.500179414464332	2.124906119352238	1017.5908049325179	401.69448281812123	387.0636336154908	1006.1450436487456	5.260251893735987
11.465332058355607	2.1285195339985443	1028.748985010799	412.85266289640236	388.49166376834694	1016.9635181832549	5.301504146952631
11.43160799791985	2.131971106387072	1039.9071650890803	424.01084297468344	389.8921790316299	1027.7773547910954	5.34243860946697
11.398669577942929	2.135263431758238	1051.0653451673616	435.16902305296463	391.27128043105427	1038.5871686778803	5.383062356396681
11.367336800254764	2.1383996547427735	1062.2235252456423	446.32720313124577	392.6096675406812	1049.391073285593	5.423382254384517
11.334944985693266	2.141383339674174	1073.3817053239238	457.48538320952696	393.9753827732199	1060.1949745273462	5.463404969220794
11.305968023746548	2.14421836635954	1084.5398854022046	468.64356328780804	395.25097591754593	1070.9885813922465	5.503136973133858
11.276924014256588	2.1469088397140594	1095.6980654804859	479.8017433660893	396.5286514286151	1081.7797735447568	5.542584551765294
11.24917604471049	2.1494590180407274	1106.8562455587671	490.95992344437036	397.77025648628114	1092.5652301822595	5.581753810845652
11.220652489378327	2.1518732550856416	1118.0144256370481	502.1181035226515	399.034874019121	1103.350113035279	5.620650682585615
11.193650438298706	2.1541559509858286	1129.1726057153292	513.2762836009326	400.2580036915914	1114.1285736884206	5.65928029713801
11.167086207722987	2.1563115142846883	1140.33078579361	524.4344636792138	401.46969924164074	1124.9033208667988	5.697648102299148
11.141405796836628	2.1583443300466474	1151.4889658718914	535.5926437574949	402.6571097354805	1135.673087440775	5.735760132975885
11.11524239960385	2.1602587356378065	1162.6471459501724	546.7508238357761	403.8614308585175	1146.4416906757497	5.773620502469944
11.090633179312153	2.1620589999565376	1173.8053260284535	557.9090039140572	405.0212410252968	1157.2032951530716	5.811234715568057
11.067744018767653	2.1637493077288315	1184.9635061067347	569.0671839923383	406.12963127538836	1167.9571150959748	5.848607273259763
11.04434847425175	2.1653337493875786	1196.1216861850157	580.2253640706195	407.25578699843794	1178.7097513530455	5.885743023794016
11.021196852262847	2.1668163103231866	1207.279866263297	591.3835441489007	408.37695827379457	1189.4589986352096	5.922645812073448
10.998974742712067	2.168200865710086	1218.4380463415782	602.5417242271818	409.4707942004984	1200.202624949056	5.959320906274159
10.976966587271733	2.1694911754305304	1229.5962264198595	613.699904305463	410.5605370313177	1210.9428736543264	5.995771648002528
10.954884465825675	2.170690881227267	1240.7544064981405	624.858084383744	411.65641136928656	1221.6807483424836	6.032002199765728
10.933207507019654	2.171803504776447	1251.9125865764215	636.0162644620251	412.7425447395228	1232.414647360003	6.06801692624112
10.91358972389627	2.172832449970541	1263.0707666547028	647.1744445403064	413.7601029928985	1243.1385754256669	6.103819536373916
10.89304855370468	2.1737810006173626	1274.2289467329838	658.3326246185874	414.81381843282213	1253.8630727015973	6.139413654609347
10.877346454009544	2.1746523207729114	1285.3871268112648	669.4908046968686	415.69391698475135	1264.5666865656053	6.174802823285479
10.852868650180977	2.175449460804714	1296.5453068895463	680.6489847751498	416.90185627101704	1275.300788480704	6.209990504945145
10.834407716789809	2.176175359635246	1307.7034869678273	691.8071648534309	417.89135950231366	1286.0093222837245	6.244980084570222
10.815522572185461	2.1768328388220093	1318.8616670461083	702.965344931712	418.90112744936124	1296.7167643143866	6.2797748717412425
10.797116938473405	2.177424617017255	1330.0198471243898	714.1235250099932	419.89689589522635	1307.4195545890907	6.31437810272524
10.77830307130663	2.1779533052703144	1341.1780272026706	725.2817050882744	420.91405261373677	1318.1213623033518	6.348792942494624
10.761000031507887	2.1784214133971553	1352.3362072809518	736.4398851665554	421.8753162958285	1328.8140877500616	6.383022486679679
10.74337749163573	2.178831352432374	1363.4943873592335	747.5980652448367	422.8544464022531	1339.5054216373585	6.417069763457272
10.725216311787412	2.1791854377967	1374.652567437514	758.7562453231178	423.8621143437827	1350.1964889303445	6.45093773537814
10.709252040693102	2.179485896827345	1385.8107475157956	769.914425401399	424.78142713042854	1360.8749470915361	6.484629015542774
10.69353131340569	2.1797348615944956	1396.9689275940768	781.07260547968	425.6940482360858	1371.5493681688595	6.518145877578914
10.683167818049542	2.1799343831186273	1408.1271076723576	792.2307855579612	426.36954688544813	1382.1952927398684	6.551491827977474
10.659803959683716	2.180086428276192	1419.285287750639	803.3889656362423	427.6373943925062	1392.9007133476812	6.584669337156609
10.644082079095552	2.1801928870000062	1430.4434678289203	814.5471457145234	428.5842196557402	1403.5668196127954	6.6176800712742425
10.628104115552766	2.180255573547727	1441.6016479072011	825.7053257928047	429.5925827200554	1414.2314726902302	6.650527779657909
10.611619666495809	2.180276226444604	1452.7598279854824	836.8635058710857	430.6881359294019	1424.8960895565049	6.683213685030119
10.597544877854862	2.1802565191885046	1463.9180080637639	848.0216859493669	431.71291608194423	1435.5455069383472	6.715741129097593
10.582391400710161	2.1801980521864057	1475.0761881420444	859.1798660276481	432.8744276756457	1446.197773303323	6.748111566767006
10.567441372480776	2.1801023676479496	1486.234368220326	870.3380461059293	434.11461829332933	1456.846245739897	6.780328155204851
10.552994932466635	2.179970940747833	1497.3925482986072	881.4962261842104	435.435622768518	1467.489233585954	6.812391893573425
10.53882804112425	2.179805191588072	1508.5507283768877	892.6544062624915	436.8960385955604	1478.127896585258	6.844306168540229
10.524967579031765	2.179606482992637	1519.7089084551692	903.8125863407726	438.5233347676849	1488.7620345422113	6.876072156111893
10.510654209817357	2.1793761214806473	1530.8670885334507	914.9707664190539	440.5585384239936	1499.3960630095332	6.907692167051367
10.496193113815693	2.179115363659636	1542.0252686117312	926.128946497335	443.43343980601355	1510.0278872175918	6.939168592583156
10.483024270205386	2.178825416742392	1553.1834486900125	937.2871265756161	721.5835680849165	1520.649754489459	6.970502924902553
10.469700352474122	2.1785074381546834	1564.341628768294	948.4453066538972	725.7049765198952	1531.269785574065	7.001696855370848
10.456380737728306	2.178162540419	1575.4998088465748	959.6034867321786	728.2768881129788	1541.8870631876969	7.0327527693862875
10.444463511492746	2.177791793490291	1586.657988924856	970.7616668104596	730.1502504337741	1552.4931885730057	7.063672423876842
10.430469169652394	2.1773962237643665	1597.8161690031375	981.9198468887407	731.9984715914854	1563.1093380574812	7.094457546075929
10.417936334532902	2.1769768201752355	1608.9743490814178	993.0780269670219	733.4729953222898	1573.7135566662114	7.125109757178544
10.405132933141266	2.1765345295418497	1620.1325291596993	1004.236207045303	734.8456695521463	1584.3166575691803	7.1556305174876105
10.39277808524519	2.176070262210891	1631.290709237981	1015.3943871235842	736.075183811976	1594.914020527691	7.186021848245802
10.380549404694666	2.175584901585175	1642.4488893162616	1026.552567201865	737.212548959076	1605.5077814544493	7.216285361724339
10.368330798234245	2.1750792829950187	1653.6070693945428	1037.7107472801463	738.2818525932299	1616.0987569918545	7.24642264352697
10.356325457587499	2.1745542199785914	1664.7652494728236	1048.8689273584273	739.2775160983878	1626.6855126508926	7.27643525313905
10.344605311825246	2.1740104912979685	1675.923429551105	1060.0271074367085	740.2441816124257	1637.267481683538	7.3063247244631295
10.332891858868331	2.1734488458543604	1687.0816096293863	1071.1852875149898	741.2078171222291	1647.8466728440635	7.336092566341404
10.321450624484864	2.1728700058856325	1698.2397897076676	1082.3434675932708	742.1473151695411	1658.42110752303	7.365740263065412
10.310900199042079	2.1722746639445054	1709.3979697859484	1093.501647671552	743.012506665161	1668.9859671220806	7.39526927487336
10.298112629708887	2.171663488199607	1720.5561498642296	1104.659827749833	744.0564023685158	1679.5653861490905	7.42468082379099
10.287622008044734	2.1710371197691094	1731.7143299425106	1115.8180078281143	744.9118520828125	1690.1242592106232	7.453976281648374
10.276365271581026	2.17039617911001	1742.8725100207919	1126.9761879063956	745.8275724919365	1700.6864401670036	7.483157223154431
10.265585743086321	2.1697412585171176	1754.0306900990731	1138.1343679846766	746.7019836078952	1711.2420820647094	7.512225018850599
10.25471769282382	2.169072932104908	1765.188870177354	1149.2925480629576	747.5816610064485	1721.795733974932	7.541181017494876
10.244217623541296	2.168391752243025	1776.3470502556354	1160.450728141239	748.428666167999	1732.3436170111454	7.570026546492893
10.238848720069488	2.1676982483203324	1787.5052303339169	1171.6089082195201	748.8414256286824	1742.8449182166885	7.598762098980401
10.223212959851923	2.1669929332136713	1798.6634104121974	1182.7670882978011	750.1171191111075	1753.4312595626286	7.62738969260979
10.21233396367557	2.166276298541891	1809.8215904904787	1193.9252683760824	750.9908179101408	1763.9743745526398	7.655910612316447
10.20261367669422	2.165548819305985	1820.97977056876	1205.0834484543634	751.7640003784303	1774.5046070613062	7.684325667585876
10.191842570663455	2.16481095312994	1832.137950647041	1216.2416285326447	752.6256258720559	1785.0415422017477	7.7126358709929015
10.181817344251044	2.1640631394640577	1843.2961307253224	1227.399808610926	753.4216102271097	1795.5691206530378	7.740843027663871
10.172782269351346	2.1633058047723837	1854.4543108036034	1238.557988689207	754.1297550272756	1806.0848085799744	7.768947653340813
10.162345304027342	2.1625393564872173	1865.6124908818842	1249.716168767488	754.9583900250351	1816.6108299049615	7.7969509987257695
10.152882063509628	2.1617641900301985	1876.770670960166	1260.8743488457694	755.7003798922646	1827.1250237220193	7.824854672462893
10.143108957248124	2.1609806851687403	1887.9288510384472	1272.0325289240504	756.4681559747823	1837.6394902304628	7.852658603780441
10.134240830193429	2.1601892080915936	1899.0870311167278	1283.1907090023315	757.1542461584818	1848.1424292005486	7.880365166798995
10.124105460278589	2.159390113089279	1910.245211195009	1294.3488890806127	757.9516775155815	1858.6551659997235	7.90797418905545
10.115436409539567	2.1585837404357893	1921.4033912732903	1305.5070691588937	758.6166465268161	1869.1506119665569	7.935487759182341
10.106340791650748	2.157770419625256	1932.5615713515715	1316.665249237175	759.3183118548762	1879.6475865693565	7.962905870393164
10.09703955910979	2.1569504657209206	1943.7197514298525	1327.8234293154562	760.0373345421551	1890.1439965301943	7.990230540920416
10.088849358129528	2.1561241872555588	1954.8779315081338	1338.9816093937372	760.65393548566	1900.6261066270552	8.017461541145565
10.07928835147877	2.155291877464771	1966.0361115864148	1350.1397894720183	761.3943088951561	1911.1199255962129	8.04460104447491
10.071540268652717	2.1544538214385045	1977.194291664696	1361.2979695502997	761.9672546689465	1921.5916853903782	8.071648879746643
10.061513101180024	2.1536102940163886	1988.3524717429773	1372.4561496285808	762.748936027045	1932.085391714944	8.098606722847961
10.052601386804149	2.1527615601397	1999.510651821258	1383.6143297068618	763.4269935511032	1942.5644379583002	8.125475356977574
10.04367829604335	2.151907874618288	2010.6688318995396	1394.772509785143	764.1052314869813	1953.041016639841	8.15225509428216
10.03577246467292	2.151049486775353	2021.8270119778206	1405.930689863424	764.6899238903601	1963.5034769215233	8.17894760044866
10.027215387031191	2.1501866323186576	2032.9851920561018	1417.0888699417053	765.3317745789337	1973.9705939903977	8.205553335362403
10.018916950348624	2.1493195428264906	2044.1433721343828	1428.2470500199865	765.9483529924405	1984.432077898656	8.232072838632524
10.009826148801618	2.1484484395681767	2055.301552212664	1439.4052300982676	766.6393141414305	1994.9002290787535	8.25850752942067
10.004276426235267	2.147573537402468	2066.4597322909453	1450.5634101765488	766.9907288006971	2005.3237062366495	8.284858175029155
9.994160276089845	2.1466950423343927	2077.617912369227	1461.72159025483	767.781033281422	2015.798916013442	8.311124857129995
9.986958843429026	2.1458131554179047	2088.776092447508	1472.879770333111	768.2888305482611	2026.236420229333	8.337308969640672
9.977898588497302	2.1449280696592488	2099.934272525789	1484.0379504113923	768.9735423773217	2036.6940228069698	8.363411337154274
9.973441121512609	2.1440399696084405	2111.0924526040694	1495.1961304896734	769.2132020653703	2047.0916544067597	8.389432689971544
9.962709719849746	2.1431490373735436	2122.250632682351	1506.3543105679544	770.0605889841618	2057.5651173173665	8.415373527909907
9.953968360879097	2.1422554459960264	2133.4088127606324	1517.5124906462356	770.7181902224921	2068.0112784982857	8.44123449857643
9.946812321771363	2.141359362961868	2144.566992838913	1528.6706707245164	771.2138748523136	2078.4345224969534	8.467016643457308
9.939105617348657	2.140460951052448	2155.7251729171944	1539.828850802798	771.7661737928623	2088.8621840772407	8.492720658074184
9.930982800993505	2.1395603667578063	2166.8833529954754	1550.9870308810791	772.3591367723109	2099.2927492488575	8.518347229790077
9.92541126128436	2.1386577614880586	2178.0415330737565	1562.14521095936	772.6985226129666	2109.68657920287	8.543897037928684
9.916949255875574	2.137753281206189	2189.199713152038	1573.3033910376412	773.3241441018673	2120.1164398447418	8.569370753891558
9.909520415289387	2.136847067451537	2200.357893230319	1584.4615711159224	773.8465863263049	2130.529781937335	8.594769041273253
9.901546224384257	2.1359392565387814	2211.5160733085995	1595.6197511942034	774.424366399507	2140.9480800163064	8.620092502349923
9.894422722949356	2.1350299802032895	2222.6742533868814	1606.7779312724847	774.9145665547454	2151.3519952201195	8.645341748770615
9.886637043453385	2.1340466974583134	2233.832433465162	1617.936111350766	775.4721993231567	2161.76264318334	8.670517554831745
9.880155912513676	2.133207538272732	2244.9906135434435	1629.094291429047	775.897352913537	2172.1521041794304	8.69562055327621
9.880203013174453	2.132294611264221	2256.1487936217245	1640.2524715073282	775.6568939415336	2182.443868096512	8.720651369599
9.866045842478817	2.131380705664161	2267.306973700006	1651.4106515856095	776.8626489201388	2192.9393829218425	8.745610622150672
9.859412488312886	2.130465930454378	2278.465153778287	1662.5688316638903	777.3604257749818	2203.3228262213024	8.770498922239064
9.853178109996085	2.1295503906765676	2289.623333856568	1673.7270117421715	777.7536464697964	2213.697547978894	8.795316874229284
9.563101021801893	2.084382684925234	2847.5323377706254	2231.6360156562287	795.078537622771	2728.646349121384	9.957716216164778
9.452645627397837	2.0631682300797056	3126.486839727654	2510.5905176132574	800.0927851492357	2982.9342254787493	10.490762438317025
9.355421566159718	2.0431810550798555	3405.4413416846824	2789.545019570286	803.8177802640254	3235.239183367936	10.998020818771066
9.271048002151522	2.024441008457414	3684.3958436417115	3068.4995215273148	806.2957132697151	3485.518715638654	11.482907538626847
9.19836640253779	2.006903454240921	3963.3503455987398	3347.454023484343	807.6460235095345	3733.7315154398093	11.948144803602629
9.130295839999176	1.9904959726032747	4242.304847555769	3626.4085254413717	808.7919280397784	3980.156883273772	12.395943944805841
9.073971608611416	1.975136508824108	4521.259349512796	3905.3630273984004	808.7405765205092	4224.371100335833	12.82812996833374
9.018413494804273	1.9607423399010373	4800.213851469825	4184.317529355429	808.9608666709828	4466.9806881381755	13.246230603682434
8.970473781074446	1.9472343858729508	5079.168353426853	4463.272031312457	808.5314437585106	4707.526123180906	13.651539177163826
8.927687020104134	1.9345391010805337	5358.122855383882	4742.226533269486	807.3691756515008	4946.115917536466	14.045162836592324
8.887238289468112	1.922589112862143	5637.077357340911	5021.181035226515	806.9122023234002	5182.960471542515	14.428056957156384
8.852498450708882	1.9113232212602411	5916.031859297938	5300.1355371835425	805.614040432552	5417.709469752425	14.801054401404443
8.819408875914139	1.9006860849880973	6194.986361254967	5579.090039140572	804.3848644621615	5650.729337207502	15.164884917142201
8.791279733902162	1.8906277634699074	6473.940863211997	5858.044541097601	802.7284319730875	5881.615105686161	15.520192704526378
8.758241397737208	1.8811032183802074	6752.895365169024	6136.9990430546295	802.0542502016172	6111.612027479153	15.867549997451475
8.733141256758922	1.872071817713328	7031.849867126054	6415.953545011657	800.4723205264279	6339.047412074974	16.20746806770203
8.709504445045344	1.863496868685218	7310.804369083083	6694.908046968686	798.2836873568048	6564.727217852953	16.540405330878187
8.686171468651041	1.855345189019975	7589.758871040111	6973.862548925715	797.339677473945	6788.852024902403	16.86677462129063
8.668157071728325	1.8475867237565307	7868.71337299714	7252.817050882743	795.6733864879631	7010.536767355276	17.18695029034748
8.64630237728081	1.8401941978780152	8147.667874954169	7531.771552839771	794.5331853739099	7231.404867176834	17.501272058867517
8.632693604049708	1.833142815676838	8426.622376911197	7810.726054796801	792.3776092565079	7449.138417894783	17.810049790068213
8.612941063215908	1.826409990763822	8705.576878868227	8089.6805567538295	791.283806676794	7666.62099881291	18.113566543447067
8.597115338806681	1.819975108656969	8984.531380825252	8368.635058710857	789.8036307924555	7881.780815841601	18.412082751113253
8.582228793004443	1.8138193175823294	9263.48588278228	8647.589560667886	788.341851116916	8095.2314741600585	18.70583771219617
8.566893532216914	1.8079253469558059	9542.440384739308	8926.544062624915	787.0919893409759	8307.327858933368	18.995052159536783
8.55387064441347	1.8022773432598822	9821.394886696338	9205.498564581943	785.6498718545139	8517.36135765667	19.279930246317956
8.541839352197012	1.79686072978479	10100.349388653367	9484.453066538972	784.207368289237	8725.644322912809	19.56066138520628
8.520335260616996	1.7866689925206534	10658.258392567424	10042.36207045303	781.3338588685084	9137.026133634012	20.11037501615194
8.509880432266883	1.781870024044308	10937.212894524453	10321.316572410058	780.0255641585278	9340.427878101113	20.379674213059708
8.500047384046868	1.7772545678538743	11216.167396481478	10600.271074367085	778.7386950055953	9542.175790351854	20.64546222907127