23.15711151798543	0.11527369875983803	114.01004217346512	1.1158180078281146	0.03994389540624031	106.74632534838855
18.404074156892282	0.17736301712562555	142.6098200346908	2.231636015656229	0.04438796907735428	138.59207199706577
15.29512447240161	0.23800266903991474	162.1712279625527	3.347454023484343	0.31272773532467	159.26887409516004
14.157100269196565	0.2938213403123433	178.2677412826759	4.463272031312458	5.608761174106471	175.6670944951941
13.60177003966147	0.3450842582682101	192.28137530726872	5.579090039140572	18.934450373370726	189.76931720363288
13.283039164097069	0.39239335796335373	204.7625550259174	6.6949080469686875	41.52356829218237	202.29760124047124
13.08467374739793	0.4363786340663582	216.03731272084232	7.8107260547968	66.7220791783001	213.57776503621943
12.952509660081988	0.477520094177181	226.40363799882715	8.926544062624917	85.23244089778593	223.9241913501946
12.858979187246778	0.5161793431072731	236.05462805487585	10.042362070453029	99.1608421032953	233.54114424198366
12.79419520740477	0.5526425513217067	245.12075026397787	11.158180078281143	108.14265357140786	242.56538764379349
12.747075052110535	0.5871524565627183	253.6601254134741	12.273998086109257	117.33521624927224	251.0712812711979
12.70285401890834	0.6199217643142246	261.7446299153136	13.389816093937371	125.85436732137191	259.1197274782994
12.672618900519787	0.6511242303504726	269.4407250829207	14.505634101765487	131.71215169343955	266.7742566061408
12.648843867230507	0.6809039751549759	276.8016631461838	15.6214521095936	137.20102257543965	274.09071136217034
12.628838704904622	0.7093829654289345	283.86850043126	16.737270117421716	142.40835007163753	281.11080315991325
12.612212631588779	0.73666602528977	290.6749600068694	17.85308812524983	147.3370057116025	287.8695159663564
12.599325653997285	0.7628445089114704	297.2458005578343	18.968906133077944	151.95051615169024	294.393835508445
12.587947878394965	0.7880010785391529	303.5928662041404	20.084724140906058	156.33064675745578	300.6991452311386
12.57895174425523	0.8122104689310761	309.7364685007587	21.200542148734172	160.47877598199446	306.7992521071303
12.567079937796347	0.835538439111683	315.6955623597761	22.31636015656229	164.5474648796537	312.71613621833546
12.55963888724586	0.8581156271151166	320.4093679631534	23.4321781643904	168.3780652698478	318.3475439862831
12.555041776824938	0.880418723516351	323.2685645078768	24.547996172218518	172.09426944016806	321.84711421405507
12.548307293765369	0.902675332717735	325.50222059791747	25.663814180046632	175.87233449826195	324.32687800944166
12.540014511179017	0.9249441039144004	327.39269247763656	26.779632187874743	179.71471444175947	326.36277794186145
12.539187079268556	0.9472370544283926	329.06649485919087	27.89545019570286	183.3828408111089	328.12926770330205
12.537807516776123	0.9695480028979924	330.58554800502344	29.011268203530975	187.09170340980324	329.71537968512035
12.536042031235162	0.9918627637526513	331.9800553012604	30.12708621135909	190.83802520759588	331.16154451960966
12.537214955742586	1.014163489561163	333.28211035158023	31.242904219187203	194.52411581884786	332.5022924100727
12.54208182874356	1.0364318835372686	334.50476314803984	32.35872222701532	198.1075516883944	333.75881998791044
12.546236906328511	1.0586465471815762	335.7016941441972	33.47454023484344	201.71069414534585	334.9495324656719
12.548380454648205	1.0807778876559662	336.9075572044853	34.590358242671556	205.36660477744516	336.1362083125803
12.560369349108583	1.1027969530075121	338.1279054072372	35.70617625049967	208.72732366254073	337.33113774649576
12.570910100160562	1.1246768579398463	339.37172669231825	36.82199425832778	212.1148696906874	338.5446193454709
12.575248403438883	1.1463921818202505	340.6483100053696	37.937812266155895	215.66818271492707	339.7840797771242
12.58024906357959	1.167919059770944	341.9643340201083	39.053630273984005	219.18342074881014	341.0555913121944
12.588995072078202	1.189234290423338	343.33570124667756	40.16944828181212	222.56206513774822	342.3730549154195
12.59651380467159	1.2103155102524132	344.77053560180616	41.28526628964023	225.9493529052436	343.7414111185546
12.606715670282332	1.2311401411793377	346.28343741183545	42.401084297468344	229.22245751711972	345.17951041699536
12.618491425392778	1.2516855474831847	347.89924001427835	43.51690230529646	232.4096923847426	346.6986626068763
12.627125092125821	1.2719282164856451	349.6323328909864	44.63272031312458	235.65393699912158	348.31597370322896
12.639085410744539	1.2918434229370075	351.5073385397808	45.74853832095269	238.74796272390967	350.0529648332013
12.648972485269502	1.3114050716226382	353.5500795891556	46.8643563287808	241.85641008674946	351.9353725247094
12.662615031477008	1.3305856678172368	355.7951089314067	47.98017433660892	244.78595911284197	353.98523396822964
12.680097946942835	1.3676933800505775	360.93174066668524	50.21181035226515	250.75357842268502	358.67720530968273
12.689915400987852	1.3855714421489411	363.821970629693	51.327628360093264	253.59004655685706	361.3391178293398
12.70188845475067	1.402976237475061	366.88379359990773	52.443446367921375	256.2753875330674	364.19351717908165
12.70821137405397	1.4199014564556303	370.06944734453117	53.559264375749486	259.06810627645405	367.2072904928622
12.719926992626915	1.4363492767855877	373.334350011673	54.6750823835776	261.60099988211937	370.3331465300074
12.725455304565157	1.452328325608718	376.6425871382167	55.79090039140572	264.2627546119191	373.53071322992787
12.733005474053614	1.4678510981574153	379.9729149428769	56.90671839923384	266.78066813070456	376.7666813600852
12.740680268582	1.4829319610627272	383.31340972069455	58.02253640706195	269.2208171584384	380.0216822410753
12.747579012925977	1.4975858584881658	386.65817755002166	59.13835441489007	271.61648870893947	383.2856901391308
12.753611719732294	1.5118276405582636	390.00468683229786	60.25417242271818	273.9732695671911	386.5532717093144
12.760291472050872	1.52567174781809	393.3518170771807	61.369990430546295	276.24167519232725	389.821244620885
12.766368932257084	1.5391320876845005	396.6991693725027	62.485808438374406	278.4676535547812	393.08922756004426
12.771059199798636	1.5522219989640467	400.0465929341582	63.60162644620253	280.68126530835804	396.35729581013305
12.775435708328555	1.5649542615092622	403.3940383752005	64.71744445403064	282.8464505361263	399.62472994257615
12.77991315916012	1.5773411120715528	406.7414901510369	65.83326246185875	284.9520236559147	402.89122725224604
12.784264595608123	1.5893942640898138	410.088943605304	66.94908046968688	287.00656797562135	406.1569029856724
12.7868864048367	1.6011249385853412	413.4363974981236	68.06489847751497	289.07088456048876	409.4227579495058
12.791466395489955	1.612543882909765	416.78385149183094	69.1807164853431	291.01292330732804	412.6865088138946
12.794153188490636	1.6236613994325915	420.13130550929964	70.29653449317121	292.9742236758411	415.95057771156604
12.79694809279351	1.6344873566511644	423.4787595315512	71.41235250099933	294.8840250472507	419.2137120872504
12.799113754202759	1.645031238068382	426.82621355481496	72.52817050882744	296.7687660045007	422.47640432874476
12.80260784002894	1.6553021136474404	430.17366757825874	73.64398851665555	298.5587995394551	425.7373319035058
12.803126003881383	1.6653087056133817	433.5211216017367	74.75980652448366	300.41409358181505	428.9994589018399
12.807400316831416	1.6750593827529165	436.86857562522	75.87562453231178	302.08724152161005	432.2580940238984
12.806359876736662	1.684562182396335	440.21602964870425	76.9914425401399	303.91642841242833	435.51968779231646
12.804946021177884	1.6938248235117266	443.56348367218857	78.10726054796801	305.720187269	438.7807911852625
12.805695560918252	1.7028547296621488	446.91093769567294	79.22307855579612	307.4041887606886	442.0395051970458
12.807284282050214	1.7116590267411458	450.2583917191573	80.33889656362425	309.0186597533909	445.2967589833164
12.807883828103071	1.7202445788464344	453.60584574264163	81.45471457145236	310.6338512340669	448.55394813384976
12.807901315669174	1.728617983074238	456.9532997661259	82.57053257928047	312.2357703763157	451.8107895814738
12.806220846730747	1.7367855888651171	460.30075378961027	83.68635058710858	313.86847191227713	455.0682124389936
12.807005791158508	1.7447535076291238	463.6482078130947	84.80216859493669	315.3736412873967	458.32285543358785
12.806199561259485	1.7525276242120507	466.99566183657896	85.9179866027648	316.90774696320807	461.5780172791896
12.80530770847981	1.7601136070939745	470.3431158600633	87.03380461059292	318.2971947379629	464.83248178956865
12.80456081682127	1.7675169174928573	473.6905698835476	88.14962261842105	319.39663329291596	468.0860530480025
12.803292979890456	1.7747428188568606	477.038023907032	89.26544062624916	320.32469107549	471.33931296610984
12.801548367156402	1.7817963856139039	480.38547793051623	90.38125863407727	321.15294181323287	474.5922454055344
12.800423237180475	1.788682510152087	483.7329319540006	91.4970766419054	321.8842902967547	477.84387229084956
12.79611251358753	1.7954059149528574	487.080385977485	92.6128946497335	322.60409847719905	481.0976940939137
12.796302785298442	1.8019711506174356	490.4278400009694	93.72871265756162	323.1883398218962	484.34661409884365
12.793460116890833	1.8083826241156136	493.77529402445373	94.84453066538973	323.78954516641204	487.59764074717907
12.792147505449927	1.814644553349257	497.12274804793805	95.96034867321784	324.3243308143341	490.84647580252664
12.78942334654896	1.8207610604080695	500.4702020714225	97.07616668104595	324.8466647783241	494.0959556932142
12.786324944281908	1.8267360968635606	503.81765609490685	98.19198468887407	325.355286640228	497.34510586140686
12.785217383096207	1.8325734849933648	507.1651101183912	99.30780269670218	325.7959412092104	500.59153540512335
12.781722629776745	1.838276922002795	510.51256414187554	100.4236207045303	326.2605038621994	503.8396809882561
12.778788955062035	1.8438499795908612	513.86001816536	101.5394387123584	326.6868718871979	507.0865597528884
12.776154602888496	1.8492961135616879	517.2074721888442	102.65525672018651	327.10006120113337	510.3324254675893
12.77287209283462	1.8546186625527912	520.5549262123286	103.77107472801464	327.4952445789961	513.5782902466098
12.770153475860386	1.8598208617053231	523.9023802358131	104.88689273584275	327.87765534789776	516.822855474885
12.766232456220788	1.8649058350366292	527.2498342592974	106.00271074367086	328.2508819208979	520.068020417486
12.763092335967293	1.8698766099809705	530.5972882827818	107.118528751499	328.6077932387295	523.3116939953361
12.75835536318109	1.8747361167211274	533.9447423062662	108.23434675932711	328.96937275072696	526.5565180689161
12.7596831113237	1.8794871912134017	537.2921963297505	109.35016476715522	329.24371069357517	529.7936596105694
12.75244993434081	1.884132581334227	540.6396503532347	110.46598277498333	329.6192006492381	533.0400770697051
12.748715201221774	1.8886749480497385	543.9871043767191	111.58180078281144	329.93141543030526	536.2817670937275